TARA_7	TARA_9	TARA_22	TARA_80
901154_1	0	0	0	1
901154_2	0	0	0	1
795902	0	0	0	1
640548	1	1	1	0
6293779	0	0	0	1
5780376_1	0	0	0	1
5780376_2	0	0	0	1
5743540_1	0	0	0	1
5743540_2	0	0	0	1
5508339	1	1	1	0
5320496	0	0	0	1
5162856	1	1	1	0
4895901	1	1	1	0
4734348	1	1	1	0
43780	0	0	0	1
4343959_1	0	0	0	1
4343959_2	0	0	0	1
425513	0	0	0	1
3669190	1	1	1	0
3438512	1	1	1	0
3183077	1	1	1	0
249779	1	1	1	0
2014300	0	0	0	1
1966682	0	0	0	1
1956814	0	0	0	1
195518	1	1	1	0
1711827	1	1	1	0
1282377	1	1	1	0
5868253	0	0	0	1
1179770	0	0	0	1
4050831	0.0625	0	0	1
2286636	0.941176470588235	1	1	0
6312721	0.952380952380952	1	1	0
631925	0.944444444444444	1	1	0
49250_1	0	0	0	1
49250_2	0	0	0	1
5730395_1	1	0.947368421052632	1	0
5730395_2	1	0.947368421052632	1	0
791477	1	1	0.958333333333333	0
268339	1	1	0.956521739130435	0
280886	0	0	0.0666666666666667	1
5963857	0	0	0	0.962962962962963
636930	0	0.05	0	1
2058675_1	1	1	1	0.04
2058675_2	1	1	1	0.04
5690292	1	1	1	0.0434782608695652
2777351_1	0.0625	0	0	1
2777351_2	0.0625	0	0	1
582859	1	1	1	0
3767189	1	1	1	0
2183162	0	0	0.0555555555555556	1
1120015	0.0833333333333333	0	0	1
3319166_1	1	1	1	0.0357142857142857
3319166_2	1	1	1	0.0357142857142857
5009151_1	1	1	1	0.0384615384615385
5009151_2	1	1	1	0.0384615384615385
422145	1	1	0.96	0
1958385_1	0	0	0	0.961538461538462
1958385_2	0	0	0	0.961538461538462
5900124	0	0	0.0555555555555556	1
5293223	0	0	0	0.96
5785199	0	0	0	0.961538461538462
462445	0	0	0	0.96
45062	1	1	1	0.0434782608695652
5089680_1	0.0625	0	0	1
5089680_2	0.0625	0	0	1
2252473	0	0	0	0.952380952380952
5677802	0	0.0833333333333333	0	1
5234682_1	0.0588235294117647	0	0	1
5234682_2	0.0588235294117647	0	0	1
6086805	0.0625	0	0	1
4203560	1	1	1	0
116075	0.944444444444444	1	1	0
396507	0	0	0.0625	1
2139678	0.928571428571429	1	1	0
6128186	0.0666666666666667	0	0	1
5703162	1	1	1	0.0526315789473684
5369398	0.05	0	0	1
2014911	1	1	1	0
22720	0.0769230769230769	0	0	1
3904830	0.944444444444444	1	1	0
1292527	1	1	0.9375	0
95509_1	0	0	0	1
95509_2	0	0	0	1
1003876	0	0	0	1
2812739	0.153846153846154	0	0	1
530798	0	0	0.111111111111111	1
2349346	1	0.9	0.966666666666667	0
2359298_1	0	0	0.142857142857143	1
2359298_2	0	0	0.142857142857143	1
6457947	0	0	0	0.96
2531785	0.111111111111111	0	0	1
4160522	0.944444444444444	1	0.958333333333333	0
6038664	1	1	0.888888888888889	0
4977671	1	1	0.952380952380952	0
2401643_1	1	1	1	0.0384615384615385
2401643_2	1	1	1	0.0384615384615385
5370857	0.944444444444444	0.9375	1	0
896763	0.153846153846154	0	0	1
5647282	0.0625	0	0	1
1550924	0.0588235294117647	0	0	1
6097775	0.846153846153846	1	1	0
1551343	0	0	0.03125	0.966666666666667
610335	0.0434782608695652	0	0	1
2769705	0.947368421052632	0.941176470588235	1	0
3676477	0.105263157894737	0	0	1
146424	0.0588235294117647	0	0.0555555555555556	1
549292_1	0	0	0.0384615384615385	1
549292_2	0	0	0.0384615384615385	1
5582062_1	1	1	1	0.0714285714285714
5582062_2	1	1	1	0.0714285714285714
2902333	0.0526315789473684	0	0	1
1273015_1	1	1	1	0.0666666666666667
1273015_2	1	1	1	0.0666666666666667
4195952	0.888888888888889	1	1	0
2139218	0	0	0.0454545454545455	1
1335345	0	0	0.133333333333333	1
747120_1	0	0	0	1
747120_2	0	0	0	1
747120_3	0	0	0	1
5162219	0.0434782608695652	0	0	1
1107167	1	1	1	0.0769230769230769
1898907	1	1	1	0.0869565217391304
5169139_1	0	0	0	0.931034482758621
5169139_2	0	0	0	0.931034482758621
263772	0	0	0	0.91304347826087
1474928	0.9375	1	1	0.0476190476190476
125783	0	0	0	0.909090909090909
1152606	0.91304347826087	1	1	0
5979345	0.0588235294117647	0	0	0.954545454545455
4344450	0	0	0.117647058823529	1
6615836_1	1	1	0.888888888888889	0
6615836_2	1	1	0.888888888888889	0
6615836_3	1	1	0.888888888888889	0
193412_1	1	1	1	0.0625
193412_2	1	1	1	0.0625
2401177	0	0	0	0.909090909090909
5793686	1	1	1	0.0588235294117647
1811318_1	0	0	0	0.91304347826087
1811318_2	0	0	0	0.91304347826087
2098169_1	1	1	0.85	0
2098169_2	1	1	0.85	0
2098169_3	1	1	0.85	0
5503877_1	0	0	0.12	1
5503877_2	0	0	0.12	1
5503877_3	0	0	0.12	1
2564806_1	1	1	1	0.08
2564806_2	1	1	1	0.08
779496_1	0.0588235294117647	0.0909090909090909	0	1
779496_2	0.0588235294117647	0.0909090909090909	0	1
3681346	0	0	0.09375	1
3644383_1	0.0434782608695652	0	0	0.958333333333333
3644383_2	0.0434782608695652	0	0	0.958333333333333
654500	0.923076923076923	1	1	0.0434782608695652
1430334_1	0	0	0.1875	1
1430334_2	0	0	0.1875	1
4812866	1	1	1	0.0384615384615385
4801598	0.05	0	0	0.947368421052632
31292	0.9375	1	0.947368421052632	0
5738757	0	0.0555555555555556	0.0588235294117647	0.962962962962963
6118459	0.105263157894737	0	0	1
5855516	0.0454545454545455	0	0	0.958333333333333
5042768_1	1	0.9375	0.875	0
5042768_2	1	0.9375	0.875	0
2683652	0.2	0	0	1
201003	1	1	1	0.0869565217391304
1123490	0.0714285714285714	0	0	0.925925925925926
2088697	0	0.117647058823529	0.0588235294117647	1
2481671	0	0	0.0909090909090909	0.96875
2325609	1	1	1	0.107142857142857
1010102_1	0.0625	0	0	1
1010102_2	0.0625	0	0	1
5109249_1	1	1	0.925925925925926	0.04
5109249_2	1	1	0.925925925925926	0.04
2024980_1	1	1	1	0.09375
2024980_2	1	1	1	0.09375
2024980_3	1	1	1	0.09375
26189	1	1	0.952380952380952	0.0714285714285714
4516309	0.882352941176471	1	0.9375	0
3129041	0.85	1	0.962962962962963	0
2087512	1	1	1	0.111111111111111
1440312	1	1	0.8	0
6196251	0.894736842105263	1	1	0.0689655172413793
4108539	1	0.933333333333333	0.857142857142857	0
1541058_1	1	1	0.823529411764706	0
1541058_2	1	1	0.823529411764706	0
4047526	0	0	0	0.928571428571429
3167435_1	0	0	0	0.903225806451613
3167435_2	0	0	0	0.903225806451613
3517729	1	0.857142857142857	0.0666666666666667	0
5021068	1	1	1	0.107142857142857
839528	0.0625	0	0	0.925925925925926
1639032	1	1	0.0909090909090909	1
2900694_1	0.0588235294117647	0	0	0.956521739130435
2900694_2	0.0588235294117647	0	0	0.956521739130435
1820252	0.857142857142857	1	0.0476190476190476	0
2098830	0.0666666666666667	0	0	0.925925925925926
101463	0.0588235294117647	0	0	0.928571428571429
4519043_1	0	0	0	0.947368421052632
4519043_2	0	0	0	0.947368421052632
4519043_3	0	0	0	0.947368421052632
4506531	0	0	0	0.884615384615385
541297	1	1	1	0.105263157894737
3547524	0.0526315789473684	0	0	0.92
2027840	0	0	0	0.888888888888889
228117	0	0	0.818181818181818	1
2931227	1	1	0.894736842105263	0.0526315789473684
3178826	1	1	0.884615384615385	0
5125754	0.923076923076923	1	0.931034482758621	0
1117648	0	0	0	0.8125
5317956	0.9	1	0.941176470588235	0
3556225	0	0	0.263157894736842	1
2809039_1	0	0	0.0769230769230769	1
2809039_2	0	0	0.0769230769230769	1
2809039_3	0	0	0.0769230769230769	1
2419613_1	0.91304347826087	1	1	0.0454545454545455
2419613_2	0.91304347826087	1	1	0.0454545454545455
5219348	0	0	0.0740740740740741	0.941176470588235
3680637	0	0	0.0357142857142857	0.95
6169490	1	1	0.210526315789474	0
5611	0.941176470588235	1	1	0.0740740740740741
4573530_1	1	0.923076923076923	0.107142857142857	0
4573530_2	1	0.923076923076923	0.107142857142857	0
4903673	0.272727272727273	0	0.0434782608695652	1
3249229	0	0	0.777777777777778	1
5527889_1	0.0526315789473684	0	0.0740740740740741	0.958333333333333
5527889_2	0.0526315789473684	0	0.0740740740740741	0.958333333333333
2830812	0	0	0	0.896551724137931
300606_1	0	0	0.0909090909090909	0.956521739130435
300606_2	0	0	0.0909090909090909	0.956521739130435
300606_3	0	0	0.0909090909090909	0.956521739130435
757463	0	0	0.181818181818182	1
6510928	0.214285714285714	0	0.0869565217391304	1
1039851_1	0.952380952380952	1	0.947368421052632	0.0714285714285714
1039851_2	0.952380952380952	1	0.947368421052632	0.0714285714285714
379139	1	1	0.875	0
6494558	0	0	0.277777777777778	1
632750	0	0	0	0.863636363636364
3279311	0.95	1	0.875	0
4026355	0	0	0	0.923076923076923
2253503	0	0	0	0.896551724137931
3331002	0.25	0	0.0769230769230769	1
1034097	0	0	0	0.863636363636364
5747968	0	0	0	0.888888888888889
1807003_1	0	0	0	0.944444444444444
1807003_2	0	0	0	0.944444444444444
2382139	1	1	1	0.130434782608696
3456900_1	0	0	0.0909090909090909	0.933333333333333
3456900_2	0	0	0.0909090909090909	0.933333333333333
3855611	1	1	1	0.15
2856866	0.0714285714285714	0	0.19047619047619	1
2309861	1	1	1	0.115384615384615
5146536	0.142857142857143	0	0.142857142857143	1
691192	0.882352941176471	1	1	0.0555555555555556
6605420_1	0	0	0	0.863636363636364
6605420_2	0	0	0	0.863636363636364
6056093_1	1	0.833333333333333	1	0.0526315789473684
6056093_2	1	0.833333333333333	1	0.0526315789473684
3131149	0	0.0666666666666667	0.15	1
4937821	0.0769230769230769	0.0833333333333333	0.0526315789473684	1
1139294_1	1	1	0.807692307692308	0
1139294_2	1	1	0.807692307692308	0
50692	1	1	1	0.142857142857143
2372754	0.75	1	1	0.0689655172413793
3542939	0	0	0	0.88
2633173	0.0666666666666667	0	0.0526315789473684	0.9
5830373	1	1	1	0.115384615384615
472490	1	1	1	0.2
1999543	0.923076923076923	1	1	0.136363636363636
5475379	0.933333333333333	1	1	0.12
5276753	0.9	1	0.103448275862069	0
5801745_1	0.857142857142857	1	0.9	0
5801745_2	0.857142857142857	1	0.9	0
4967156	1	1	0.705882352941177	0
5214501	0.80952380952381	1	1	0
5004649	1	1	1	0.12
6488193	0	0	0.260869565217391	1
4460586_1	0	0	0	0.826086956521739
4460586_2	0	0	0	0.826086956521739
265213	0.8	1	1	0
150082	1	0.933333333333333	0.96551724137931	0.08
1013872	0.9	1	1	0.107142857142857
4505232_1	0.166666666666667	0	0.0952380952380952	1
4505232_2	0.166666666666667	0	0.0952380952380952	1
225052	0.0434782608695652	0	0.222222222222222	1
324515_1	0	0	0.222222222222222	1
324515_2	0	0	0.222222222222222	1
3570872	1	1	0.4375	0
2638838	0	0	0.611111111111111	1
2259324	0	0	0.210526315789474	1
1972102	0	0	0.315789473684211	1
4971868	1	1	0.75	0
1749762_1	1	1	0.291666666666667	0
1749762_2	1	1	0.291666666666667	0
1749762_3	1	1	0.291666666666667	0
5100624_1	0.0476190476190476	0	0.16	1
5100624_2	0.0476190476190476	0	0.16	1
4445355	0.05	0	0.352941176470588	1
5765485	0	0	0.333333333333333	1
6067856	0.894736842105263	1	0.894736842105263	0.0416666666666667
213745	0.933333333333333	1	1	0.115384615384615
1836738_1	0.826086956521739	1	1	0.04
1836738_2	0.826086956521739	1	1	0.04
6382185	1	0.928571428571429	0	0.947368421052632
5097903	0.944444444444444	1	1	0.142857142857143
1155340	0	0	0	0.8125
3560273	1	0.833333333333333	0.80952380952381	0
5836575	0.933333333333333	1	1	0.125
2600546	0	0	0	0.827586206896552
974077_1	1	1	0.736842105263158	0
974077_2	1	1	0.736842105263158	0
2520943	0	0	0	0.826086956521739
3170880_1	1	1	1	0.178571428571429
3170880_2	1	1	1	0.178571428571429
1914012	0.0952380952380952	0	0	0.941176470588235
4977420_1	0	0	0	0.80952380952381
4977420_2	0	0	0	0.80952380952381
501377	0.944444444444444	1	1	0.136363636363636
955386	0	0	0	0.80952380952381
3627511_1	0.8	1	0.882352941176471	0
3627511_2	0.8	1	0.882352941176471	0
34249	1	0.882352941176471	0.142857142857143	0
4419149	0	0	0.695652173913043	1
1819214	1	1	0.333333333333333	0
3207955_1	0	0	0	0.857142857142857
3207955_2	0	0	0	0.857142857142857
6232304	0.0714285714285714	0	0.0555555555555556	0.928571428571429
71215	1	1	1	0.166666666666667
6427383	1	1	0.576923076923077	0
2678703	0.875	1	0.8	0
4934767	0.941176470588235	0.9	1	0.115384615384615
1837387	0	0	0.611111111111111	1
1728173_1	0.0555555555555556	0	0	0.857142857142857
1728173_2	0.0555555555555556	0	0	0.857142857142857
1728173_3	0.0555555555555556	0	0	0.857142857142857
653214	0	0	0.0909090909090909	0.947368421052632
1170319	0	0.0625	0.222222222222222	1
5006018_1	0.954545454545455	1	0.611111111111111	0
5006018_2	0.954545454545455	1	0.611111111111111	0
1548981	0.909090909090909	1	0.761904761904762	0
3217433	1	1	0.578947368421053	0
5873496	0.05	0	0	0.884615384615385
2522862	0.133333333333333	0	0	0.909090909090909
4518244	0.826086956521739	1	0.933333333333333	0
5797020	0.823529411764706	1	0.909090909090909	0.04
4246733	0.0526315789473684	0	0	0.85
2630747	1	1	0.888888888888889	0.16
4928080_1	0.869565217391304	1	0.884615384615385	0
4928080_2	0.869565217391304	1	0.884615384615385	0
5462144	0.952380952380952	1	0.727272727272727	0
2985533_1	1	1	1	0.192307692307692
2985533_2	1	1	1	0.192307692307692
673958	0	0	0	0.80952380952381
5502453	0.111111111111111	0	0	0.851851851851852
2003983	1	1	1	0.172413793103448
204308_1	0.944444444444444	1	0.833333333333333	0.0344827586206897
204308_2	0.944444444444444	1	0.833333333333333	0.0344827586206897
2908994_1	0	0.0555555555555556	0.214285714285714	1
2908994_2	0	0.0555555555555556	0.214285714285714	1
960551	0.0454545454545455	0.0909090909090909	0.777777777777778	1
1340711	0	0	0	0.857142857142857
544006	0	0	0	0.8
793579	0.15	0	0	0.9
2284335	1	1	1	0.148148148148148
6345469	1	1	0.875	0.0555555555555556
4155626_1	0	0	0.409090909090909	1
4155626_2	0	0	0.409090909090909	1
1445416_1	1	1	0.931034482758621	0.105263157894737
1445416_2	1	1	0.931034482758621	0.105263157894737
2813139	0	0	0.454545454545455	1
5954303	1	1	0.16	1
2585180	0	0	0.125	0.9
4286023	0	0	0.230769230769231	1
100113_1	0	0	0.142857142857143	0.91304347826087
100113_2	0	0	0.142857142857143	0.91304347826087
3316587	1	1	1	0.173913043478261
4991015	0.0714285714285714	0	0	0.857142857142857
4206565	1	0.941176470588235	0.72	0
898088	0.0952380952380952	0	0.294117647058824	1
144013	1	0.916666666666667	0.571428571428571	0
6066890	0	0	0.636363636363636	1
4352949	0.0526315789473684	0	0	0.863636363636364
4444721	0.9	1	1	0.111111111111111
1881310_1	1	0.909090909090909	0.571428571428571	0
1881310_2	1	0.909090909090909	0.571428571428571	0
2550697	1	1	0.631578947368421	0
908298_1	0.0526315789473684	0	0.0384615384615385	0.875
908298_2	0.0526315789473684	0	0.0384615384615385	0.875
908298_3	0.0526315789473684	0	0.0384615384615385	0.875
720729	0.0833333333333333	0	0.409090909090909	1
294522_1	1	0.857142857142857	0.65	0
294522_2	1	0.857142857142857	0.65	0
4224901	1	1	1	0.222222222222222
3531884	1	1	0.727272727272727	0
5896726	0.785714285714286	0.941176470588235	0.875	0
5588365	1	0.944444444444444	0.695652173913043	0
6089547	0.0625	0	0	0.80952380952381
4923242	0	0	0.0333333333333333	0.818181818181818
2820350_1	0.142857142857143	0	0.125	1
2820350_2	0.142857142857143	0	0.125	1
5424586	1	1	1	0.178571428571429
4514914	0.0588235294117647	0	0.777777777777778	1
338063	1	1	1	0.2
2021075_1	0.0555555555555556	0	0	0.818181818181818
2021075_2	0.0555555555555556	0	0	0.818181818181818
27430	0	0	0.5	1
4170262	1	1	1	0.21875
2496710	1	1	1	0.210526315789474
772944	1	0.95	0.538461538461538	0
2635303	0.173913043478261	0.0909090909090909	0.0526315789473684	1
4235674	0.0666666666666667	0.0769230769230769	0.137931034482759	1
1085153_1	0.866666666666667	1	0.863636363636364	0
1085153_2	0.866666666666667	1	0.863636363636364	0
6493957	0.882352941176471	1	1	0.136363636363636
1620205	0.904761904761905	1	1	0.12
5699618	0.0666666666666667	0	0.4	1
6266551	0.91304347826087	0.941176470588235	1	0.0434782608695652
2712144	0.142857142857143	0	0.05	0.909090909090909
1549007	0	0	0	0.777777777777778
1134760	0.0625	0	0	0.827586206896552
2470658	0	0	0.555555555555556	1
2006326_1	1	1	1	0.235294117647059
2006326_2	1	1	1	0.235294117647059
129748	0.789473684210526	1	1	0.0689655172413793
259450	0.0769230769230769	0	0.5	1
177355	0.916666666666667	1	0.75	0
6562094	0.0769230769230769	0	0.12	0.90625
821474	0.125	0	0	0.84
5718093	0	0	0	0.75
5321068	1	1	0.961538461538462	0.130434782608696
310603	0	0	0	0.818181818181818
194260	0	0.1	0.0357142857142857	0.884615384615385
557938	1	1	0.9375	0.1875
5585939	1	1	1	0.230769230769231
2359126	1	1	1	0.166666666666667
4508469_1	0	0	0	0.827586206896552
4508469_2	0	0	0	0.827586206896552
2236134	1	1	0.652173913043478	0
407820	0.933333333333333	0.933333333333333	0.91304347826087	0.04
1559774	0.956521739130435	1	0.44	0
4455726	0	0.25	0.823529411764706	1
4456754	0.05	0.105263157894737	0	0.863636363636364
940656	0	0	0	0.8
884035	1	1	1	0.233333333333333
4194311	1	1	1	0.260869565217391
2240127_1	1	1	0.521739130434783	0
2240127_2	1	1	0.521739130434783	0
378859	1	1	1	0.19047619047619
1046642	0	0.125	0	0.8
2232172	1	1	0.80952380952381	0.1
1899203	0.142857142857143	0	0.16	1
1783614	0	0	0.208333333333333	0.952380952380952
2952153	0.9375	1	0.137931034482759	0.961538461538462
1579647_1	0.0952380952380952	0	0	0.896551724137931
1579647_2	0.0952380952380952	0	0	0.896551724137931
5365312_1	1	1	0.933333333333333	0.1875
5365312_2	1	1	0.933333333333333	0.1875
1526304	1	1	1	0.230769230769231
1588425_1	0.0869565217391304	0	0.652173913043478	1
1588425_2	0.0869565217391304	0	0.652173913043478	1
5302883	0.944444444444444	1	1	0.208333333333333
2669623	1	1	0.928571428571429	0.166666666666667
2483091_1	0.0714285714285714	0	0.142857142857143	0.954545454545455
2483091_2	0.0714285714285714	0	0.142857142857143	0.954545454545455
1964767	1	1	0.263157894736842	0.0666666666666667
667736_1	0.05	0.0625	0.68	1
667736_2	0.05	0.0625	0.68	1
2705211	0.0833333333333333	0.0625	0	0.857142857142857
2475089_1	0	0.0666666666666667	0	0.785714285714286
2475089_2	0	0.0666666666666667	0	0.785714285714286
1500664	0.785714285714286	0.923076923076923	0.0526315789473684	0
5514324_1	0	0.0769230769230769	0.318181818181818	1
5514324_2	0	0.0769230769230769	0.318181818181818	1
1001605	0.117647058823529	0	0.6	1
668502_1	0.947368421052632	0.894736842105263	0.35	0
668502_2	0.947368421052632	0.894736842105263	0.35	0
3931551	0.85	0.923076923076923	0.866666666666667	0
5236789	1	1	1	0.217391304347826
312025	0	0.0666666666666667	0.571428571428571	1
443059	0.117647058823529	0	0.210526315789474	1
5670044_1	1	1	0.230769230769231	1
5670044_2	1	1	0.230769230769231	1
1237755	1	1	1	0.19047619047619
5067968	0.0952380952380952	0	0	0.84
1276727	0.952380952380952	0.9375	0.380952380952381	0
2356127	0.111111111111111	0.0909090909090909	0.294117647058824	1
262856	0	0.214285714285714	0.521739130434783	1
3633534	0.0666666666666667	0	0.708333333333333	1
370299	0.0769230769230769	0.1875	0.941176470588235	0
62329	0.952380952380952	0.846153846153846	0.85	0.0476190476190476
349733	0.909090909090909	1	1	0.181818181818182
1359119	0.153846153846154	0	0.307692307692308	1
5788809	0	0.181818181818182	0.375	1
5108245	0	0	0	0.730769230769231
5141112	1	1	0.571428571428571	0
3133791	1	1	0.533333333333333	0
4893802	0.0666666666666667	0	0	0.806451612903226
6181425	0.933333333333333	0.9375	0.35	0
2692219	0.0625	0	0.0967741935483871	0.896551724137931
1966985	0.9	1	0.333333333333333	0
3615911	0.0666666666666667	0	0.210526315789474	0.961538461538462
2374774	0.95	0.928571428571429	0.5	0
758742_1	1	1	1	0.241379310344828
758742_2	1	1	1	0.241379310344828
758742_3	1	1	1	0.241379310344828
5036545	0.176470588235294	0	0.736842105263158	1
1139593	1	0.818181818181818	0.578947368421053	0
790617_1	0.941176470588235	1	0.72	0
790617_2	0.941176470588235	1	0.72	0
14580	0	0	0	0.730769230769231
742807	1	0.923076923076923	0.882352941176471	0.133333333333333
5688236	0.0666666666666667	0.0833333333333333	0.888888888888889	1
562585	0.0769230769230769	0.0714285714285714	0.882352941176471	1
3243603	0.923076923076923	0.933333333333333	0.117647058823529	1
3984185	0	0	0.111111111111111	0.851851851851852
5402097	0.904761904761905	1	0.423076923076923	0
1487120	0	0	0	0.666666666666667
5625663	0	0.230769230769231	0.727272727272727	1
1699997	0.0714285714285714	0	0	0.764705882352941
4968581	1	0.75	0.130434782608696	1
1119684	0.133333333333333	0.111111111111111	0.777777777777778	1
1199024	0.0476190476190476	0.0769230769230769	0.260869565217391	1
630066	0.368421052631579	0	0.176470588235294	1
2037049	1	1	1	0.259259259259259
309479	0.857142857142857	1	0.8	0
2192852	0.0833333333333333	0	0	0.789473684210526
4211419	0.0666666666666667	0	0.666666666666667	1
5363316	1	0.785714285714286	0.357142857142857	0
214709	0	0.176470588235294	0.192307692307692	1
2848640_1	0.95	1	0.733333333333333	0
2848640_2	0.95	1	0.733333333333333	0
3131084_1	0.0666666666666667	0.0625	0.64	1
3131084_2	0.0666666666666667	0.0625	0.64	1
3646288	0.1875	0	0.217391304347826	1
3565890_1	0.928571428571429	1	0.869565217391304	0.107142857142857
3565890_2	0.928571428571429	1	0.869565217391304	0.107142857142857
3725986	1	1	1	0.333333333333333
914723	0.0555555555555556	0	0.241379310344828	1
5060990	0	0	0.655172413793103	1
1474482	0.923076923076923	1	1	0.269230769230769
3294510_1	0.157894736842105	0	0.52	1
3294510_2	0.157894736842105	0	0.52	1
5577391	1	1	0.875	0.217391304347826
615075	0.1	0	0.37037037037037	1
202933	0.904761904761905	1	1	0.185185185185185
89291	0.888888888888889	1	0.954545454545455	0.12
5336510	1	1	0.565217391304348	0
2151955	0	0	0	0.727272727272727
1489682_1	0.888888888888889	0.894736842105263	0.619047619047619	0
1489682_2	0.888888888888889	0.894736842105263	0.619047619047619	0
2327445	0.0833333333333333	0	0.214285714285714	1
3605944_1	1	1	1	0.24
3605944_2	1	1	1	0.24
1762037	0	0.2	0.769230769230769	1
2058315	0.9375	0.833333333333333	0.2	0
4184971	0.0769230769230769	0	0.52	1
4924126	0	0	0	0.703703703703704
39700	1	1	0.454545454545455	1
2195940	0.933333333333333	1	1	0.233333333333333
263112	0	0.142857142857143	0.210526315789474	1
1521010	0.0476190476190476	0	0	0.766666666666667
535203_1	0.923076923076923	1	0.35	0
535203_2	0.923076923076923	1	0.35	0
1799131_1	0.15	0	0.727272727272727	1
1799131_2	0.15	0	0.727272727272727	1
1026197	0.739130434782609	1	0.7	0
5935140	1	1	1	0.233333333333333
3336622	0	0	0.0666666666666667	0.758620689655172
4989913	0.952380952380952	1	1	0.238095238095238
6141368	0.8	0.941176470588235	0.45	0
4552439	1	1	0.421052631578947	0.0588235294117647
4671679	0	0	0.5	1
5128534	0.954545454545455	0.928571428571429	0.615384615384615	0
3944586	0.952380952380952	0.933333333333333	0.36	0.0416666666666667
5914362	0.266666666666667	0.363636363636364	1	1
1451677_1	1	1	1	0.28125
1451677_2	1	1	1	0.28125
5149428	0.909090909090909	0.909090909090909	0.352941176470588	0
1049153	1	1	1	0.4
123305_1	0	0	0.0967741935483871	0.806451612903226
123305_2	0	0	0.0967741935483871	0.806451612903226
123305_3	0	0	0.0967741935483871	0.806451612903226
1243917_1	0.0714285714285714	0	0.5	1
1243917_2	0.0714285714285714	0	0.5	1
4939032	0.0434782608695652	0	0.2	0.92
2557395	0.25	0.142857142857143	0.217391304347826	1
4228343	0.181818181818182	0.0769230769230769	0.470588235294118	1
4247758	1	1	1	0.368421052631579
2182434	0.866666666666667	0.944444444444444	0.4375	0.0714285714285714
3238410_1	1	0.8	0.78125	0
3238410_2	1	0.8	0.78125	0
5094088	0.933333333333333	1	0.5	0
5282114	0.0555555555555556	0.2	0.714285714285714	1
1507368	0	0	0.15	0.772727272727273
817759	0	0.214285714285714	0.578947368421053	1
419584	0	0	0	0.72
783706	0.894736842105263	1	0.210526315789474	1
2030223_1	1	0.947368421052632	0.608695652173913	0.0769230769230769
2030223_2	1	0.947368421052632	0.608695652173913	0.0769230769230769
260383	0.142857142857143	0	0.217391304347826	0.964285714285714
1665828	1	1	1	0.421052631578947
2559633	0.125	0.0625	0.703703703703704	1
3291328	0.0666666666666667	0.0714285714285714	0.5	1
3332690	0.842105263157895	0.928571428571429	0.409090909090909	0
5692175	0	0	0.133333333333333	0.761904761904762
3141341	0.9	1	0.37037037037037	0
6594579	0.85	0.909090909090909	0.727272727272727	0
4559370	0.0625	0	0.580645161290323	1
5676504	0.176470588235294	0.0833333333333333	0.736842105263158	1
3131695	0.923076923076923	1	0.5	0
5731811	0.8	1	0.272727272727273	0
1243782_1	1	0.933333333333333	0.56	0
1243782_2	1	0.933333333333333	0.56	0
5190810	0	0	0	0.681818181818182
3144288	0.0769230769230769	0.0909090909090909	0.352941176470588	1
4210204	0	0.222222222222222	0.62962962962963	1
4770653_1	0.952380952380952	1	0.36	0
4770653_2	0.952380952380952	1	0.36	0
5015834	0.0625	0.1	0.565217391304348	1
1474762	0.0625	0.0625	0.608695652173913	1
390477	1	1	1	0.3
4347451	0.1	0	0.571428571428571	1
4835918	0.142857142857143	0	0.636363636363636	1
914666	1	1	1	0.3
1339319	1	0.846153846153846	0.296296296296296	0
3697123_1	1	0.888888888888889	0.5	0
3697123_2	1	0.888888888888889	0.5	0
5445823	0.105263157894737	0.0555555555555556	0.709677419354839	1
4980266	0.111111111111111	0	0	0.769230769230769
1274240_1	1	1	1	0.4
1274240_2	1	1	1	0.4
1963940	0.9375	1	0.5	0
2005551	0	0	0	0.625
2018240	1	0.916666666666667	0.25	1
1297486	1	0.875	0.615384615384615	0
3467699	0.285714285714286	0	0.434782608695652	1
500630	0.944444444444444	1	1	0.344827586206897
1135735_1	0.954545454545455	0.928571428571429	0.413793103448276	0
1135735_2	0.954545454545455	0.928571428571429	0.413793103448276	0
107753	0.0625	0.210526315789474	0.333333333333333	1
5348412_1	0.904761904761905	1	0.666666666666667	0.0833333333333333
5348412_2	0.904761904761905	1	0.666666666666667	0.0833333333333333
1570278_1	0	0	0	0.608695652173913
1570278_2	0	0	0	0.608695652173913
5521763	0.0666666666666667	0.0714285714285714	0.652173913043478	1
2683545	0.947368421052632	1	1	0.25
5256921	0	0.0769230769230769	0.4	1
466593	0.944444444444444	0.928571428571429	0.62962962962963	0
6329725	0	0	0	0.647058823529412
1436860	1	1	0.318181818181818	1
179297	0.833333333333333	1	0.392857142857143	0
5299096	1	0.866666666666667	0.461538461538462	0
885946	0.789473684210526	1	0.230769230769231	0
5926892	0.142857142857143	0.0909090909090909	0.315789473684211	1
5101012	0.9	1	0.529411764705882	0.0952380952380952
6603740	1	0.866666666666667	0.571428571428571	0
2773460	0.842105263157895	1	0.608695652173913	0
229979	0	0.181818181818182	0	0.772727272727273
2595695	0.846153846153846	1	0.727272727272727	0.0454545454545455
4956394	0.9	0.923076923076923	0.727272727272727	0
1706219	0.894736842105263	1	0.448275862068966	0.0384615384615385
488860	0.0454545454545455	0.0625	0.566666666666667	1
5255504	0	0	0.722222222222222	0
5123934_1	0.9375	0.85	0.428571428571429	0
5123934_2	0.9375	0.85	0.428571428571429	0
5123934_3	0.9375	0.85	0.428571428571429	0
6030314	0.923076923076923	0.928571428571429	0.583333333333333	0
3978892_1	0.0434782608695652	0.2	0.619047619047619	1
3978892_2	0.0434782608695652	0.2	0.619047619047619	1
590634	0.9375	1	1	0.3
4942476	0.125	0	0.481481481481481	1
4977246	0.0909090909090909	0.0625	0.5	1
2556602	0.133333333333333	0.0714285714285714	0.631578947368421	0.928571428571429
608041	0	0	0	0.333333333333333
5920155_1	0.875	0.777777777777778	0.91304347826087	0.0833333333333333
5920155_2	0.875	0.777777777777778	0.91304347826087	0.0833333333333333
646706	0.882352941176471	1	1	0.25
1547391	0	0	0	0.636363636363636
5135469	0.941176470588235	1	0.416666666666667	0.04
4398954	0	0.0833333333333333	0.727272727272727	0
5820832	0.125	0	0.64	1
561435	1	1	0.882352941176471	0.25
5721330	0	0	0	0.65
340323_1	0.8	0.882352941176471	0.821428571428571	0
340323_2	0.8	0.882352941176471	0.821428571428571	0
2541190	0.777777777777778	1	0.357142857142857	0
1715488	0.214285714285714	0.1	0.666666666666667	1
1003769	0.0555555555555556	0.1875	0.681818181818182	1
128028	0	0	0	0.6
4977614	0.0454545454545455	0	0.633333333333333	1
1757574	0.857142857142857	0.916666666666667	0.32	0
5143901	1	1	0.62962962962963	0.107142857142857
964090_1	0.888888888888889	0.785714285714286	0.466666666666667	0
964090_2	0.888888888888889	0.785714285714286	0.466666666666667	0
6552635	0.1	0	0	0.727272727272727
5140576	1	1	0.583333333333333	0.0588235294117647
5506984	0.875	0.944444444444444	0.625	0
4097006	0	0	0	0.708333333333333
6137866_1	1	1	1	0.35
6137866_2	1	1	1	0.35
6137866_3	1	1	1	0.35
5258145	0	0	0	0.619047619047619
1103140	0	0	0.681818181818182	0
5630037	0.111111111111111	0	0.714285714285714	0.923076923076923
2879469	0.111111111111111	0.0666666666666667	0.516129032258065	1
6114794	0.75	0.947368421052632	0.277777777777778	0
5163651	0	0	0.24	0.870967741935484
834487	0.941176470588235	1	0.321428571428571	0.115384615384615
4913770	0.0952380952380952	0.2	0.655172413793103	1
3299343_1	0.8125	1	0.444444444444444	0
3299343_2	0.8125	1	0.444444444444444	0
5865177_1	1	0.8125	0.533333333333333	0
5865177_2	1	0.8125	0.533333333333333	0
6404746	0.0909090909090909	0	0.478260869565217	1
1559827	0.9	0.785714285714286	0.470588235294118	0
677516	0.947368421052632	0.947368421052632	0.5	0.0526315789473684
1068351	1	1	0.961538461538462	0.294117647058824
107255	0.956521739130435	1	0.44	0.111111111111111
1829614	0.928571428571429	0.666666666666667	0.55	0
3372805	1	1	1	0.35
669336	0.952380952380952	0.909090909090909	0.545454545454545	0.04
2487046	0.857142857142857	0.9	0.357142857142857	0
4678678	1	0.947368421052632	0.35	1
3171562	0.894736842105263	1	1	0.285714285714286
8710_1	1	0.944444444444444	0.555555555555556	0.111111111111111
8710_2	1	0.944444444444444	0.555555555555556	0.111111111111111
1754511	0.0666666666666667	0.333333333333333	0.375	1
787773	0.0588235294117647	0.142857142857143	0.538461538461538	1
5133239	1	1	1	0.44
256084	0.888888888888889	1	0.5	0
764459	0.0625	0.25	0.241379310344828	1
4319421	0.0714285714285714	0.25	0.740740740740741	1
6385641	0	0	0	0.62962962962963
5480163	0.176470588235294	0	0.391304347826087	1
1298705	0.928571428571429	1	0.642857142857143	0.111111111111111
1369878	0	0.357142857142857	0.53125	1
3961168	0.933333333333333	0.866666666666667	0.285714285714286	0
875398	0.866666666666667	1	0.545454545454545	0
1526617_1	1	0.818181818181818	0.461538461538462	0
1526617_2	1	0.818181818181818	0.461538461538462	0
933182	0.05	0.0714285714285714	0.481481481481481	1
5338896_1	0.0588235294117647	0.117647058823529	0.625	1
5338896_2	0.0588235294117647	0.117647058823529	0.625	1
5066777	0.75	1	0.636363636363636	0
2394768	0	0.142857142857143	0.727272727272727	0
6110764	0.952380952380952	0.823529411764706	0.541666666666667	0
2066337	0.235294117647059	0.111111111111111	0.28	1
54496	0	0	0	0.642857142857143
2855662	0.2	0.142857142857143	0.2	1
135170	1	1	1	0.409090909090909
1369656	0.133333333333333	0.142857142857143	0.611111111111111	1
1914866_1	0	0	0	0.631578947368421
1914866_2	0	0	0	0.631578947368421
2221367	0.6875	1	0.521739130434783	0
3158635	0	0	0	0.642857142857143
2623741	0.933333333333333	1	0.363636363636364	1
4350819	1	1	1	0.32258064516129
3643638	0.117647058823529	0.235294117647059	0.35	1
2400023	0.75	1	0.32258064516129	0
787566	0.875	1	1	0.315789473684211
2551527_1	0.95	1	0.789473684210526	0.2
2551527_2	0.95	1	0.789473684210526	0.2
2551527_3	0.95	1	0.789473684210526	0.2
3438253	0	0	0	0.645161290322581
13309	0	0.1875	0	0.75
281380_1	0.764705882352941	0.866666666666667	0.533333333333333	0
281380_2	0.764705882352941	0.866666666666667	0.533333333333333	0
5438559_1	0	0.235294117647059	0.296296296296296	0.96551724137931
5438559_2	0	0.235294117647059	0.296296296296296	0.96551724137931
2710735	0.117647058823529	0	0.620689655172414	0.916666666666667
5919222	0.0714285714285714	0.0625	0.580645161290323	1
4042746_1	0	0	0	0.62962962962963
4042746_2	0	0	0	0.62962962962963
3828903	1	0.714285714285714	0.277777777777778	0.05
6225012	0.142857142857143	0	0.875	0.16
6181167	1	0.631578947368421	1	0.25
76708	0.117647058823529	0.142857142857143	0.428571428571429	1
5189646	0.904761904761905	0.923076923076923	0.538461538461538	0
5040340	0.842105263157895	0.818181818181818	0.708333333333333	0
808009_1	0.15	0.0625	0.363636363636364	1
808009_2	0.15	0.0625	0.363636363636364	1
808009_3	0.15	0.0625	0.363636363636364	1
1074751	0.80952380952381	0.95	0.45	0.0357142857142857
2001638	1	1	0.954545454545455	0.307692307692308
2934647	1	1	1	0.4
365108	1	1	1	0.384615384615385
4394144_1	1	1	0.789473684210526	0.269230769230769
4394144_2	1	1	0.789473684210526	0.269230769230769
5112485	0.777777777777778	0.947368421052632	0.529411764705882	0
1136612	0.928571428571429	0.769230769230769	1	0.235294117647059
1847058	1	1	1	0.357142857142857
1561259_1	0	0	0	0.633333333333333
1561259_2	0	0	0	0.633333333333333
627589	1	0.923076923076923	1	0.391304347826087
4894829	0.8	1	0.642857142857143	0
2417989	1	1	0.75	0.111111111111111
5235683	0.0555555555555556	0.266666666666667	0.814814814814815	0
4909539	0	0	0	0.64
820027	0	0	0	0.608695652173913
6595535	0.888888888888889	1	0.142857142857143	0.782608695652174
912379	0	0	0	0.611111111111111
5144046	0	0.166666666666667	0.625	1
3641366	0.181818181818182	0	0.423076923076923	1
621812_1	0.1	0.266666666666667	0.636363636363636	1
621812_2	0.1	0.266666666666667	0.636363636363636	1
2631752	0.117647058823529	0.1	0.521739130434783	0.952380952380952
2541095	0.863636363636364	0.909090909090909	0.576923076923077	0
1829090	0	0	0	0.590909090909091
1878009_1	0	0	0.645161290322581	0
1878009_2	0	0	0.645161290322581	0
72208	0.1875	0	0	0.761904761904762
5416200	0.888888888888889	0.857142857142857	0.5	0
2259250_1	0.0952380952380952	0	0.4	0.956521739130435
2259250_2	0.0952380952380952	0	0.4	0.956521739130435
2861497	0.941176470588235	1	1	0.321428571428571
5448779_1	1	1	0.36	1
5448779_2	1	1	0.36	1
1814810	0	0.0909090909090909	0.62962962962963	0.967741935483871
2842845	0.117647058823529	0.0666666666666667	0.62962962962963	1
4309756	0.05	0	0	0.571428571428571
644251	0.15	0.3	0.705882352941177	1
1551779	0.944444444444444	1	0.291666666666667	1
6299341	0.2	0.153846153846154	0.5	1
3558071	0	0.214285714285714	0.695652173913043	0
171819	1	1	0.363636363636364	0.966666666666667
5278925	0.941176470588235	0.714285714285714	0.357142857142857	0
4287670	0	0.153846153846154	0.4	0.954545454545455
74020	0.117647058823529	0	0	0.708333333333333
5506881	1	0.875	0.333333333333333	1
3961596_1	0.875	1	1	0.346153846153846
3961596_2	0.875	1	1	0.346153846153846
5641075	0	0	0	0.6
511441	1	1	1	0.388888888888889
3732119	0.764705882352941	1	1	0.235294117647059
1480664	0.0625	0.176470588235294	0.517241379310345	1
1695095	0.789473684210526	1	1	0.241379310344828
2061405	0	0	0.75	0.565217391304348
2309903	0	0	0	0.608695652173913
247435	1	1	0.833333333333333	0.454545454545455
309505	1	1	0.916666666666667	0.411764705882353
3544102	0	0	0	0.625
1820102	0.2	0.25	0.310344827586207	1
4555592	0	0	0.590909090909091	0
80880	0.941176470588235	0.846153846153846	0.260869565217391	1
1832937	0.947368421052632	0.6	0.56	0
219595	0.846153846153846	0.866666666666667	0.464285714285714	0
2354023_1	1	0.777777777777778	0.25	1
2354023_2	1	0.777777777777778	0.25	1
2354023_3	1	0.777777777777778	0.25	1
4828270	0.117647058823529	0.1	0.52	1
5152588	1	1	1	0.444444444444444
2027869_1	0.95	0.714285714285714	0.518518518518518	0
2027869_2	0.95	0.714285714285714	0.518518518518518	0
4526825	0.285714285714286	0	0.576923076923077	1
4279030	0	0.375	0.684210526315789	0
4733264_1	0	0	0	0.555555555555556
4733264_2	0	0	0	0.555555555555556
3802362	0	0.2	0.5	0.80952380952381
5481720_1	1	1	0.590909090909091	0.25
5481720_2	1	1	0.590909090909091	0.25
5264590	1	0.692307692307692	0.592592592592593	0
931838	0.8	0.875	0.615384615384615	0
5387715	0	0	0	0.590909090909091
1214846_1	0.176470588235294	0	0.476190476190476	0.952380952380952
1214846_2	0.176470588235294	0	0.476190476190476	0.952380952380952
5590	0.916666666666667	1	1	0.375
4941644	0.117647058823529	0.1875	0.176470588235294	0.846153846153846
103319_1	0.823529411764706	0.894736842105263	1	0.2
103319_2	0.823529411764706	0.894736842105263	1	0.2
103319_3	0.823529411764706	0.894736842105263	1	0.2
1903207	0.722222222222222	0.857142857142857	0.260869565217391	0
2827350_1	0.133333333333333	0	0.666666666666667	0
2827350_2	0.133333333333333	0	0.666666666666667	0
3034691	1	0.9	0.291666666666667	1
420080	0	0.0526315789473684	0.387096774193548	0.846153846153846
5049427_1	0.1	0.357142857142857	0.8	1
5049427_2	0.1	0.357142857142857	0.8	1
5049427_3	0.1	0.357142857142857	0.8	1
5271905	1	1	1	0.416666666666667
5867809	0.565217391304348	1	0.214285714285714	0
2392624	0.904761904761905	0.818181818181818	0.789473684210526	0.1
1391350	0.0666666666666667	0	0	0.619047619047619
856150	0	0	0.684210526315789	0.0769230769230769
5388758	0.111111111111111	0	0.633333333333333	0.92
3229723	0	0	0.555555555555556	0
2050964	0.153846153846154	0	0	0.652173913043478
1071660	0	0	0.25	0.75
5772075	0	0	0	0.52
5290941	0	0	0.0769230769230769	0.571428571428571
1520000	0.952380952380952	0.9	0.111111111111111	0.807692307692308
4246653	0	0	0	0.571428571428571
780560	0.0555555555555556	0	0.12	0.615384615384615
3142782	0.846153846153846	1	0.888888888888889	0.259259259259259
3190408	0.916666666666667	1	0.333333333333333	1
3594729	0.0666666666666667	0.166666666666667	0.538461538461538	1
33879	1	1	0.769230769230769	0.375
346201	1	1	1	0.481481481481481
2628273	0.0625	0.2	0.785714285714286	0
4591061_1	1	0.866666666666667	1	0.32
4591061_2	1	0.866666666666667	1	0.32
1255622	0.384615384615385	0.25	0.666666666666667	1
2829960	0.944444444444444	1	0.24	0.35
1430042_1	0.769230769230769	1	0.5	0
1430042_2	0.769230769230769	1	0.5	0
5807458	0	0	0	0.523809523809524
781915	0.684210526315789	0.9	0.5	0
2819895	0.777777777777778	0.923076923076923	0.4	0
5077876	0.05	0	0.0625	0.692307692307692
573338	0.80952380952381	0.833333333333333	0.75	0
2545422	0.869565217391304	0.928571428571429	0.5	0.0476190476190476
4897587	0.0555555555555556	0	0.647058823529412	0
153117	0	0	0	0.55
1133952	1	1	1	0.724137931034483
328487	0	0.0769230769230769	0.678571428571429	0.05
1285401	0	0	0	0.576923076923077
824513	0.875	0.6875	0.260869565217391	1
203769	0	0	0.473684210526316	0.0555555555555556
2846245	0.5	0.692307692307692	0	0
5945318	0.0588235294117647	0	0	0.6
4674078	1	0.842105263157895	0.307692307692308	1
5405139	0	0	0	0.5
5068133	1	1	1	0.464285714285714
151374	0.1	0	0.68	0
2599803_1	0.933333333333333	0.705882352941177	0.4375	0
2599803_2	0.933333333333333	0.705882352941177	0.4375	0
4344459	0.9	0.722222222222222	0.407407407407407	0
37529	0	0	0.590909090909091	0
4444350	0.0666666666666667	0.285714285714286	0.533333333333333	1
5109224	0.0833333333333333	0.0909090909090909	0.227272727272727	0.80952380952381
3720530	0	0	0.566666666666667	0
5678132	0.952380952380952	1	0.833333333333333	0.32
5485003	0.933333333333333	0.882352941176471	0.294117647058824	1
172472	0.384615384615385	0.153846153846154	0.347826086956522	1
3974247	1	1	0.454545454545455	1
776954	1	1	0.464285714285714	1
1135662	1	1	0.933333333333333	0.352941176470588
3994622	0.846153846153846	1	1	0.37037037037037
4026919	1	1	1	0.5
6402464	0.0588235294117647	0	0.578947368421053	0
1179602	1	1	1	0.555555555555556
5386090	0.733333333333333	0.692307692307692	0.5	0
6028188	0.947368421052632	1	0.464285714285714	1
1832590	0.235294117647059	0.117647058823529	0.517241379310345	1
699409	0.0625	0	0	0.636363636363636
692246	1	0.894736842105263	0.344827586206897	1
1486082	0.954545454545455	1	0.375	1
918041_1	0.0526315789473684	0.235294117647059	0.7	0
918041_2	0.0526315789473684	0.235294117647059	0.7	0
5274883	0.214285714285714	0	0.666666666666667	0
245447	0.941176470588235	1	1	0.363636363636364
459238_1	1	0.882352941176471	0.36	1
459238_2	1	0.882352941176471	0.36	1
2227802	0	0	0.518518518518518	0
2659220	0.923076923076923	1	1	0.444444444444444
609648	0.933333333333333	0.928571428571429	0.333333333333333	1
1239490	1	1	1	0.464285714285714
811496	0.91304347826087	1	0.952380952380952	0.333333333333333
5600993	0.0666666666666667	0	0.615384615384615	0
5312770_1	0.928571428571429	1	1	0.48
5312770_2	0.928571428571429	1	1	0.48
3671037_1	0	0.176470588235294	0.684210526315789	0.0344827586206897
3671037_2	0	0.176470588235294	0.684210526315789	0.0344827586206897
1322894	0	0	0	0.5
779553	0.181818181818182	0.1	0.555555555555556	0
5974912_1	0	0.0909090909090909	0.636363636363636	0.235294117647059
5974912_2	0	0.0909090909090909	0.636363636363636	0.235294117647059
3643332	0	0	0	0.482758620689655
938456	0.133333333333333	0	0.5	0.80952380952381
134337	1	0.857142857142857	1	0.423076923076923
5150823	1	1	0.933333333333333	0.521739130434783
2030878	0.0555555555555556	0	0.1	0.653846153846154
118472	1	0.846153846153846	0.366666666666667	1
1735821	0.529411764705882	0.857142857142857	0.375	0
4806046	0.894736842105263	0.588235294117647	0.3125	0
5637597	1	1	1	0.428571428571429
3045265	0.0666666666666667	0	0	0.586206896551724
1090346	0.8125	0.5625	0.206896551724138	0
6492027	1	0.875	0.347826086956522	1
5272542	0.75	0.5	0.458333333333333	0
419900	0.5	0.25	0.846153846153846	1
5160947	0.866666666666667	0.944444444444444	0.653846153846154	0.137931034482759
294205	0.941176470588235	0.833333333333333	0.5	0.0454545454545455
1709025	0	0	0.111111111111111	0.48
2280661_1	0.8125	1	0.785714285714286	0.2
2280661_2	0.8125	1	0.785714285714286	0.2
105057_1	0.157894736842105	0.357142857142857	0.458333333333333	1
105057_2	0.157894736842105	0.357142857142857	0.458333333333333	1
5211030	0	0.111111111111111	0.36	0.791666666666667
723128	0	0	0	0.571428571428571
3475120_1	1	0.933333333333333	0.434782608695652	1
3475120_2	1	0.933333333333333	0.434782608695652	1
948507	0.315789473684211	0.2	0.620689655172414	1
5627552	1	1	0.481481481481481	1
44681	1	0.785714285714286	0.423076923076923	1
5210144_1	0	0	0.565217391304348	0
5210144_2	0	0	0.565217391304348	0
5293037	0	0	0.037037037037037	0.357142857142857
1512329	1	0.764705882352941	0.684210526315789	0.260869565217391
1657854	0.6875	0.588235294117647	0.166666666666667	0
380064	0.0476190476190476	0	0	0.555555555555556
6113790	0.0625	0.0555555555555556	0.588235294117647	0.708333333333333
269354	0	0.0769230769230769	0.592592592592593	0
1333248	0.0952380952380952	0.105263157894737	0.655172413793103	0
5492600	0.9375	1	1	0.555555555555556
1882523	1	1	1	0.5
6342538	1	1	1	0.583333333333333
306673	0.142857142857143	0.333333333333333	0.454545454545455	1
514036	1	1	1	0.5
2285421	1	1	0.444444444444444	1
105277	0.6875	0.882352941176471	0.416666666666667	0
4219214	0.952380952380952	1	0.518518518518518	1
577221	0.75	0.923076923076923	0.210526315789474	0.75
5101358	0	0	0	0.517241379310345
957796	0.928571428571429	1	1	0.464285714285714
5491193	0.95	1	1	0.578947368421053
5168047	0.222222222222222	0.272727272727273	0.608695652173913	1
5986828	0.125	0	0	0.583333333333333
2026271	1	1	0.48	1
4941462	1	0.933333333333333	0.36	0.333333333333333
1938151	1	1	1	0.478260869565217
2139627	0.928571428571429	1	0.413793103448276	1
5459014	1	0.866666666666667	0.5	0.32
386633	0	0	0.2	0.684210526315789
5722509_1	0.0625	0.2	0.666666666666667	0
5722509_2	0.0625	0.2	0.666666666666667	0
5431641	0	0	0.548387096774194	0.708333333333333
2328300	0.15	0.1	0	0.653846153846154
2972257	1	1	0.571428571428571	0.727272727272727
2522625	0	0.0833333333333333	0.318181818181818	0.08
1134128	0	0	0	0.473684210526316
2395400	0.95	1	1	0.571428571428571
4222149	0.916666666666667	0.846153846153846	0.333333333333333	1
3188486	1	0.846153846153846	0.368421052631579	1
4053642	0.0434782608695652	0.0555555555555556	0.733333333333333	0.333333333333333
989309	0.1875	0.375	0.739130434782609	0
4368905	1	0.894736842105263	0.384615384615385	0.931034482758621
4930346	0.214285714285714	0.266666666666667	0.538461538461538	1
1637718	0.928571428571429	1	1	0.444444444444444
2311429	0	0	0	0.448275862068966
681106	0	0	0.08	0.545454545454545
5275354	0	0	0	0.476190476190476
3227944	1	0.866666666666667	0.428571428571429	1
3222781	0.45	0	0.576923076923077	1
2021469	1	0.923076923076923	0.3	0.846153846153846
411427	0.0666666666666667	0	0	0.521739130434783
1978273	1	1	0.521739130434783	0.931034482758621
5648194	0.0833333333333333	0	0.705882352941177	0.210526315789474
194446	0	0	0	0.40625
851106	0	0.230769230769231	0.6	0
686008_1	0.846153846153846	1	1	0.464285714285714
686008_2	0.846153846153846	1	1	0.464285714285714
1947824	1	1	1	0.52
5029843	1	0.866666666666667	0.448275862068966	1
3451628_1	0	0.222222222222222	0.6	0
3451628_2	0	0.222222222222222	0.6	0
1045105_1	1	0.933333333333333	0.451612903225806	1
1045105_2	1	0.933333333333333	0.451612903225806	1
2664064	0	0	0	0.304347826086957
3480987	0.833333333333333	0.916666666666667	0.8	0.238095238095238
2819091	1	1	0.285714285714286	0.571428571428571
5615545	0	0	0	0.481481481481481
345050	1	1	1	0.590909090909091
117082	0.117647058823529	0.0714285714285714	0.523809523809524	0.842105263157895
4172396	0.764705882352941	1	0.909090909090909	0.310344827586207
4948388	0	0.142857142857143	0.533333333333333	0
186136	0.909090909090909	1	0.851851851851852	0.423076923076923
3669828	1	1	0.521739130434783	0.5
4348189	0.772727272727273	1	0.956521739130435	0.608695652173913
46309	1	0.888888888888889	0.454545454545455	1
5772157	1	1	0.5	1
5437369	1	1	1	0.538461538461538
5478112	0.9375	0.909090909090909	0.526315789473684	0.807692307692308
5446128	1	0.846153846153846	0.333333333333333	0.95
5506530	1	1	1	0.571428571428571
231852	1	1	0.48	1
2853000_1	0.133333333333333	0.05	0.580645161290323	0
2853000_2	0.133333333333333	0.05	0.580645161290323	0
57943	1	0.888888888888889	0.48	1
5090888	0.875	0.631578947368421	0.466666666666667	0.142857142857143
6403408	0.0714285714285714	0	0.541666666666667	0
4508784	0	0	0	0.444444444444444
2729599	1	1	0.708333333333333	0.962962962962963
294789	1	1	0.52	1
373940_1	0.9375	1	0.5	0.263157894736842
373940_2	0.9375	1	0.5	0.263157894736842
373940_3	0.9375	1	0.5	0.263157894736842
4451507	0	0	0	0.444444444444444
2476566	1	1	1	0.533333333333333
5072835	0.0434782608695652	0.125	0.517241379310345	0
3221682	0.05	0	0.458333333333333	0
4375191	0	0	0	0.409090909090909
2813283	0.941176470588235	1	0.48	1
2521064	0	0	0.483870967741935	0
4200573	0	0	0.451612903225806	0.565217391304348
5800393	1	0.941176470588235	1	0.533333333333333
2152627	1	1	1	0.571428571428571
2076727	0	0	0.0526315789473684	0.5
811338	0.0909090909090909	0	0	0.481481481481481
5815758	0.142857142857143	0.333333333333333	0.633333333333333	0
119759	0.944444444444444	1	1	0.5
341874	0.117647058823529	0.333333333333333	0.576923076923077	0
442754	0	0	0	0.444444444444444
4324966	0	0	0	0.483870967741935
304183	1	0.857142857142857	0.5	1
6185292	0.0555555555555556	0.142857142857143	0.5625	0.1
20018	1	1	1	0.571428571428571
4248334	1	1	0.9	0.517241379310345
3909345	1	0.933333333333333	1	0.521739130434783
1600120	0.238095238095238	0.25	0.529411764705882	0.9
238866	0	0.421052631578947	0	0
4613906	1	0.95	0.6	0.590909090909091
5827914	1	1	0.9375	0.5
769390	0.882352941176471	0.785714285714286	0.413793103448276	0.947368421052632
4410151	1	1	0.56	1
4896707	0.105263157894737	0.0526315789473684	0	0.565217391304348
6581488	1	1	1	0.64
5143396	0	0.176470588235294	0.35	0
1779618	0	0.166666666666667	0.523809523809524	0
5647446	1	1	1	0.705882352941177
628059	1	1	0.666666666666667	0.869565217391304
3345020_1	0	0.125	0.5	0
3345020_2	0	0.125	0.5	0
4333639	0.05	0.111111111111111	0.545454545454545	0
4900091	0.869565217391304	0.9375	0.380952380952381	0.32
4944758	0.928571428571429	0.933333333333333	0.466666666666667	1
5813300	0	0.0588235294117647	0	0.416666666666667
2114549	0.9	0.823529411764706	0.363636363636364	1
1390563	0	0.214285714285714	0.730769230769231	0.185185185185185
165283	0	0.133333333333333	0.67741935483871	0.217391304347826
407275	0.863636363636364	1	1	0.48
3635032	1	1	0.695652173913043	0.428571428571429
1841982	0.875	1	0.619047619047619	1
507098_1	0.909090909090909	1	0.5	1
507098_2	0.909090909090909	1	0.5	1
516115	1	0.941176470588235	0.5	0.96551724137931
5902446	0.0833333333333333	0.142857142857143	0.130434782608696	0.695652173913043
3995210	0.857142857142857	1	0.333333333333333	0.846153846153846
407552	1	1	1	0.583333333333333
264039	0	0	0	0.363636363636364
5821955	1	0.888888888888889	0.529411764705882	0.392857142857143
4511765	0.75	0.777777777777778	0.4	0.115384615384615
2059642	1	0.9375	1	0.555555555555556
4899672	0	0.142857142857143	0.62962962962963	0.15625
298309	0	0	0.548387096774194	0.173913043478261
552602	0	0	0	0.4
5600148	0.909090909090909	0.933333333333333	0.310344827586207	0.5
6272027	0.0476190476190476	0.0625	0.409090909090909	0
1340578	0.941176470588235	1	0.9	0.473684210526316
1871009	0	0	0	0.354838709677419
6195094	1	0.416666666666667	0.5	1
5845270	1	1	1	0.592592592592593
4927477_1	0.0555555555555556	0.153846153846154	0.4	0
4927477_2	0.0555555555555556	0.153846153846154	0.4	0
4927477_3	0.0555555555555556	0.153846153846154	0.4	0
3260463	0.947368421052632	1	0.5	1
5124951	0	0.133333333333333	0.583333333333333	0.346153846153846
701631_1	1	1	0.565217391304348	1
701631_2	1	1	0.565217391304348	1
115042	0.333333333333333	0.0833333333333333	0	0.566666666666667
418752	1	1	1	0.586206896551724
1966710	0	0	0.0952380952380952	0.516129032258065
1616721	0.0476190476190476	0.0666666666666667	0.52	0
403842	1	1	1	0.6
2180665	1	1	1	0.592592592592593
4987589	0	0	0	0.391304347826087
1049636	0.0833333333333333	0.181818181818182	0.538461538461538	0
406253	0.0666666666666667	0.266666666666667	0.541666666666667	0
2265676_1	0.818181818181818	0.916666666666667	0.384615384615385	0.894736842105263
2265676_2	0.818181818181818	0.916666666666667	0.384615384615385	0.894736842105263
412850	1	0.833333333333333	0.392857142857143	0.4
3585214	0.0833333333333333	0.0666666666666667	0.384615384615385	0.666666666666667
5036890	1	0.941176470588235	0.566666666666667	0.619047619047619
3244593	0.181818181818182	0.0714285714285714	0.653846153846154	0.68
2474059	1	1	0.535714285714286	0.954545454545455
5138452	1	1	0.619047619047619	1
440012	0.166666666666667	0.0769230769230769	0.590909090909091	0.0588235294117647
2179398	0	0	0	0.391304347826087
852038	0.923076923076923	1	0.96	0.636363636363636
6012614	1	0.875	0.666666666666667	1
1074657	0.25	0.0714285714285714	0.529411764705882	0
4202119	1	0.846153846153846	0.523809523809524	0.96
2462706	0.941176470588235	0.894736842105263	0.56	1
566948	0.944444444444444	1	0.888888888888889	0.482758620689655
191150	0.947368421052632	1	0.482758620689655	0.9375
5072227	0.833333333333333	1	1	0.476190476190476
5303793	0	0	0	0.379310344827586
400153	0.80952380952381	0.777777777777778	0.5	0.25
822508	0.285714285714286	0.105263157894737	0.565217391304348	0
4229278	1	0.9	0.5	0.958333333333333
3675545	0	0.166666666666667	0.541666666666667	0.12
1313850	0.125	0.214285714285714	0	0.523809523809524
3057606	1	1	1	0.7
5786226	0	0	0	0.32258064516129
116242	0.882352941176471	1	0.363636363636364	0.535714285714286
2052398	1	1	0.6	1
492688_1	0.9	0.888888888888889	0.772727272727273	0.307692307692308
492688_2	0.9	0.888888888888889	0.772727272727273	0.307692307692308
492688_3	0.9	0.888888888888889	0.772727272727273	0.307692307692308
1411505	0	0	0	0.366666666666667
240076_1	0.923076923076923	0.923076923076923	0.5	1
240076_2	0.923076923076923	0.923076923076923	0.5	1
5397680	1	0.8125	0.52	0.966666666666667
1133499	0.928571428571429	0.941176470588235	0.857142857142857	0.384615384615385
1874192	1	1	0.407407407407407	0.6
4564715	0	0.0555555555555556	0.454545454545455	0
4037368_1	0	0	0	0.363636363636364
4037368_2	0	0	0	0.363636363636364
3665056	1	0.9	0.636363636363636	1
1140056	0.954545454545455	0.8125	0.481481481481481	1
3413382	1	1	1	0.62962962962963
2968173	0	0.266666666666667	0.62962962962963	0.444444444444444
5507605	1	1	0.818181818181818	0.541666666666667
4779980	0.866666666666667	0.9	0.464285714285714	0.916666666666667
2051782	0.95	0.857142857142857	0.407407407407407	0.827586206896552
278948_1	0.133333333333333	0	0.117647058823529	0.545454545454545
278948_2	0.133333333333333	0	0.117647058823529	0.545454545454545
3547204	1	1	1	0.642857142857143
4597930	0	0.181818181818182	0.423076923076923	0
3142269	1	0.722222222222222	0.545454545454545	1
1087433	0.833333333333333	0.888888888888889	0.37037037037037	0.782608695652174
3562226	1	0.8	0.521739130434783	1
2009390	0	0	0.375	0
1308995	0.136363636363636	0.176470588235294	0.483870967741935	0
1535073	1	1	0.653846153846154	1
1877893	0.214285714285714	0.375	0.48	0
540858	0.909090909090909	0.9	0.565217391304348	1
2542223	0.0714285714285714	0.2	0.521739130434783	0
5046392	1	1	0.84	0.75
3533413	1	1	1	0.766666666666667
665202_1	1	1	0.925925925925926	0.566666666666667
665202_2	1	1	0.925925925925926	0.566666666666667
522134	0.142857142857143	0	0.652173913043478	0.363636363636364
1529072	0.105263157894737	0.25	0.448275862068966	0
565787	0.833333333333333	1	0.571428571428571	1
2499593	0.125	0.1	0.466666666666667	0.2
1543859	0.818181818181818	0.888888888888889	0.379310344827586	0.909090909090909
667144	0	0.0666666666666667	0.421052631578947	0
371814	1	1	0.8	1
5217351	0.157894736842105	0	0.473684210526316	0
6528437	1	1	1	0.733333333333333
822808	0.0555555555555556	0.285714285714286	0.52	0.423076923076923
2129679	0.105263157894737	0.0625	0.533333333333333	0.15
1006398	0.882352941176471	1	0.592592592592593	1
4758801	0	0.117647058823529	0.5	0.0952380952380952
1999584	0	0.0625	0.379310344827586	0
5023380	0	0	0.136363636363636	0.375
91091_1	0.0833333333333333	0	0.36	0.0714285714285714
91091_2	0.0833333333333333	0	0.36	0.0714285714285714
2046437	0	0	0	0.333333333333333
3330425	0.0769230769230769	0.176470588235294	0.0714285714285714	0.482758620689655
914379	0.555555555555556	0.611111111111111	0.296296296296296	0
5474955	0.9	0.923076923076923	0.666666666666667	0.448275862068966
2374417	0.954545454545455	1	1	0.636363636363636
2469912	0.95	1	1	0.653846153846154
6599784	0.923076923076923	0.923076923076923	0.416666666666667	0.777777777777778
1297768	0	0	0.136363636363636	0.411764705882353
6247455	0	0.0666666666666667	0	0.347826086956522
381445	0.888888888888889	0.8	0.545454545454545	1
2234709	0.2	0.0833333333333333	0.678571428571429	0.5
5687021	1	0.833333333333333	0.590909090909091	1
1128413_1	0.857142857142857	0.875	0.5	1
1128413_2	0.857142857142857	0.875	0.5	1
6332574	1	0.842105263157895	1	0.576923076923077
2313142	0.521739130434783	0.538461538461538	0.565217391304348	1
1119736	0.181818181818182	0	0	0.416666666666667
336039	0.631578947368421	0.785714285714286	1	1
2406209	0	0	0	0.307692307692308
2641482	0	0	0	0.3
6166278	0.210526315789474	0.4	0	0
3142472	0.923076923076923	1	0.56	0.92
5921391_1	1	1	1	0.689655172413793
5921391_2	1	1	1	0.689655172413793
2498693	1	0.875	0.586206896551724	1
220184	1	1	1	0.7
3659263	1	1	1	0.678571428571429
2266649	0.352941176470588	0.166666666666667	0	0
1731954	1	0.75	0.583333333333333	0.416666666666667
476774	0	0	0	0.272727272727273
5103920	0.631578947368421	0.588235294117647	0.916666666666667	1
530215	1	0.894736842105263	0.461538461538462	0.458333333333333
6474854	0.105263157894737	0	0.5	0.421052631578947
770004	0.7	0.833333333333333	0.941176470588235	1
3167721	0.0666666666666667	0	0.333333333333333	0
1623824_1	0.0555555555555556	0.142857142857143	0.4375	0
1623824_2	0.0555555555555556	0.142857142857143	0.4375	0
6218569	0.2	0.285714285714286	0.533333333333333	0.730769230769231
6332887	0	0.176470588235294	0.5	0.125
4986077	1	0.833333333333333	0.7	0.956521739130435
2512625	0.222222222222222	0.3	0.548387096774194	0.2
5477843	0.863636363636364	0.846153846153846	0.652173913043478	1
5040615_1	1	0.8	0.615384615384615	1
5040615_2	1	0.8	0.615384615384615	1
2686138	0.904761904761905	0.933333333333333	0.607142857142857	1
6057246	0.588235294117647	0.833333333333333	0.32258064516129	0.407407407407407
2509301	1	1	1	0.75
1153776	0.826086956521739	0.7	0.615384615384615	1
568921	0.863636363636364	0.928571428571429	0.583333333333333	0.826086956521739
515764	0.476190476190476	0.266666666666667	0.375	0
653878	0.65	0.7	0.962962962962963	1
2228244	0.0952380952380952	0	0.1	0.387096774193548
1117256	0	0	0	0.241379310344828
1852973	0.714285714285714	0.785714285714286	1	1
6057010	0.15	0.375	0.133333333333333	0
3219164	0.947368421052632	0.944444444444444	0.64	0.571428571428571
900345	0.111111111111111	0.142857142857143	0.32	0
6562512	0.0769230769230769	0	0	0.233333333333333
1809068	1	1	1	0.8125
862581	0.714285714285714	0.75	0.678571428571429	1
134141	0.238095238095238	0	0.136363636363636	0
1639202	0.166666666666667	0.105263157894737	0.2	0.444444444444444
5469163	0.826086956521739	1	0.962962962962963	1
5673349_1	0.15	0	0	0.0384615384615385
5673349_2	0.15	0	0	0.0384615384615385
