0.973219965416215
0.793614079195475
0.808046413990314
0.718923385668753
0.771889951412351
0.801968331583014
0.70158365146251
0.70158365146251
0.674855306756364
0.772043208430629
0.709922511719499
0.732909379968203
0.695724796182143
0.729287930616667
0.690186335403727
0.609734799627093
0.609734799627093
0.609734799627093
0.61795857385399
0.60165891667714
0.557965818483321
0.604685060903132
0.573242316216026
0.596193343553541
0.464496546907822
0.464496546907822
0.566312816979364
0.537862231360113
0.583906571150062
0.660128500109189
0.583223063882832
0.514638221689888
0.527538438506231
0.590412789833487
0.411098204485337
0.481913956999766
0.536567363572779
0.558307451369111
0.510638297872341
0.512047279422003
0.448150199527144
0.493290097936574
0.511628039014643
0.508155544988038
0.416940569657768
0.591104734378407
0.503349287178455
0.503349287178455
0.640122849717933
0.640122849717933
0.425158960298146
0.433832920657477
0.392510509243488
0.398509923739083
0.442658451283839
0.55804406568281
0.573252089001919
0.461276595744681
0.461276595744681
0.46338127657118
0.40234501157576
0.40234501157576
0.509854583397543
0.387524593455129
0.528442654045559
0.510889399066269
0.570722908591172
0.455283020451638
0.535965724502575
0.493051688420199
0.494143088844837
0.445958338014064
0.461753433472298
0.484356093344858
0.509716100573328
0.390474535024632
0.420112969346297
0.53319407111589
0.53319407111589
0.384897671850747
0.316861521679099
0.339196187819468
0.476418595050037
0.383933392673585
0.454149099249394
0.375054440600329
0.459913868502342
0.402113821000595
0.376884860293999
0.513873302121889
0.513873302121889
0.33858956769287
0.225967847235597
0.473142215578606
0.457148303271464
0.387306449575816
0.438523713809178
0.340100456056136
0.430904145111764
0.39934227713283
0.43716554865976
0.39631053462795
0.42072067385494
0.42072067385494
0.42072067385494
0.432358674931235
0.410652212376165
0.397099732721739
0.428444444444445
0.18895627424877
0.368907464256633
0.530133354053555
0.473360944308745
0.521739130434783
0.384683510743001
0.400379499345631
0.443895856026271
0.370891800564775
0.40635589095815
0.449240656228142
0.443481536463755
0.211131810286701
0.386149052374362
0.386149052374362
0.276221719305143
0.330642666175729
0.330642666175729
0.458309057457471
0.370642688543384
0.409817642002405
0.409817642002405
0.425417507990104
0.305710897150039
0.305710897150039
0.388648504256833
0.466194493719759
0.333639869230228
0.389001680356773
0.375869808301919
0.375869808301919
0.427632802246235
0.387307401081195
0.243766404168232
0.389470792608434
0.386377413521592
0.392273280008906
0.274246297919847
0.36395434999369
0.397548000573191
0.390219692100045
0.283230482006383
0.458450746939791
0.497356145212718
0.497356145212718
0.256637557238456
0.340041804478568
0.316870426825784
0.246327747166847
0.459786649851454
0.397182472242149
0.441544864582594
0.384741215729897
0.422631675691774
0.36396889016896
0.283322409068399
0.44617079193241
0.483035092335288
0.399662653585466
0.273105095592455
0.265223950419205
0.349207228568903
0.328425835007375
0.37967769456349
0.33282409763167
0.20407014442926
0.44264201576995
0.44264201576995
0.434724020253482
0.406031391342783
0.39073324971698
0.297030840765578
0.278199800173315
0.295243971769035
0.342081335934802
0.387294750248297
0.365480240781787
0.374564500155193
0.326467529072511
0.41201612014679
0.41201612014679
0.517746988790643
0.194342821804036
0.396462376384809
0.396462376384809
0.368838809946715
0.324124677907513
0.296412787694427
0.214788373160028
0.372349943350432
0.285633011722296
0.285633011722296
0.413179244600453
0.352194780521947
0.371927446396369
0.178041886413721
0.30900841339182
0.303753089088099
0.362945808244558
0.337475173506667
0.43758431843807
0.385898855764832
0.293024500930294
0.370727411017375
0.340291967258909
0.344757549632485
0.344757549632485
0.334885269091798
0.334885269091798
0.334885269091798
0.400351754396749
0.359195546804584
0.359195546804584
0.361801956390365
0.427950509804569
0.460462473447046
0.382380495136654
0.323297762478486
0.329408868324898
0.356481866787489
0.358875765170514
0.435
0.277100475267117
0.277100475267117
0.284159164190384
0.24469984778339
0.240431517634891
0.259403241089013
0.335047177079569
0.339773047094342
0.277286600628298
0.354327009936767
0.187574035383185
0.29740286170363
0.435287084513584
0.390707937826314
0.218919318247355
0.304271634903604
0.140869845015284
0.351254931776159
0.217532093445561
0.358841226025279
0.245240383024619
0.144242798125165
0.144242798125165
0.52615096067472
0.317738001878678
0.295190516058098
0.264250079182841
0.361124178162358
0.378505781250185
0.400656833811618
0.289502793370161
0.329591516616453
0.532492003474287
0.36288698398901
0.464220257163958
0.30700619977193
0.352050726269564
0.352050726269564
0.352050726269564
0.252810290537675
0.386919911546893
0.39149460709508
0.310226587259793
0.310226587259793
0.424001135651446
0.327900222591245
0.297112729732461
0.323864347842673
0.330410977670307
0.25295841935119
0.268835925500861
0.333280303752771
0.381349608922235
0.326229576559768
0.349066235375488
0.345075445454771
0.273411106781875
0.382049466771363
0.239664990435811
0.415716154680214
0.297939748128663
0.310865353812012
0.310865353812012
0.391493000158202
0.314733676425981
0.271780444072167
0.279947194553219
0.314445065972807
0.32863546260877
0.323370125227276
0.188549413885741
0.317020186210676
0.338395437191388
0.322192327961612
0.227490300823505
0.234468805868893
0.23707837290282
0.332844029906408
0.228373472495184
0.305265189638841
0.15605922186406
0.347464087150305
0.303282959874935
0.356840912831734
0.306828393893944
0.453190641296807
0.453190641296807
0.340063238877789
0.265994609841532
0.267548531693284
0.108406803252906
0.227167630057804
0.256835398314879
0.28248411886803
0.304043785098556
0.248758416702166
0.327090497607774
0.348656522964587
0.312475496719134
0.344671512567683
0.249435477144713
0.302206650511448
0.304481847621875
0.252475002242808
0.302470238992288
0.341054462026408
0.242429574037042
0.308211116866841
0.228602266594711
0.216043753662559
0.3928764714433
0.194448462634411
0.322227510473256
0.390982297752003
0.275622441161786
0.276712293528966
0.277349914695382
0.330520797773941
0.273333160433931
0.285927937692675
0.339983521366515
0.333843899655438
0.282160312235114
0.257513580862896
0.300711462450593
0.291451853154581
0.369095315263464
0.262257989169144
0.277489334985148
0.277489334985148
0.20065578669247
0.288263445761423
0.283204256853347
0.267180180027888
0.225675468847242
0.336683091929058
0.336683091929058
0.341950148387507
0.223568240828621
0.211051349837863
0.33961497471391
0.179898580075322
0.179898580075322
0.298158519715469
0.35923129216419
0.337730202295649
0.141656226001102
0.340281118531684
0.0933101742783935
0.296681774942644
0.197067241191433
0.254696491024407
0.214519527039884
0.331620716741612
0.226744641797482
0.348901063690774
0.281540432268626
0.188402664529096
0.262708659004472
0.313268652629804
0.186511719849435
0.349864350130855
0.318052415448011
0.261317400906626
0.26433251995793
0.333906530239122
0.207447347535386
0.301195109181065
0.252540909638371
0.252540909638371
0.207992490484788
0.259677549287711
0.259677549287711
0.259987680116304
0.214773416268552
0.26040000484164
0.26040000484164
0.226530603634775
0.232289476535931
0.181725406191901
0.297136373626033
0.337418027578015
0.221778221778222
0.324154257308391
0.37656584297853
0.184710876467021
0.0577255901260718
0.171874339757859
0.306614945348738
0.275006898136234
0.303000905103764
0.206762414121098
0.232359075902943
0.281606070405682
0.256670435642378
0.18753057640935
0.360941543653964
0.360941543653964
0.203725355610045
0.203725355610045
0.203725355610045
0.155340305401738
0.245561366591731
0.199340210538817
0.259433308790925
0.259433308790925
0.259433308790925
0.319806820206693
0.321188972497393
0.227592377250411
0.227592377250411
0.202011523439571
0.126251380922018
0.339595718147474
0.219862812022131
0.268466419061197
0.265876053854403
0.258237034700112
0.220944536666598
0.197508562143817
0.267767019279372
0.297484976214286
0.351230278109851
0.106014341283466
0.21031626146876
0.162122758006332
0.290845063591183
0.226212740023818
0.156067036175721
0.290055457596193
0.232780111036133
0.220186526869559
0.279245447387449
0.292245015474227
0.28731878602381
0.262215589176278
0.127586978730481
0.285832490820378
0.216394208276493
0.299680842202162
0.299680842202162
0.133620651778118
0.250831950440072
0.158952290988816
0.259312699464843
0.277773205701163
0.278064507615113
0.233443519945959
0.409738812822971
0.303573360075136
0.135913519083108
0.221509370059291
0.221509370059291
0.146574622737971
0.255452957524349
0.229279283579191
0.289951104727523
0.329933182354152
0.247336834864433
0.221526692467266
0.250371148017159
0.32590854008249
0.32590854008249
0.333957909549185
0.333957909549185
0.285271921138359
0.173126444736436
0.22406058157344
0.227814244190014
0.200433479468167
0.245141490516658
0.359311892296185
0.291467980766526
0.330290092546116
0.245027753000872
0.245027753000872
0.304042752094444
0.248922725866513
0.228497006565873
0.32866597004528
0.312597489630821
0.201351722015631
0.308049839076235
0.225200481928947
0.197609803479078
0.261109419992551
0.422037661981003
0.268607851358119
0.287099047119215
0.266030509303936
0.165260617243867
0.304906615604816
0.134070828862308
0.134070828862308
0.251269624659312
0.234622391298524
0.269802505864083
0.0887669915698737
0.235802227383481
0.250975465641785
0.216501703708021
0.25985188560087
0.215580286168522
0.173929488045387
0.299722528077516
0.250219659491275
0.0988287027193353
0.261273109944076
0.208012065993945
0.290380011744543
0.290380011744543
0.290380011744543
0.212685140070166
0.250806746610442
0.217017583884825
0.262662850354905
0.166450245407544
0.235994880933123
0.262390791487496
0.315157067303595
0.301399852754517
0.20001896222454
0.20001896222454
0.292545146191474
0.062802210234069
0.243251049179444
0.162461241318514
0.167158884496207
0.191960905073067
0.247077533710309
0.29572600941022
0.260101195115388
0.188143576120759
0.255668946857645
0.255668946857645
0.23498073666673
0.261291787665671
0.129904613365541
0.3111580359286
0.258367542956317
0.227440733281849
0.268213757278965
0.255024108010906
0.177853681799939
0.272086726016424
0.190398717337097
0.167534911126704
0.300253580521854
0.284007080698899
0.291056096043127
0.287014153609214
0.244564132639817
0.270952552238317
0.263980540837346
0.25557474292129
0.193892647692251
0.365276852848832
0.199441070178539
0.306637018572983
0.306637018572983
0.248355472420863
0.215431525615635
0.186533054919589
0.231115300803532
0.315520407410929
0.189947930268815
0.256531943885772
0.256531943885772
0.262105786664325
0.235635871390779
0.292920947667635
0.0872135078687649
0.272052457434823
0.143335784644503
0.244776292756886
0.248821378281376
0.224877620183256
0.20853041590673
0.27770345361371
0.314538954020122
0.148582658918668
0.288843208674831
0.105195220385883
0.281657571147831
0.189143043171788
0.239886557811226
0.185539819982693
0.22076435507236
0.27210516037443
0.232429735812757
0.28603651078377
0.225027585923033
0.149628350757025
0.123621944305591
0.204555346003191
0.214322517899401
0.285944119701912
0.245988946251187
0.309781899784758
0.194688115459686
0.200543317309339
0.282183881407552
0.293309936389559
0.174940731142257
0.200271353385975
0.154480166623054
0.160120631271718
0.123805177430587
0.123805177430587
0.250682066301197
0.24588264680637
0.10342007606077
0.269212052270613
0.263993127456055
0.159553775931463
0.213215442964566
0.213215442964566
0.260473114805708
0.323677131886214
0.302677713420034
0.279021423736517
0.201504783544907
0.269693665001814
0.231128180990667
0.227820719437666
0.226757007113715
0.137835946368739
0.173474939592518
0.234406740196637
0.240951295017317
0.232843388016395
0.232843388016395
0.212264967278292
0.22834819242385
0.106578027917748
0.242649709334384
0.262600369474677
0.147913513722669
0.207360870233914
0.179593846313159
0.161815222402576
0.0864452305963075
0.15949025680004
0.214383341437085
0.267055281483484
0.267055281483484
0.263175227872925
0.260460529503471
0.24458767021582
0.221021963601941
0.314564310659938
0.107723073188141
0.168739283511748
0.0791529635280663
0.122410834312621
0.122410834312621
0.161898287334776
0.238153823804888
0.154981857552461
0.258366141732283
0.108333709188358
0.0654680333669439
0.178327855418832
0.257464275089751
0.233983192583667
0.179008454585036
0.271731039479698
0.168229263587144
0.168229263587144
0.273716570617173
0.188400583767171
0.149112331237811
0.157496620459975
0.187421747749066
0.187421747749066
0.214925601826707
0.206921177416278
0.206921177416278
0.249509993339241
0.186983062375424
0.312807568813275
0.203300927858828
0.15763288340898
0.182325739045037
0.175132275132275
0.169360177703094
0.27069133882289
0.208395704114227
0.320544850953147
0.221359715980388
0.205984598752826
0.121580027532079
0.200539065925327
0.0638964234550237
0.128461374030497
0.0939070959557481
0.121753590027249
0.203181357753077
0.199634102016582
0.226225581357288
0.188748668496901
0.271473733968449
0.304578737472678
0.304578737472678
0.304578737472678
0.212479678378074
0.268472803732621
0.247233176697817
0.16293993783143
0.177635239805337
0.178557188740775
0.170496447615781
0.170496447615781
0.106222296641254
0.278411785402867
0.204355321661077
0.244040507197363
0.153039320940038
0.3036741528981
0.170706629329912
0.327421259056596
0.148012918188658
0.149717862699191
0.174963718961792
0.24928968543325
0.273726646450359
0.230034170752461
0.244367670942181
0.234045956111432
0.318753791547632
0.318753791547632
0.318753791547632
0.150839501092781
0.224563155220752
0.261781928755093
0.185941143069405
0.19398705641524
0.109319167322295
0.249103083121633
0.222016324904464
0.105291056780187
0.1670472534069
0.187702948975765
0.209085024587328
0.183319328638701
0.206471339041443
0.19397763577675
0.19397763577675
0.19397763577675
0.223812493969588
0.0377190363653546
0.176947494359436
0.176947494359436
0.16367753714408
0.260766064905011
0.260766064905011
0.106207767533244
0.287615354731253
0.234587508336519
0.119177128520712
0.179101597617349
0.092720751857744
0.20720197265582
0.214583333333333
0.247258642146144
0.213993559622852
0.184940047542916
0.141186168648842
0.285249066086421
0.210200776977017
0.138514256486291
0.105478438619504
0.228571428571429
0.18436339377815
0.125491619100336
0.185597350455539
0.152200256399492
0.141834563351372
0.177669831158995
0.150743746710617
0.150743746710617
0.223882758084466
0.20034731236584
0.140381496580642
0.0936293495752152
0.190177311705296
0.190177311705296
0.18671913071181
0.258999620614743
0.185643734923281
0.150997352528116
0.169941072953415
0.170231756060314
0.214950299346742
0.0653944388232261
0.232087815024905
0.132252763506363
0.129683840657628
0.197454664566552
0.233586526197278
0.170541996769965
0.170955882352941
0.154475244198946
0.261106663505795
0.0700857512571609
0.224938188947482
0.215968744595098
0.271345819576812
0.271345819576812
0.271345819576812
0.10596933961974
0.245354702081489
0.240659899442395
0.215343222910632
0.259774208787113
0.245760232491021
0.177669874474847
0.0752375407730978
0.230586115118931
0.206301116692666
0.150060395948353
0.171374728542126
0.257297549619327
0.19942463459513
0.0568377100853129
0.241913702508375
0.221574232587193
0.120465154662849
0.211875173515803
0.164805655048174
0.127215194018007
0.175552010543915
0.17432389013171
0.260999070936995
0.164882689591601
0.108979604533793
0.193795919096067
0.240382151058782
0.195773025728371
0.195773025728371
0.0323077413955334
0.186014392002616
0.219253292049908
0.219253292049908
0.213923986916534
0.108206778104939
0.171498323455337
0.19442443307822
0.10637525897327
0.117079806121049
0.191833004314349
0.176676599058573
0.261952019031944
0.233822693140817
0.213989790353353
0.272497412712503
0.126299348439268
0.225545034979013
0.047965769900872
0.047965769900872
0.155395579048583
0.128941312386404
0.239274243409773
0.20160486965943
0.120176418748866
0.132390874866728
0.210352365909348
0.210352365909348
0.124690598514305
0.223600833640023
0.13242458428781
0.0785890843490382
0.191158460867589
0.191158460867589
0.198989835433553
0.173705795181432
0.139664017575842
0.139664017575842
0.194581403732971
0.158677505790904
0.135556187941377
0.179265386188923
0.171807646147946
0.2216390069444
0.0293832315463687
0.121580087129072
0.0868626341372447
0.191791014266713
0.258762160197341
0.258762160197341
0.258762160197341
0.153666921965943
0.180039737365275
0.179566468283607
0.217849230511882
0.174657082083349
0.193380296454367
0.214988515870474
0.259932898774872
0.200915322673793
0.184327206138874
0.130189988154261
0.0863887735314642
0.152800258671229
0.200593154742918
0.142307974898214
0.0720390955887144
0.079575116627537
0.181025355765647
0.186745025245478
0.200701948167467
0.237289726211855
0.184013884979427
0.17368883643948
0.157106926294077
0.217026169001944
0.251701533648196
0.112572497545713
0.112572497545713
0.156367275299538
0.196188291800504
0.152947217547797
0.11826803813171
0.179423697667593
0.221181314941003
0.274515275465851
0.0601231971202333
0.069585155265894
0.236211615929959
0.0961483261833306
0.155913729998314
0.0560922838833479
0.318488246740983
0.192136075703725
0.143747334502204
0.172842037588083
0.172842037588083
0.181620003232114
0.0926361207045275
0.167989924495098
0.155402414486921
0.194466307009216
0.125340910005122
0.212877356549919
0.140472680845274
0.216720496905757
0.214047680563128
0.214047680563128
0.152422527899026
0.0665769861733474
0.163781661637154
0.203680348774896
0.207369128353618
0.158386095130192
0.232399679592438
0.182138025039116
0.247863559723691
0.247863559723691
0.157950913709483
0.187197001180389
0.149847252447827
0.144795502565072
0.201875032962016
0.15918268913596
0.187623756227905
0.174259658887648
0.249787696806094
0.1024931500434
0.180434661331838
0.13085833383428
0.156980625623149
0.158403410481979
0.1337844254274
0.208418586489652
0.209678417645773
0.21152349369777
0.152774512463512
0.152774512463512
0.152774512463512
0.0594408028708812
0.127635837143199
0.0605657544469777
0.18777693851731
0.197680046114584
0.197680046114584
0.0918393626518119
0.141345505046565
0.175405054894011
0.127032667201251
0.159994934443843
0.0505088444996137
0.0893984484177334
0.186858726189606
0.216144349477683
0.124091002464303
0.16446863574568
0.131662872894028
0.150939629202729
0.113914084299197
0.197740299532476
0.172398189864986
0.146832854418172
0.174576051701289
0.249944173657203
0.100245878320109
0.203298918889253
0.15202281484596
0.172178191635357
0.123173420311646
0.204126454094889
0.136728914307879
0.187745472502312
0.223330437118827
0.14148686607632
0.190254919450057
0.12311801232222
0.174385799550697
0.174385799550697
0.151147124625622
0.206089269878806
0.206089269878806
0.0586311902975521
0.241295477081385
0.181882617186676
0.181882617186676
0.119610172782703
0.144983729064266
0.147797455608011
0.18430026703088
0.169810958592088
0.12722518583692
0.194258202377799
0.209215629789409
0.11385581094427
0.127310820380091
0.0752977010298979
0.143920675121358
0.161123455540033
0.161123455540033
0.187900808735656
0.160381230876168
0.18916893081818
0.121370933658349
0.189904354971063
0.144407351418739
0.239508313983342
0.107564323395804
0.159557211496133
0.0839041599131599
0.157288412409482
0.199780353281652
0.199780353281652
0.199780353281652
0.212031160721511
0.132958709827755
0.124668923426516
0.124668923426516
0.165450160602038
0.140701602464205
0.222386599656467
0.166129656223889
0.23145961813221
0.168328721586925
0.168328721586925
0.171651975394762
0.171651975394762
0.171651975394762
0.14091093749095
0.0980150100562813
0.0980150100562813
0.0980150100562813
0.179954243616456
0.173895270489288
0.134782483747175
0.0986568986568988
0.134920786001661
0.105957337523522
0.0818257060798164
0.0674987902282528
0.0737827614771768
0.169995888490448
0.153215613273465
0.116302906590008
0.160300625111897
0.178873732052147
0.137015837788041
0.0779959795890168
0.235391362839924
0.0901969028701045
0.180386978084126
0.0704181589755414
0.159200312834684
0.101597374091784
0.111705961609246
0.155413143088588
0.135458796341052
0.198788834367528
0.11863031370835
0.148520646021542
0.220300364446027
0.140205584832537
0.184544412718886
0.203666111338653
0.14679483689502
0.146518417057672
0.15437865888772
0.14297749248034
0.148887971417461
0.175738245241156
0.175738245241156
0.175738245241156
0.165349161522893
0.102011130968973
0.153130676828955
0.0658410920165623
0.240775266698716
0.201975288103053
0.211671587222758
0.144066671475201
0.126285908074443
0.126285908074443
0.16610999579749
0.0974775216061928
0.13597052108374
0.151676145684937
0.13225886981522
0.0977452581769624
0.130281147922229
0.162380335843185
0.110797000177714
0.119222087050151
0.125045491236574
0.100904364744202
0.131693056845014
0.10957763095875
0.113756340552197
0.176886260726987
0.199426747051364
0.147225633795596
0.155236110704533
0.146024580207667
0.193445402109997
0.141995865477696
0.192284294453022
0.192284294453022
0.157584338330546
0.157584338330546
0.0625070308829464
0.138425042154495
0.13806871216195
0.131402863807296
0.0232594183108293
0.0979869503212372
0.137101430958639
0.134080320601071
0.134080320601071
0.134080320601071
0.0944177446188439
0.176680510911774
0.16838149830862
0.0489066906607423
0.170896217828722
0.0807199779907819
0.158274936176473
0.189487504469351
0.0614737408293185
0.129633879806419
0.175139653644619
0.128497549898305
0.0657268390440535
0.023934983773908
0.139059252419917
0.139059252419917
0.160118049963734
0.17769611245077
0.158250624464618
0.167557849005027
0.164607950855495
0.156360770231547
0.221429951154326
0.157411259719885
0.0929067363425659
0.185844050519103
0.0985094651524004
0.0506351642235628
0.115466463361501
0.107089180488335
0.181528772925191
0.113472195923104
0.0841140830500961
0.180672088015234
0.191037293159695
0.100068536798433
0.100068536798433
0.191346314941066
0.187941910358361
0.1199921272192
0.152863828659642
0.0642426769763686
0.0973905854620614
0.0872267789176026
0.0863773095613468
0.127500533830187
0.0900672276439932
0.122829849205187
0.204740323707477
0.0271712796842234
0.131059386926175
0.183424868756619
0.100147382311809
0.217791361670843
0.155652629739647
0.117692990515551
0.173611434408654
0.152933653423066
0.17278264552619
0.0821351347393801
0.0652331841218299
0.158809666651673
0.0637508883453963
0.133361428036539
0.0837647663015192
0.119484797787396
0.0807170109154878
0.137399479867106
0.185181963172394
0.208446397931169
0.208446397931169
0.196469947211419
0.123317727092307
0.116207837901321
0.139045359353008
0.187604469427222
0.106414636970867
0.165774333501031
0.117108229652221
0.184929155351818
0.209369112821029
0.181435381549398
0.174631038996802
0.100382971303455
0.16316694761045
0.174003941342351
0.127110508581645
0.184174726202378
0.119012789852644
0.118110856830846
0.1295341281291
0.0956883516681178
0.117696966041314
0.0964499731116716
0.117427316505595
0.196988148116054
0.0569265763326788
0.244672121228511
0.244672121228511
0.244672121228511
0.119528061134712
0.11691612522443
0.14419221394551
0.114381002246222
0.125540036979093
0.234493110525809
0.0813464297550301
0.0889414310977693
0.117537716289053
0.099870489094127
0.174171860122204
0.0802156558202169
0.16179479747586
0.0795915232997383
0.134365202139199
0.080498051861242
0.0800662942319682
0.170232975435547
0.128924858934366
0.177445454412954
0.177445454412954
0.147385709616438
0.152449323336085
0.124151985987035
0.110330871255204
0.109268905595355
0.0644633898042845
0.120032030210177
0.114475256240961
0.0471351241701947
0.200345785479958
0.125891859805803
0.171449790387289
0.103459419550327
0.103459419550327
0.0763922007742941
0.163374749884988
0.125447767471863
0.162603099414897
0.0696879650961283
0.0696879650961283
0.103461991934951
0.104365012508474
0.156400834445176
0.126774951158427
0.126774951158427
0.0268642860270217
0.029433715479435
0.155860674716185
0.155860674716185
0.155860674716185
0.115517844672114
0.138715669389867
0.1111112872842
0.17062275610056
0.157449989222686
0.172641695628089
0.108363347467425
0.117496290168102
0.161730106519603
0.128835244837826
0.173003225325979
0.0657808052840022
0.10195189055579
0.157281482840475
0.17134974322191
0.17134974322191
0.17134974322191
0.113723215944512
0.19488584256466
0.128502961633937
0.128516878217509
0.119663285787333
0.0616247481136245
0.0616247481136245
0.188738997311864
0.130341785923494
0.130341785923494
0.164774293675912
0.0799030197758616
0.153750334571924
0.15733410781578
0.135703809514617
0.135703809514617
0.131250927453895
0.0682103043609206
0.136933342449643
0.208418012097146
0.160515224499229
0.117784270352619
0.110863711839467
0.17025171624714
0.114368971422466
0.0622990583097182
0.15986970409574
0.0897788439610967
0.0892741727391392
0.157056862302912
0.151031901300358
0.151640457242628
0.144310373964406
0.155220863207026
0.0841452278479136
0.0896823682286222
0.08014085971595
0.108934874420211
0.149750672796631
0.0825822793967283
0.0625628355399448
0.147196190719732
0.116860158205218
0.0821304135403945
0.17129921567592
0.114374741460059
0.0530173212465554
0.0921949434289337
0.188265209630304
0.0968775833202897
0.0765671157875292
0.171620366774424
0.156802328092542
0.0866020359311195
0.0938370032445475
0.220878058555789
0.139167443033214
0.111472926869155
0.101480822686102
0.126915130321312
0.15427947915909
0.0634795150629307
0.147309248235778
0.0888961905113528
0.173794800868093
0.0872263306472759
0.0864296008145425
0.181172510827184
0.0969333269696002
0.0550534248842156
0.1436951744605
0.128477198377919
0.0955165060567262
0.0715387901335526
0.138253169661346
0.0938366461685335
0.0408256221345491
0.125918287332714
0.177471491217462
0.080024981555802
0.080024981555802
0.13654783761061
0.1549934439462
0.0877159429189209
0.0932026743626038
0.123337362268341
0.0662230409388285
0.0908019169261809
0.0913770415738023
0.0913770415738023
0.0913770415738023
0.0962686139258534
0.105951549011361
0.0827138333245893
0.147723416794222
0.0597194740748335
0.11056478383805
0.094777194257245
0.18184382901856
0.18184382901856
0.170836141771839
0.108379524809676
0.14407869539836
0.1729429497942
0.158601289892756
0.158601289892756
0.0408992942076643
0.0408992942076643
0.109235572718273
0.142405430697412
0.0894717887267288
0.148175876608315
0.119163008428696
0.0534682486623761
0.152676232426702
0.190188093351231
0.140691489361702
0.0473345746368485
0.136075854678021
0.069533573526834
0.137896898681212
0.104657128826755
0.0472765790837408
0.0624025838650536
0.059385500722522
0.0800925976483099
0.0800925976483099
0.106419977499776
0.0455404900108463
0.0779618654095797
0.123557756498732
0.115583502516909
0.115583502516909
0.0845424031867676
0.0752773124987372
0.165415073508856
0.10532483315816
0.0681543417094375
0.143516440418514
0.114267518938962
0.0632730547782702
0.0727007189800616
0.16329909610456
0.16329909610456
0.0631616963887396
0.130193368316483
0.0552137301468794
0.13122694286033
0.0556666167430466
0.15628702225709
0.0923856898934525
0.0670954666506925
0.129140984743676
0.128076431464218
0.114276663128298
0.140191585035863
0.0755855989228133
0.0896077720184559
0.0753514858320284
0.0685658575033274
0.0572753584489348
0.0572753584489348
0.0881713668038226
0.0669889598573426
0.13953800166012
0.0151025150828856
0.064335062776342
0.072707710927918
0.0311218078656334
0.0912319794126802
0.0846141541950117
0.154636780533359
0.14834999506107
0.0424915948135091
0.0989417314682311
0.0855719586291437
0.0867571299734135
0.171539892216926
0.0630564781128411
0.14637539247436
0.101895030662779
0.077250351890759
0.0729996471292798
0.112295888254968
0.0572379962255028
0.0843756979378768
0.0640636793779943
0.112650767601561
0.0847069339467631
0.173053718183717
0.0992710498497758
0.166666666666666
0.112252735309035
0.0849254327680713
0.0849254327680713
0.0849254327680713
0.0641218115911908
0.0726392693317114
0.106365261167684
0.086416689642496
0.0395679434365706
0.129435158950898
0.135533128243935
0.0803633634295279
0.13105088512102
0.0952978180428107
0.11764592979153
0.0329478724276137
0.0690468570685354
0.174115960452393
0.150906172745887
0.078672600737129
0.101915345993796
0.0481824468905314
0.0821032058218199
0.0538047362653073
0.127999289076989
0.0429801932052754
0.131007407992516
0.0427476791381032
0.12448085629688
0.115367561602011
0.0572688565241193
0.13476297601301
0.0655683210946003
0.0502713223466831
0.0653658993026002
0.101393062884552
0.0775024368855293
0.123127870092352
0.00705097256101419
0.0145995045349631
0.172812768550029
0.0966939947452688
0.0997960704392886
0.123615134069728
0.112967196374047
0.138889304835263
0.0628102460470485
0.0628102460470485
0.178940404091811
0.0758512015192103
0.112332976757756
0.152153143750068
0.093783878357804
0.152663382466525
0.146139796629913
0.063926221549509
0.174817665011203
0.0862125568822317
0.148361676965871
0.105347606080066
0.146375804870018
0.146375804870018
0.0717476649007354
0.0580784864252915
0.0603368421544155
0.0464927856742705
0.096626827054894
0.0875693863761721
0.115547732888643
0.145601774757236
0.109122509155376
0.125962925398478
0.0866315209181885
0.0680103154920928
0.062934956617078
0.0513614577559143
0.0759208347199585
0.119740705330387
0.0638140866774311
0.122335667557041
0.0748525044393404
0.0388332324330826
0.11847018160843
0.0911809652576361
0.0790362148517167
0.0790362148517167
0.0325581908192142
0.0796376763921535
0.00899056680213463
0.0892012940143729
0.100433724683851
0.0629081706400338
0.113269323447224
0.0716596292979882
0.0677067758352624
0.0563848131995528
0.0232106757316919
0.115828429467497
0.0567558732351099
0.0423023227103486
0.0699766326398214
0.102807208640416
0.0617763251886085
0.0715807040953745
0.0727232987775945
0.0672067451548942
0.0672067451548942
0.0672067451548942
0.0827334947811151
0.055478192791498
0.0424723001505675
0.107412847953109
0.105668398710479
0.105668398710479
0.0873946410138938
0.0314918365829195
0.0446596578521016
0.0577378193807616
0.0479989216783574
0.0535869457039216
0.0588494115317529
0.0950934212438913
0.0475708995541624
0.0684213986690419
0.0640347697928973
0.112888847490395
0.138207703676892
0.0569086371769038
0.0608847161547814
0.0792086915434635
0.0732878932490611
0.0121321914678827
0.0684241349373838
0.0580975751607867
0.0567844953901958
0.0507031417272618
0.118286915214049
0.0939734076491243
0.0696687682479324
0.0604188841770418
0.0105595470444313
0.0642115973122704
0.0204661189207983
0.0861626530091637
0.100448623412897
0.0973928000068286
0.0695547248350624
0.119964665870386
0.0270059395011966
0.117478265550208
0.0598448040974481
0.0243344085717678
0.0672828565162197
0.101623197263719
0.0538527315042181
0.0722694227011113
0.0303796058955058
0.080036323638322
0.041776931817471
0.0586869081620026
0.0765479513730079
0.106465402027723
0.0435092189603105
0.0123060909406677
0.00734768973149287
0.0188375273868579
0.04815966576919
0.063434816845307
0.0799561164752213
0.118660101271149
0.0547270119923384
0.0276037512393203
0.093261564756987
0.0437415396367846
0.0386942713426405
0.0839172812960271
0.0850112525805087
0.0440814076694705
0.0657296876947349
0.0952027262107704
0.0513735046521931
0.0637350308119932
0.0534357975679278
0.0511280625556982
0.0480871843848721
0.0647487174812771
0.0165476162702297
0.071677112843639
0.0283965745563697
0.0244187285763541
0.0324780242701327
0.0465607814408213
0.052779268276792
0.0586113935347423
0.00231526460557868
0.0921216727410913
0.0480576123495399
0.029034646887623
0.0559581825952315
0.084064931888537
0.0411695326284654
0.0816368984016674
0.0326960465306665
0.0536314218099796
0.0159903752234018
0.0172266376414422
0.0310650579332584
0.0466237071454431
0.0394920399282047
0.0397831516487418
0.0331334837597893
0.034678584912678
0.0303097060609702
0.0338134985242652
0.0637140252363725
0.0352687745553959
0.0352687745553959
0.0352687745553959
