0.0594059405940596
0.250188857529502
0.273800779779089
0.251085215796755
0.181205390414404
0.0905190705785129
0.0742708903971953
0.162244875430348
0.275989344832837
0.157038167964468
0.187698010725607
0.133500278809586
0.14758950343004
0.142120714314395
0.186233548076013
0.172893492727136
0.268093045389266
0.200852084721173
0.092699902540719
0.0248158160708502
0.157361152988
0.177242709812257
0.177242709812257
0.16874405897019
0.188536500558087
0.17056991635188
0.133167042044052
0.133167042044052
0.24910144088796
0.125722157950417
0.183769318826123
0.0757922999915845
0.0648020903300551
0.129460879488506
0.0202903985218175
0.0543314753089445
0.215743119644302
0.0653720464291827
0.037239126688225
0.037239126688225
0.112078070220435
0.13270708425721
0.153491272207759
0.220090257785235
0.10030789300908
0.106949861577589
0.144157357211672
0.0628616391273842
0.149789508710728
0.0514188676526011
0.0635404810478743
0.0364727084946988
0.0874553878190017
0.148416625005647
0.157090489116061
0.131521212978584
0.0505870810072943
0.174892978980004
0.1068795164764
0.131786441054171
0.19302708813967
0.0933271115504983
0.0433905336548623
0.13271416871015
0.13271416871015
0.0857783300682508
0.0857783300682508
0.182442111584842
0.121778499234074
0.122809985013759
0.208024891951795
0.208024891951795
0.0607110025123091
0.146901907968575
0.0543311031539035
0.154957832647199
0.0880920333778795
0.0811809392248311
0.0323012133129925
0.109526626661661
0.162748037121407
0.139227820327641
0.0617732139195757
0.105978537378978
0.0647084955830575
0.15613842181419
0.0997256284000936
0.0997256284000936
0.137135084954637
0.137135084954637
0.137135084954637
0.166762209944301
0.104232609480784
0.0306126557041473
0.0846275992658478
0.188297494225633
0.132374344259102
0.125768509769769
0.099474422559393
0.0724718532548864
0.0844260141700633
0.11059160997969
0.11059160997969
0.11059160997969
0.10185964595557
0.068146187706191
0.0956558208681014
0.0876963571066995
0.10255914824652
0.13609049844986
0.141784977412414
0.109990357009052
0.122557860393819
0.0784688941478442
0.176874503760742
0.142667093920555
0.106202752243324
0.0911533197287355
0.138514766123609
0.0903759652015884
0.0768767889963196
0.153412295820314
0.0220609653633849
0.10736750506992
0.10736750506992
0.176082412548726
0.176082412548726
0.0527888300407757
0.0657610058362724
0.163372379214409
0.191356121677729
0.101407882223325
0.130934619261305
0.119502985561547
0.119502985561547
0.0841925692859321
0.104237230436524
0.0499440218729517
0.128296778325801
0.136282981837469
0.136282981837469
0.117164235226503
0.0799680169704118
0.0646006329443614
0.0860346432896524
0.209142962646744
0.119408448182571
0.0589779320065186
0.118924364600885
0.0958869141930013
0.0446990528421041
0.0666633530539522
0.0267863481612955
0.0606286069923154
0.0606286069923154
0.125873611074143
0.0688179629861782
0.0613446482486955
0.10179886737914
0.121077967702113
0.13145196970474
0.0905231109496349
0.0257855427964903
0.0920990447712864
0.0983962052879092
0.116745284610723
0.0593844586170696
0.17694681976757
0.0778455755887435
0.146939877537074
0.0583055501823092
0.0987076691069396
0.132610757570158
0.132610757570158
0.0980548372071062
0.058973120101398
0.10687127319009
0.10687127319009
0.0428567845090428
0.124398224508559
0.177905179013234
0.0463346538478889
0.116266477985054
0.110349099597363
0.0666155350807653
0.137554007473005
0.0723100751863283
0.0723100751863283
0.0468934838381729
0.129088269586887
0.0480957258564087
0.135495178837214
0.135495178837214
0.0676039896336639
0.025101719255749
0.115157242465976
0.0975024561681141
0.115500253068556
0.0839874741569123
0.0632999879032927
0.0225082610299144
0.0499873294356677
0.131486173192464
0.0335171945227541
0.0208115381417274
0.0956197358193342
0.0956197358193342
0.10705219652391
0.0475141275978336
0.0475141275978336
0.074332696953131
0.0900400325870072
0.0900400325870072
0.121167994493963
0.121167994493963
0.0398035935210735
0.145087955801122
0.0494766421336562
0.0416486980025859
0.0879214593262329
0.055503187467636
0.100018739878199
0.144799932694413
0.141759232264022
0.101481363234837
0.0516276746412614
0.0946362929259548
0.0596333057197287
0.0500732331853875
0.0271058896774021
0.0674486495228352
0.0562606119179634
0.0562606119179634
0.0562606119179634
0.0952933349509241
0.123771423606607
0.129573449136788
0.0394491254996982
0.0897169309454203
0.0564456029810534
0.0564456029810534
0.102909717751956
0.0915889184719519
0.0809897204029622
0.0306704706472489
0.0460161466211599
0.0584733473425651
0.131978354351563
0.0587697913272366
0.0820745205981223
0.100835413892719
0.0701533387950755
0.0701533387950755
0.0569664939832848
0.109461507949706
0.135393541139721
0.135393541139721
0.0562486779176158
0.0809358237366593
0.0712570464782951
0.0137159373219892
0.0237015300678514
0.0894302944933728
0.128891702666238
0.0273829563045371
0.0897766598094612
0.137000831058872
0.0491933238814447
0.0492674113775644
0.0492674113775644
0.0492674113775644
0.142888440955641
0.118728176267079
0.12277381800479
0.173880028498844
0.137870073597483
0.0927889455223644
0.061648253648089
0.122696909065657
0.0526509021339525
0.0431644381238017
0.0714937548969166
0.0263713556231919
0.0453997033220212
0.0877603153689012
0.0640213927826956
0.0640213927826956
0.0622317863046139
0.0852819256363703
0.0903159021677673
0.0270315734637884
0.0270315734637884
0.0445491800483036
0.0525827454173261
0.0667676476885819
0.0858627093799973
0.0858627093799973
0.116713954383278
0.130855969435974
0.0803886170404104
0.0710915092809139
0.0362062345229947
0.0258595952947034
0.0526505045601942
0.109471316664615
0.050918089887988
0.0764786045515304
0.0370613097374695
0.0428865649418718
0.0961901326091878
0.081084281813915
0.0344953001097294
0.0310614016711703
0.0357953589716743
0.113874526657399
0.0570686400362456
0.135736508146363
0.0830017660744179
0.0449919119561874
0.0456246155184587
0.08955868287852
0.0448537277876234
0.0980936628712212
0.122959411401926
0.0736047844957128
0.0695958498229086
0.0485493174031214
0.0855297668946512
0.0752104542108697
0.0420446272221605
0.110449735449735
0.0386300409369243
0.0606112620935266
0.073950451053012
0.0357020149810732
0.110126405335152
0.0253862209161919
0.0764677485326292
0.0435823840685243
0.0704408995770437
0.0731695267531763
0.0825457713703223
0.0294887835511671
0.0294887835511671
0.0578351274193268
0.00616525566067686
0.137950082567735
0.0599673313518752
0.039261438559723
0.0711628704159728
0.104344871272819
0.0546561526002772
0.0788377796974919
0.13012222827152
0.113291810967037
0.040248998899616
0.0510578289693923
0.0778239452063488
0.0905985994819454
0.0434903238460515
0.0434903238460515
0.0577640561266673
0.00491728662874029
0.0455473744940861
0.0827170167686403
0.0401238871108554
0.00850666510795867
0.0833952531622628
0.121334685191263
0.123563622924472
0.0558052041457775
0.0272610282139325
0.0272610282139325
0.0455076121740922
0.0846698404476722
0.0669260092942022
0.0570365516513618
0.0476698859439966
0.0547284687347411
0.0318272114847362
0.0106167533518815
0.112027009944673
0.046124975814098
0.0739133655187218
0.0739133655187218
0.0577702975843794
0.0371628414918176
0.0570547306583963
0.0841080581851764
0.0458197683861361
0.078021351760849
0.0662505127500704
0.0663737041003309
0.0680953037225916
0.0557588883742557
0.0719449246136169
0.0464933117295021
0.0355581289568602
0.053568148570189
0.121796289635592
0.0235330590982007
0.0605150394111621
0.0579784153728619
0.0887205344329408
0.0277479346625401
0.0196588878005432
0.0519842343041376
0.0442253871536561
0.047499510235046
0.0337449500935787
0.0875793329259401
0.0478460228879008
0.067238905325916
0.0593953464553128
0.0483796402202519
0.0420039727220786
0.0326265527304029
0.0905017651021355
0.0905017651021355
0.0905017651021355
0.0144430191640791
0.0377987856815249
0.0359555901915101
0.0614895378895476
0.0220288962329888
0.0701586768077391
0.0657297643808178
0.0657297643808178
0.0674157303370789
0.0558509414561009
0.0291037001958821
0.0520430141505956
0.0395293564955417
0.0285048171926236
0.0344375598508961
0.022916128581273
0.0225899578203215
0.0340202255424842
0.0193845689805877
0.0334379266945197
0.0425669869155863
0.0482636677258284
0.0582375268655381
0.0212734320953681
0.0149038337603625
0.0638339155383629
0.0638339155383629
0.0638339155383629
0.02043854834878
0.0127231677448364
0.0716924186526509
0.0412686184865991
0.077882898011982
0.0165945725203712
0.039859795325658
0.0329556705401273
0.0509107552796631
0.0544122241196514
0.0709913404615407
0.0339623047654885
0.041345624504145
0.0379180941369028
0.0584779579784803
0.0404892375598297
0.0404892375598297
0.0442928464713599
0.0520006603194561
0.0401080605432506
0.0109895044297991
0.0867394347957127
0.0606389425947364
0.0304015745030318
0.0234100164337618
0.0201727556420923
0.0298253265574891
0.0514423290460317
0.0480000000000003
0.0182674848130489
0.0444444444444436
0.0188252830422667
0.0157503585909735
0.0279439550282019
0.0184122391211319
0.0368380374856191
0.0368380374856191
0.017643570089025
0.017784991349769
0.0408163265306129
0.0214008126421375
0.0214008126421375
0.0214008126421375
0.0305263194193455
0.00441918201213461
0.0256136210122266
0.0228017494511573
0.0282112928181788
0.00568849724781802
