0.0757799806488125
0.616434210301966
0.548820269907945
0.438309186912566
0.488142938868174
0.588933807519931
0.508966628806461
0.508966628806461
0.344120574945077
0.422484300720495
0.357156758091831
0.300693236399086
0.333002157531475
0.326096788783356
0.395813429117181
0.294865783778255
0.357082233271073
0.154181283372326
0.297676750833079
0.293913949008463
0.223934452179525
0.417447654515744
0.118866039058672
0.346112588642242
0.264980663856737
0.307154944822297
0.276747832693694
0.252589535758454
0.259537480005489
0.348754025913557
0.251906288376528
0.294010674249918
0.178956331031113
0.313094395756843
0.204298900057634
0.257806826434277
0.257806826434277
0.278782078630038
0.15691092678095
0.252831906360391
0.327625400099472
0.264668671079405
0.269832067862736
0.31573659240389
0.24125513543023
0.283395853244411
0.2072029577372
0.184679280807981
0.168833158179729
0.239052101667792
0.192857754460551
0.154503183854842
0.226602287507617
0.304642556959388
0.18148325708878
0.220118204909807
0.173096849907762
0.173931859503983
0.152783178811862
0.181010073008893
0.10415217186097
0.276979832303515
0.173654422681327
0.0924863545884612
0.179217666161723
0.179217666161723
0.171401692828994
0.171401692828994
0.186760280659622
0.0773024848769375
0.17144298676809
0.207800067684905
0.178266378204952
0.193107752693966
0.152281572097806
0.117777033710183
0.158702151822651
0.252421862102909
0.181623484322631
0.225885166506019
0.204651048900643
0.153279306174115
0.194570058798943
0.136921286344325
0.100141350210971
0.17746145843667
0.0874133339024624
0.159335623841119
0.234167385997051
0.165395806650021
0.174736938399471
0.280810630136395
0.186344756453967
0.127886352710535
0.098911964708236
0.187802010450404
0.213476583605633
0.106423774443238
0.106423774443238
0.0969758916836265
0.0868370346529562
0.168423527549872
0.25041757441962
0.151808659269992
0.102189975084356
0.106814201008925
0.106814201008925
0.106814201008925
0.0991398242060759
0.142139101676247
0.0971536336263318
0.210052855027122
0.153930381683579
0.149340137370193
0.131238882450692
0.131950360582963
0.172533176007222
0.202433893235804
0.0446644776943065
0.0503697053431247
0.061412750498994
0.1985652876006
0.118005292946385
0.124708896458204
0.0427560027018717
0.143073723166149
0.209977808088005
0.115276326249828
0.205073925018179
0.171337283742273
0.0965718838045806
0.16222568095824
0.152247624873672
0.205252446085427
0.140205832726608
0.0438154059287533
0.175347236024768
0.0836851561529212
0.0836851561529212
0.107238264898913
0.180370629438444
0.179078594073673
0.215546855598812
0.152968564333238
0.079393761397241
0.173665667673494
0.108258414995033
0.0922007821923572
0.196026024294898
0.106263601141143
0.0846876207772458
0.0534465987018938
0.0991048892782869
0.115190847113463
0.223176410518196
0.115048812460621
0.135775150077929
0.0918367225739923
0.11899395778012
0.0832920063767175
0.0495863985916701
0.157931144900259
0.115076492013589
0.136745854441874
0.0715261160661629
0.0900329412978375
0.0864180754920993
0.0936761149299969
0.113453377929143
0.119389658675677
0.119485649050391
0.110794223438539
0.0702704074385549
0.163573366144132
0.102897541940745
0.0837793816910587
0.0837793816910587
0.0343753787868802
0.129159032839636
0.177381176921329
0.141145584584718
0.148590000251264
0.0412513443014973
0.0686348960306303
0.108731591564335
0.0919745089187353
0.093227171136654
0.089510191759195
0.119073887634995
0.1699823124575
0.116797103063541
0.0840775948296179
0.126913647355975
0.0685086512359893
0.111823975628968
0.0808640073158971
0.0788099582639625
0.0830295190859404
0.039671948220806
0.0708647916949482
0.12200115618487
0.0795673292642741
0.0529542163894036
0.0512800021311169
0.0812246438341951
0.049120493635759
0.0908497883883527
0.109716302208319
0.118204450491983
0.137507700313231
0.0230432382042649
0.0430295069926176
0.0607802980284976
0.110370754114392
0.122758194186766
0.0597370354241882
0.0822117610122315
0.0675610783760631
0.107470751694541
0.0566564845788826
0.0995837989246895
0.0995837989246895
0.0788595974284618
0.0638539886493552
0.0209693983059826
0.0188356644328573
0.0240404259831076
