1
0.210526315789473
0.381162407913451
0.666666666666666
0.650923088682731
0.727272727272727
0.708999129751248
0.676577078401337
0.654545454545455
0.521739130434783
0.465116279069768
0.82190405056709
0.976563730851146
0.018957345971564
0.518440899858993
0.49855072463768
0.635733543165243
0.622646186936751
0.566348072421859
0.465708892693906
0.123017535740795
0.698896064335323
0.362679511194363
0.535475599266436
0.658852784374304
0.59341545602808
0.519372599288098
0.377808176117431
0.170862575186722
0.677481934519929
0.546746801044641
0.671036700638512
0.45820730834271
0.741697630540218
0.587203330772773
0.351182392814433
0.0386489679147833
0.372006166807809
0.513483672757633
0.356708066896212
0.460797931750019
0.385096306005682
0.647888224896241
0.484208678032243
0.393119045631868
0.164390538948843
0.558332909544174
0.522307714849597
0.0808734746307
0.382179012886541
0.516814446210272
0.488555427182079
0.301737757205208
0.598178680472588
0.660929468801572
0.257893799184329
0.371890978573571
0.529211264684305
0.355267633077792
0.514005681132364
0.525588165404329
0.419410623480356
0.52418637333558
0.430971301480029
0.366000866716544
0.370794232089723
0.39325972141037
0.506153581087895
0.290953437086733
0.363164893453102
0.355904473667866
0.298921402417714
0.489464005430428
0.558523056801154
0.421453888240984
0.386185062126875
0.260062441543386
0.0952826878611593
0.200688404883179
0.210084176472141
0.417112068795875
0.394146364806075
0.252232199225792
0.438108954356094
0.193802221785234
0.522538210050863
0.374010384078832
0.0942539580212973
0.344309565674543
0.347437464640078
0.339765523423967
0.209760896026048
0.0992554269142959
0.247633750487441
0.283537815948836
0.345596387334037
0.393504589822048
0.268108936272327
0.23366230994932
0.29666763920145
0.142782089541597
0.498253706770036
0.295483570701085
0.231883765003159
0.167956564571456
0.346576604442145
0.493411048656257
0.253373545001176
0.253373545001176
0.200768477360054
0.286080783745565
0.247602766843721
0.233549292397486
0.354434932799678
0.236898785487117
0.278186158894297
0.375040987350133
0.263694186624344
0.345154343144292
0.362621032534022
0.389028280321651
0.253445880970189
0.331039954029851
0.221944096787651
0.209949726291464
0.35643278921231
0.24479147620623
0.295626434206417
0.182173030359577
0.134391455907439
0.296068178964873
0.10748892580288
0.10748892580288
0.307946726319932
0.260340344830267
0.245811906173775
0.354106442170891
0.0881388903537298
0.258812111801242
0.198222123383943
0.208148812451275
0.254717469054182
0.14272075549948
0.255073429877388
0.159128317524469
0.23987526843762
0.0648871860675611
0.243281104765161
0.247755312552015
0.256678139031081
0.217762214028971
0.30053873849206
0.212276525240155
0.242699353760243
0.242370991179751
0.109177192847825
0.239671217093036
0.229929344009789
0.361492266554506
0.117550030321407
0.248300536018767
0.18196387355332
0.307585497099801
0.143518518518518
0.149450549450549
0.351751253272347
0.21834209307088
0.0792249184495819
0.103417064067856
0.200871071938527
0.317281354918127
0.213781337371544
0.204084410927555
0.225211758844046
0.223866929563957
0.348100178734906
0.290780141843972
0.102985209781676
0.306485765822288
0.185441258568485
0.13069613361618
0.16884872536558
0.26663572872358
0.0630336495365605
0.214292935240586
0.315289648622982
0.0504427876685661
0.314583928174868
0.142981162591571
0.0318803738317759
0.156472957087489
0.22
0.177992864599138
0.130944202662325
0.314100548886489
0.15865258820743
0.206324944545735
0.206324944545735
0.235583343627737
0.139865059742882
0.132151635911812
0.119656160370518
0.0857816145037719
0.176634835377573
0.197208334606406
0.0743986632134403
0.159161634958399
0.215826422231922
0.229046172613725
0.139889100636885
0.158132530120482
0.168786691658934
0.128210718532404
0.296996824474902
0.237901171676006
0.146088890057643
0.0902383439711112
0.249902237346212
0.227223955194272
0.155278349181226
0.266655579980911
0.274289833946528
0.207316999274069
0.296563062710404
0.0558934476813029
0.05831729386518
0.0883623363137757
0.0945249052141906
0.291708291708292
0.0693630575567068
0.161979931031388
0.278151322506324
0.201636161255912
0.274143637125193
0.207255747126437
0.0455331960562064
0.236933797909407
0.15575734490004
0.208616334662423
0.20072198713811
0.139259989343769
0.109599898884055
0.284167484461891
0.213220858760263
0.0974052193405641
0.197629504766382
0.107416879795397
0.207002929889324
0.277551020408163
0.212679834436917
0.172843773022037
0.140804254828122
0.27952024325694
0.15367175273681
0.262434087593471
0.274385831270234
0.298433048433048
0.210538296500144
0.141566939399566
0.130113533970085
0.163054271503313
0.208453737705712
0.182497175892086
0.22450187644934
0.167756420053006
0.176072072424457
0.0898181550467496
0.219530423329363
0.159459810414232
0.232540412079905
0.16627661877752
0.125263623832484
0.174479178831141
0.216074760566434
0.136701334835415
0.28088792145659
0.207051961823966
0.152215063459857
0.114780340370513
0.262901737879821
0.230324074074075
0.185410796154105
0.14457868905117
0.229834419013496
0.234088669950739
0.187790923796003
0.175386434282651
0.142754174840541
0.194316789785259
0.146144127165471
0.296288975638682
0.230769230769231
0.118211891770661
0.0915529709982854
0.193954148914587
0.171223771486797
0.154604409857328
0.213173522364591
0.151351351351351
0.151351351351351
0.195906432748538
0.256364180892483
0.128339775017289
0.0335549567216693
0.250448738253616
0.209458898625053
0.105794435437456
0.15983606557377
0.171332155230079
0.197292069632496
0.227718611895965
0.213408844275638
0.164313885259356
0.240431831628878
0.159750786004788
0.133946695249141
0.215091173029689
0.129607331919158
0.202334523527392
0.156684724672042
0.0128229336337458
0.189710727003632
0.193381677799691
0.208030805312441
0.227869792197486
0.0959811408950067
0.22337962962963
0.254826254826255
0.0696806223937937
0.176353465440409
0.177156177156177
0.258667044007358
0.13829987290212
0.131339918264858
0.0926993252216533
0.159172932134336
0.132660364632428
0.210526315789473
0.102263234805302
0.246324296936053
0.0806514169095645
0.165469709255183
0.128227886688619
0.0746371443430472
0.117677142576653
0.258187159768426
0.193151046991178
0.135073137648143
0.205839967600567
0.224384921884964
0.159026248732095
0.175374702339263
0.0820539359320891
0.245125970616167
0.079608261603664
0.0808975451133191
0.22498929038599
0.192584761988381
0.171457203547128
0.19135096859036
0.0729257739979006
0.243112914776797
0.232361809045226
0.187233631519655
0.0899388878322317
0.134418735362997
0.169424179689414
0.169424179689414
0.178352036271307
0.143539835018369
0.124778700673719
0.174092369447796
0.158673136188055
0.103551989965063
0.0978760690259464
0.148504288249314
0.160588079076689
0.0847166641964328
0.0982722494225936
0.118682897127216
0.118682897127216
0.183577765713935
0.161277712049122
0.197766134416694
0.19172658194657
0.107853999492926
0.151070749919633
0.159206779390364
0.155146505527327
0.219733414462551
0.196082856452003
0.187895628610376
0.183889143435719
0.169888231426693
0.0892980062084086
0.107436836697642
0.172357682342847
0.201689614141403
0.140935707576393
0.0575392987988384
0.137952016129552
0.0922398995450159
0.168258771300151
0.111975304905729
0.204535133662317
0.0556533464979757
0.101533712632484
0.095449625092407
0.0995132018754064
0.19527980386452
0.199499418853642
0.0847480964942777
0.140359881877314
0.140359881877314
0.19047619047619
0.0232387541389615
0.129072804760689
0.187422600712676
0.162074649349242
0.143011917659805
0.0627054443565602
0.217513452233702
0.189384963498258
0.114379109900553
0.221781351153806
0.195555555555556
0.0811341390833508
0.187320023493365
0.156455225861645
0.195962977636586
0.141176470588235
0.0896498226950355
0.0543920121921532
0.0543920121921532
0.222826336683141
0.162112996029639
0.152300243931699
0.0819630613235932
0.177316746055947
0.153441933788754
0.0565979789524618
0.158266897746967
0.180083596566798
0.15661829969208
0.142964010449772
0.183968142991762
0.22322310847282
0.177751085180087
0.123565332010338
0.10646060249996
0.159139977236396
0.178551964778995
0.197352822755328
0.131419067973703
0.133901391393746
0.042040114862513
0.0758823393700794
0.148470755612964
0.0737309752140823
0.0679889173531013
0.14963484157364
0.21268928502971
0.123052448841689
0.144937377458444
0.160201931945051
0.162570966103224
0.0573393867029125
0.181554115754229
0.127978750428958
0.0983938709515085
0.112862252315246
0.152744404227204
0.120067360474439
0.120067360474439
0.0734190027730548
0.149128813748239
0.156862745098039
0.167441860465117
0.160007928707703
0.159708829538237
0.139678712945348
0.125549051497037
0.0821464890845959
0.0744192365984803
0.195466997005649
0.161198662446339
0.141627339786543
0.116402116402116
0.144037517705912
0.0539419331631813
0.0873018115883618
0.0690805652830105
0.052348405278855
0.150169522742122
0.125705076551168
0.0579338290820222
0.148442895756298
0.0937270385784672
0.186588340717877
0.0931330930779965
0.0686237226216058
0.0645314031638481
0.129908597986058
0.141239146913144
0.105284376027754
0.164053289704147
0.123801305210978
0.161891570437061
0.0467826884463498
0.131182872948023
0.0523613449006423
0.17638428708938
0.133292790800531
0.151574252629847
0.0957923764795255
0.180117547510691
0.127804142927016
0.154206449929901
0.150918720983456
0.185087838267029
0.179139549705102
0.159172932134336
0.10707799123997
0.160843167309037
0.147221075141365
0.0171466478462995
0.142575595472718
0.172985942278763
0.149739900939082
0.0842411038489468
0.025780033280616
0.135333526637875
0.0995845125619438
0.14555393417182
0.147810492455669
0.123128324346804
0.0909427761912427
0.128407111912316
0.160841108971782
0.157286108878103
0.110852110852111
0.13429132946319
0.119830773996707
0.122392462744275
0.150627615062762
0.186071317257967
0.103803476539407
0.126400845909529
0.157569234113375
0.120312860150283
0.105899336698246
0.0752169550116797
0.118306790910637
0.100061012812691
0.110323089046493
0.0604618727644848
0.135180861029936
0.131944444444444
0.0922502779189978
0.131306068861822
0.172396643492799
0.150918720983456
0.14675854107291
0.191085714285714
0.173873645266754
0.148148148148148
0.15865258820743
0.117135275282297
0.183242464122329
0.104137983953957
0.141288340609255
0.0647385233217227
0.128709905615285
0.10935854675948
0.103341717964368
0.112238299251046
0.0803291776699625
0.140377648739166
0.146557265474345
0.138828472106036
0.133333333333333
0.0890520766422314
0.122147474695931
0.0696973854532661
0.148148148148148
0.0878384133067947
0.0878384133067947
0.123503093120002
0.0493967547399425
0.124892938455269
0.0437879362510501
0.112384251148729
0.118092828111773
0.125381596512525
0.0825285817704989
0.110254725394251
0.106328504597262
0.0951713609601598
0.117195924322018
0.158015388004175
0.107395195478097
0.159293702135521
0.111295019571698
0.0868240549056645
0.0998051218111399
0.125054474784555
0.0355340568021676
0.0943038302814972
0.110384166332777
0.100827991273249
0.117428378558161
0.11343683256974
0.0541106907511355
0.0945430318195999
0.15139104751634
0.157456840730708
0.157456840730708
0.0137485435032143
0.108887657335224
0.114440971326864
0.119862995291639
0.0799140180947412
0.077941042238807
0.0537029016890426
0.0537029016890426
0.0537029016890426
0.0697967863997535
0.0948269511278749
0.155963513544563
0.054942428623687
0.0922248537478999
0.0577904378304359
0.0892411165008006
0.0452556950909714
0.044458648485494
0.0964133317956407
0.0797586108400923
0.0623115788912095
0.0547454451186813
0.048244661434029
0.0717589736336032
0.0814101006226737
0.101673865174117
0.0831115625316633
0.0666643016998455
0.0930656556239256
0.115169878750057
0.0810109878232552
0.0849625051959815
0.0789074924541189
0.0716538473553124
0.0742246533937841
0.0831956877908715
0.0793915579242752
0.0894169660127106
0.0831211589957178
0.115649170876502
0.0900436321276876
0.109329116783375
0.0885212999120052
0.022071452624826
0.0458245290460409
0.111681479921649
0.113415721134157
0.0809183271997027
0.0727359783513301
0.0657878217200253
0.0379919475206058
0.0518667576678634
0.0639858887642136
0.0915132396806719
0.0930656556239256
0.0995161918644836
0.0889526580445455
0.0317877198432721
0.108743814079291
0.0107868856399369
0.0876997398736527
0.0612535657777141
0.0714129677494231
0.0454435297801966
0.0872274143302181
0.058293941950099
0.0627579958338882
0.0190151819738882
0.09090318388564
0.0660962232887957
0.0725876024936044
0.0725876024936044
0.0595698603510415
0.0860597893648874
0.073455800091562
0.0745598810997999
0.0524275922007096
0.0216435971025238
0.0640037462487544
0.0558776758409787
0.00911783190051638
0.0664133919494544
0.0777600131185178
0.0738500532849447
0.0492876235231961
0.057236207025403
0.102564102564103
0.0727272727272727
0.0468750000000001
0.0626086956521739
0.0747028862478776
0.0328559974463961
0.00922918569919458
0.0456730445244335
0.00633920628551607
