TARA_145	TARA_146	TARA_147	TARA_150	TARA_151
5325331	0.761904761904762	0.857142857142857	0.75	0.431372549019608	0
4417610	0	0	0.0512820512820513	0.277777777777778	0.666666666666667
3458276	0.428571428571429	0.0666666666666667	0.151515151515152	0.123076923076923	0.0769230769230769
3605842	0	0	0.392857142857143	0.196078431372549	0.384615384615385
5164813	0.2	0.214285714285714	0.0769230769230769	0.175438596491228	0
2127285	0.714285714285714	0.666666666666667	0.526315789473684	0.42	0.0909090909090909
2890423	0.4375	0.0909090909090909	0.409090909090909	0.140625	0
1494136	0.5	0.0833333333333333	0.521739130434783	0.23728813559322	0.125
2859803	0.615384615384615	0.8	0.466666666666667	0.538461538461538	0.9
1532173	0.476190476190476	0.0555555555555556	0.24	0.462962962962963	0.153846153846154
5054740	0.875	0.285714285714286	0.695652173913043	0.775862068965517	0.833333333333333
449610	0.789473684210526	0.916666666666667	0.902439024390244	0.887323943661972	1
4215590	0.571428571428571	0.533333333333333	0.2	0.555555555555556	0.1
5357507	0	0.105263157894737	0.129032258064516	0.17910447761194	0.0476190476190476
1320043	0.85	0.823529411764706	0.513513513513513	0.861111111111111	0.545454545454545
1414277	1	0.5	0.911764705882353	0.871794871794872	0.882352941176471
2926995_1	0.346153846153846	0.25	0.137931034482759	0.0864197530864197	0.0588235294117647
2926995_2	0.346153846153846	0.25	0.137931034482759	0.0864197530864197	0.0588235294117647
3315244_1	0.375	0.684210526315789	0.823529411764706	0.792452830188679	0.888888888888889
3315244_2	0.375	0.684210526315789	0.823529411764706	0.792452830188679	0.888888888888889
3008689	0.0625	0	0.0487804878048781	0.111111111111111	0.0714285714285714
6574013	0.411764705882353	0	0.333333333333333	0.280701754385965	0
2485398	0.384615384615385	0.2	0.222222222222222	0.41304347826087	0
2381259	0.384615384615385	0.777777777777778	0.454545454545455	0.440677966101695	0.111111111111111
6041051	0.151515151515152	0.5	0.482758620689655	0.186666666666667	0.142857142857143
888468	0.333333333333333	0.666666666666667	0.192307692307692	0.48780487804878	0.333333333333333
1651322	0.833333333333333	0.9	0.909090909090909	0.72	0.727272727272727
1408016_1	0.666666666666667	0.818181818181818	0.866666666666667	0.528301886792453	0.833333333333333
1408016_2	0.666666666666667	0.818181818181818	0.866666666666667	0.528301886792453	0.833333333333333
4777442	0	0	0.0769230769230769	0.0967741935483871	0.210526315789474
1243689	0.529411764705882	0.636363636363636	0.333333333333333	0.48	0.111111111111111
5949195_1	0.916666666666667	0.857142857142857	0.828571428571429	0.763636363636364	1
5949195_2	0.916666666666667	0.857142857142857	0.828571428571429	0.763636363636364	1
4059539	0.592592592592593	0.9	0.92	0.852941176470588	0.666666666666667
1830496	0.384615384615385	0.142857142857143	0.485714285714286	0.506666666666667	0.65
6171743	0.2	0.0833333333333333	0.03125	0.337349397590361	0.1
1324487	0.80952380952381	0.666666666666667	0.863636363636364	0.666666666666667	0.45
1619831_1	0.0666666666666667	0.0714285714285714	0.1	0.272727272727273	0
1619831_2	0.0666666666666667	0.0714285714285714	0.1	0.272727272727273	0
1215734	0.5	0.875	0.833333333333333	0.796610169491525	1
1555951	0.972222222222222	0.954545454545455	0.865384615384615	0.9	0.538461538461538
2741860	0.0454545454545455	0.3125	0.275862068965517	0.125	0
2841069_1	0.421052631578947	0.181818181818182	0.173913043478261	0.317073170731707	0
2841069_2	0.421052631578947	0.181818181818182	0.173913043478261	0.317073170731707	0
2751099	0.529411764705882	0.75	0.863636363636364	0.716417910447761	0.818181818181818
990520	0.173913043478261	0.176470588235294	0.393939393939394	0.109375	0.0526315789473684
5954152	0.111111111111111	0.416666666666667	0.347826086956522	0.264705882352941	0.416666666666667
5880843	0.4375	0.1	0.0714285714285714	0.123456790123457	0.0714285714285714
1917611_1	0.523809523809524	0.2	0.2	0.209302325581395	0.25
1917611_2	0.523809523809524	0.2	0.2	0.209302325581395	0.25
1917611_3	0.523809523809524	0.2	0.2	0.209302325581395	0.25
5101898	0.214285714285714	0.235294117647059	0.272727272727273	0.5	0.111111111111111
1700992_1	0.730769230769231	0.2	0.758620689655172	0.753623188405797	0.761904761904762
1700992_2	0.730769230769231	0.2	0.758620689655172	0.753623188405797	0.761904761904762
1700992_3	0.730769230769231	0.2	0.758620689655172	0.753623188405797	0.761904761904762
599725	0.733333333333333	0.833333333333333	0.95	0.666666666666667	0.636363636363636
289377	0	0	0.08	0.166666666666667	0.153846153846154
2539108_1	0.684210526315789	0.666666666666667	0.483870967741935	0.396825396825397	0.727272727272727
2539108_2	0.684210526315789	0.666666666666667	0.483870967741935	0.396825396825397	0.727272727272727
5923960	0.103448275862069	0.0476190476190476	0.0277777777777778	0.145833333333333	0.117647058823529
2539912	0.0967741935483871	0.133333333333333	0.177777777777778	0.219512195121951	0.1
4741592_1	0.695652173913043	0.454545454545455	0.846153846153846	0.688524590163934	0.9
4741592_2	0.695652173913043	0.454545454545455	0.846153846153846	0.688524590163934	0.9
3087534_1	0.037037037037037	0.0952380952380952	0.24390243902439	0.0476190476190476	0.25
3087534_2	0.037037037037037	0.0952380952380952	0.24390243902439	0.0476190476190476	0.25
1387651	0.875	0.823529411764706	0.521739130434783	0.586206896551724	0.636363636363636
2202745	0	0.166666666666667	0.0294117647058824	0.119402985074627	0.117647058823529
1391653	0.5	0.3	0.25	0.340909090909091	0
6176718	0.303030303030303	0.1	0.268292682926829	0.505882352941176	0.1
3040395	0	0.272727272727273	0.40625	0.478260869565217	0.357142857142857
3158097	0.741935483870968	0.875	0.685714285714286	0.851851851851852	0.5
4281093_1	0.529411764705882	0.307692307692308	0.675675675675676	0.633802816901408	0.625
4281093_2	0.529411764705882	0.307692307692308	0.675675675675676	0.633802816901408	0.625
4281093_3	0.529411764705882	0.307692307692308	0.675675675675676	0.633802816901408	0.625
4447594	0.95	1	0.807692307692308	0.839285714285714	0.8
3466815	0.666666666666667	0.5625	0.375	0.6	0.166666666666667
2917516	0.428571428571429	0.133333333333333	0.476190476190476	0.212765957446809	0.272727272727273
6393095	0.166666666666667	0	0.16	0.333333333333333	0.307692307692308
1534750	0.523809523809524	0.777777777777778	0.368421052631579	0.344262295081967	0.4
1989112_1	0.16	0.285714285714286	0.472222222222222	0.523809523809524	0.307692307692308
1989112_2	0.16	0.285714285714286	0.472222222222222	0.523809523809524	0.307692307692308
4248494	0.727272727272727	0.923076923076923	0.6	0.848484848484849	0.769230769230769
5410770	0.166666666666667	0.461538461538462	0.45	0.467391304347826	0.368421052631579
3760179_1	0.633333333333333	0.428571428571429	0.55	0.386363636363636	0.692307692307692
3760179_2	0.633333333333333	0.428571428571429	0.55	0.386363636363636	0.692307692307692
2512319	0.121212121212121	0.428571428571429	0.413793103448276	0.435294117647059	0.181818181818182
1409479_1	0.8	0.866666666666667	0.6875	0.9	1
1409479_2	0.8	0.866666666666667	0.6875	0.9	1
516721	0.95	1	0.864864864864865	0.813559322033898	0.611111111111111
4645695	0.684210526315789	0.4	0.743589743589744	0.785714285714286	0.6
4387432	0	0.2	0.0909090909090909	0.25	0
1172856	0.8	0.846153846153846	0.651162790697674	0.91578947368421	0.833333333333333
4744486_1	0.136363636363636	0.1875	0.227272727272727	0.369230769230769	0
4744486_2	0.136363636363636	0.1875	0.227272727272727	0.369230769230769	0
3060652	0.526315789473684	0.363636363636364	0.4	0.545454545454545	0.111111111111111
2235938	1	0.866666666666667	0.678571428571429	0.769230769230769	1
1034422	0.35	0.545454545454545	0.785714285714286	0.645161290322581	0.545454545454545
3071748	0.846153846153846	1	0.760869565217391	0.902777777777778	0.944444444444444
5926750	0.95	0.916666666666667	0.928571428571429	0.727272727272727	0.769230769230769
763589	0.7	0.636363636363636	0.55	0.48780487804878	0.888888888888889
5873913	0.0454545454545455	0	0.222222222222222	0.2	0.230769230769231
1289185	0.866666666666667	1	0.906976744186046	0.876288659793814	0.6
2635571	0.111111111111111	0	0.19047619047619	0.285714285714286	0.0833333333333333
5508981_1	0.666666666666667	0.944444444444444	0.588235294117647	0.683333333333333	0.8
5508981_2	0.666666666666667	0.944444444444444	0.588235294117647	0.683333333333333	0.8
5922841_1	0.3	0.0769230769230769	0.176470588235294	0.408450704225352	0.428571428571429
5922841_2	0.3	0.0769230769230769	0.176470588235294	0.408450704225352	0.428571428571429
5922841_3	0.3	0.0769230769230769	0.176470588235294	0.408450704225352	0.428571428571429
5185767	0.681818181818182	0.727272727272727	0.583333333333333	0.566265060240964	0.428571428571429
205442	0.888888888888889	0.769230769230769	0.92	0.811320754716981	0.571428571428571
3729746	0.4	0.357142857142857	0.407407407407407	0.566037735849057	0.363636363636364
6044878	0.653846153846154	1	0.862745098039216	0.870588235294118	0.9
5837679	0.894736842105263	0.9	0.914285714285714	0.787234042553192	0.642857142857143
5825786_1	0	0	0.135135135135135	0.208333333333333	0
5825786_2	0	0	0.135135135135135	0.208333333333333	0
734987	0.736842105263158	0.466666666666667	0.8	0.516129032258065	0.75
2118614	0.535714285714286	0.357142857142857	0.354838709677419	0.491228070175439	0.619047619047619
1289817	0.944444444444444	0.789473684210526	0.911764705882353	0.703703703703704	0.7
5752767	0.75	0.529411764705882	0.48	0.576923076923077	0.727272727272727
2102341	0.142857142857143	0.555555555555556	0.2	0.2	0.0625
6342330	0.65	0.846153846153846	0.78125	0.656565656565657	0.421052631578947
5231205	0.214285714285714	0.166666666666667	0.361702127659574	0.135802469135802	0.2
2368465	0.866666666666667	1	0.944444444444444	0.75	0.846153846153846
405663_1	0.185185185185185	0	0.125	0.141304347826087	0.307692307692308
405663_2	0.185185185185185	0	0.125	0.141304347826087	0.307692307692308
6406777	0.789473684210526	1	0.952380952380952	0.830769230769231	1
3253975	0.235294117647059	0.538461538461538	0.234042553191489	0.186046511627907	0.333333333333333
1584838_1	0.75	0.714285714285714	0.805555555555556	0.625	0.411764705882353
1584838_2	0.75	0.714285714285714	0.805555555555556	0.625	0.411764705882353
1279055_1	0.947368421052632	0.666666666666667	0.766666666666667	0.862068965517241	1
1279055_2	0.947368421052632	0.666666666666667	0.766666666666667	0.862068965517241	1
3583624	0.5	0.578947368421053	0.431372549019608	0.32258064516129	0.714285714285714
5898884	0.636363636363636	0.789473684210526	0.666666666666667	0.558139534883721	0.8
3015355	1	0.8	0.75	0.864864864864865	0.714285714285714
2923087	0.7	0.785714285714286	0.612903225806452	0.518987341772152	0.428571428571429
4149657	0.28	0.25	0.384615384615385	0.26530612244898	0.6
2153900_1	0.733333333333333	0.882352941176471	0.806451612903226	0.78125	0.7
2153900_2	0.733333333333333	0.882352941176471	0.806451612903226	0.78125	0.7
3387076	0.0869565217391304	0.222222222222222	0.125	0.26984126984127	0.0666666666666667
4412572	0.64	0.529411764705882	0.435897435897436	0.425	0.722222222222222
4500174	0.111111111111111	0.157894736842105	0.277777777777778	0.262295081967213	0.333333333333333
6542799	0.115384615384615	0.235294117647059	0.135135135135135	0.261538461538462	0.4
3688056_1	0.916666666666667	1	0.973684210526316	0.829268292682927	1
3688056_2	0.916666666666667	1	0.973684210526316	0.829268292682927	1
2995389	0.76	0.933333333333333	0.758620689655172	0.782051282051282	1
6066988	0.235294117647059	0.0769230769230769	0.363636363636364	0.327586206896552	0.5
6107010	0.861111111111111	0.666666666666667	0.823529411764706	0.736842105263158	0.526315789473684
3334149	0.105263157894737	0.1	0.148148148148148	0.245901639344262	0.166666666666667
433719	0.375	0.7	0.636363636363636	0.733333333333333	0.733333333333333
6594622	0.766666666666667	0.555555555555556	0.866666666666667	0.806451612903226	0.933333333333333
1524366	0.95	0.9375	0.897435897435897	0.78125	1
1469353	0.521739130434783	0.176470588235294	0.37037037037037	0.383333333333333	0.538461538461538
6049501_1	0.392857142857143	0.571428571428571	0.37037037037037	0.258823529411765	0.357142857142857
6049501_2	0.392857142857143	0.571428571428571	0.37037037037037	0.258823529411765	0.357142857142857
6049501_3	0.392857142857143	0.571428571428571	0.37037037037037	0.258823529411765	0.357142857142857
2859339	0.153846153846154	0.428571428571429	0.258064516129032	0.144736842105263	0.0909090909090909
5946007	0.32258064516129	0.294117647058824	0.2	0.150684931506849	0
5947081	0.888888888888889	0.909090909090909	0.904761904761905	0.796296296296296	0.555555555555556
5552792	0.939393939393939	0.75	1	0.850574712643678	0.846153846153846
1334251_1	0.724137931034483	0.583333333333333	0.659090909090909	0.615384615384615	0.875
1334251_2	0.724137931034483	0.583333333333333	0.659090909090909	0.615384615384615	0.875
4252915	0.238095238095238	0.363636363636364	0.538461538461538	0.454545454545455	0.5
3483163	0.1	0.384615384615385	0.375	0.344827586206897	0.363636363636364
2240767	0.8	0.666666666666667	0.8	0.865671641791045	0.833333333333333
6189044	1	1	0.896551724137931	0.857142857142857	1
6502543	0.736842105263158	0.333333333333333	0.433333333333333	0.445945945945946	0.7
3276882	0.939393939393939	0.9	0.847826086956522	0.852631578947368	1
5499361	0.652173913043478	0.619047619047619	0.6	0.479452054794521	0.777777777777778
1212823	0.0882352941176471	0	0.257142857142857	0.202380952380952	0.384615384615385
1040766	0.222222222222222	0.777777777777778	0.486486486486487	0.436619718309859	0.388888888888889
2725504	0.25	0.5	0.217391304347826	0.183673469387755	0.25
5433645	0.444444444444444	0.235294117647059	0.28	0.474576271186441	0.5
3052968	0.647058823529412	0.928571428571429	0.740740740740741	0.813953488372093	0.888888888888889
3703228	0.67741935483871	0.8125	0.552631578947368	0.785714285714286	0.909090909090909
2230915	0.157894736842105	0.5	0.542857142857143	0.402597402597403	0.307692307692308
2427353_1	0.736842105263158	0.5	0.52	0.538461538461538	0.888888888888889
2427353_2	0.736842105263158	0.5	0.52	0.538461538461538	0.888888888888889
2427353_3	0.736842105263158	0.5	0.52	0.538461538461538	0.888888888888889
4467594	0.923076923076923	0.941176470588235	0.84375	0.724137931034483	0.6
2823914	0.5	0.7	0.5	0.659574468085106	0.8
3660801	0.238095238095238	0.25	0.243243243243243	0.173333333333333	0.266666666666667
430681	0.933333333333333	0.933333333333333	0.916666666666667	0.764705882352941	0.9
5033295	0.214285714285714	0.285714285714286	0.172413793103448	0.1	0
6499800	0	0.2	0.142857142857143	0.1875	0.384615384615385
2540663_1	0.541666666666667	0.428571428571429	0.517241379310345	0.357142857142857	0.692307692307692
2540663_2	0.541666666666667	0.428571428571429	0.517241379310345	0.357142857142857	0.692307692307692
5833662	0.695652173913043	0.695652173913043	0.485714285714286	0.682352941176471	0.769230769230769
417091	0.466666666666667	0.75	0.604166666666667	0.566265060240964	0.705882352941177
1278456_1	0.558823529411765	0.692307692307692	0.68	0.815789473684211	0.625
1278456_2	0.558823529411765	0.692307692307692	0.68	0.815789473684211	0.625
3153065	0.0645161290322581	0	0.275862068965517	0.180555555555556	0.0714285714285714
4720440	0.588235294117647	0.583333333333333	0.517241379310345	0.605633802816901	0.294117647058824
2200754	0.954545454545455	0.6	0.739130434782609	0.813559322033898	0.75
3085949	0.896551724137931	0.692307692307692	0.967741935483871	0.811594202898551	0.8
2275346	0.555555555555556	1	0.727272727272727	0.714285714285714	0.75
401907	0.666666666666667	0.631578947368421	0.914285714285714	0.79	0.8
4424466	0.342857142857143	0.652173913043478	0.289473684210526	0.340659340659341	0.545454545454545
3878035	0.625	0.714285714285714	0.68	0.734375	0.444444444444444
939747	0.7	0.8	0.478260869565217	0.578947368421053	0.818181818181818
61810_1	0.05	0.142857142857143	0.275	0.197674418604651	0.4375
61810_2	0.05	0.142857142857143	0.275	0.197674418604651	0.4375
2912449	0.1	0.25	0.178571428571429	0.2	0.35
4538444	0.25	0.0769230769230769	0.0714285714285714	0.1375	0
882984	0.8125	0.428571428571429	0.558823529411765	0.578947368421053	0.666666666666667
1703348	0.91304347826087	1	0.970588235294118	0.818181818181818	0.923076923076923
6466946_1	0.166666666666667	0.133333333333333	0.176470588235294	0.101449275362319	0
6466946_2	0.166666666666667	0.133333333333333	0.176470588235294	0.101449275362319	0
1162458	0.478260869565217	0.652173913043478	0.730769230769231	0.536842105263158	0.636363636363636
4513533	0.0434782608695652	0.0434782608695652	0.0588235294117647	0.192307692307692	0.210526315789474
3726702	0.5	0.636363636363636	0.766666666666667	0.730769230769231	0.846153846153846
2101783_1	0	0.272727272727273	0.212121212121212	0.117647058823529	0.333333333333333
2101783_2	0	0.272727272727273	0.212121212121212	0.117647058823529	0.333333333333333
3146643	0.392857142857143	0.157894736842105	0.5	0.46875	0.555555555555556
4239207	0.88	0.692307692307692	0.939393939393939	0.91044776119403	0.933333333333333
5189214	0.894736842105263	0.75	0.810810810810811	0.662162162162162	0.555555555555556
5258975	0.903225806451613	0.9	0.944444444444444	0.791044776119403	1
5308941	0.173913043478261	0.111111111111111	0.0810810810810811	0.136363636363636	0.384615384615385
500395	0.647058823529412	0.454545454545455	0.571428571428571	0.509433962264151	0.818181818181818
3123518	0.08	0.111111111111111	0.307692307692308	0.155844155844156	0.05
3340945	0.941176470588235	0.583333333333333	0.842105263157895	0.797297297297297	0.916666666666667
174718	0.1	0.214285714285714	0.28	0.306666666666667	0.0909090909090909
4426723	0.766666666666667	0.777777777777778	0.682926829268293	0.563218390804598	0.75
5951549	0.888888888888889	1	0.8	0.8	0.933333333333333
6528769	0.592592592592593	0.55	0.583333333333333	0.614035087719298	0.666666666666667
75364	0.470588235294118	0.6875	0.810810810810811	0.7	0.833333333333333
1751623_1	0.727272727272727	0.666666666666667	0.75	0.729166666666667	1
1751623_2	0.727272727272727	0.666666666666667	0.75	0.729166666666667	1
271007	0.285714285714286	0.466666666666667	0.333333333333333	0.395833333333333	0.117647058823529
3642463	0.454545454545455	0.583333333333333	0.655172413793103	0.588235294117647	0.75
4206796	0.107142857142857	0.0952380952380952	0.131578947368421	0.274509803921569	0.263157894736842
4164016	0.666666666666667	0.75	0.772727272727273	0.785714285714286	1
6502021	0.433333333333333	0.769230769230769	0.540540540540541	0.449438202247191	0.6
1745706	0.870967741935484	0.789473684210526	0.703703703703704	0.91304347826087	0.909090909090909
6336062	0.894736842105263	0.555555555555556	0.785714285714286	0.736842105263158	0.705882352941177
6464477	0.645161290322581	0.454545454545455	0.678571428571429	0.734375	0.9
6508820	0.111111111111111	0.375	0.361702127659574	0.420454545454545	0.307692307692308
3379120	0.05	0.3	0.15	0.184615384615385	0
4683368	0.571428571428571	0.555555555555556	0.789473684210526	0.75531914893617	0.8125
1454863	0.722222222222222	0.6	0.441176470588235	0.653333333333333	0.7
6234286_1	0.72	0.666666666666667	0.823529411764706	0.676923076923077	0.866666666666667
6234286_2	0.72	0.666666666666667	0.823529411764706	0.676923076923077	0.866666666666667
3397773	0.888888888888889	1	0.8	0.763157894736842	0.9
5824493	0.941176470588235	0.764705882352941	0.884615384615385	0.824324324324324	0.6
2450179_1	0.19047619047619	0.294117647058824	0.35	0.354166666666667	0.6
2450179_2	0.19047619047619	0.294117647058824	0.35	0.354166666666667	0.6
5254454	0.142857142857143	0.166666666666667	0.105263157894737	0.236559139784946	0.25
2239691	0.928571428571429	1	0.833333333333333	0.934065934065934	0.769230769230769
3032710	0.142857142857143	0.352941176470588	0.0689655172413793	0.141025641025641	0.133333333333333
3562275_1	0.8	0.916666666666667	0.96551724137931	0.763888888888889	0.888888888888889
3562275_2	0.8	0.916666666666667	0.96551724137931	0.763888888888889	0.888888888888889
1458246	0.947368421052632	0.8	0.783783783783784	0.741379310344828	0.888888888888889
2959225	0.869565217391304	0.9375	0.708333333333333	0.785714285714286	0.636363636363636
1409588	0.9	0.923076923076923	0.941176470588235	0.783783783783784	0.9
3014361	0.80952380952381	0.545454545454545	0.591836734693878	0.548780487804878	0.846153846153846
5264243	0.631578947368421	0.736842105263158	0.59375	0.589285714285714	0.454545454545455
3002719_1	0.684210526315789	0.9	0.911764705882353	0.861538461538462	0.933333333333333
3002719_2	0.684210526315789	0.9	0.911764705882353	0.861538461538462	0.933333333333333
4000979	0	0.3	0.105263157894737	0.15	0.0909090909090909
1937407	0.24	0.1	0.444444444444444	0.298507462686567	0.444444444444444
3971060	0.733333333333333	0.470588235294118	0.8	0.734375	0.8
3902529	0.826086956521739	1	0.782608695652174	0.901234567901235	0.888888888888889
1756984_1	0.5	0.166666666666667	0.230769230769231	0.315068493150685	0.272727272727273
1756984_2	0.5	0.166666666666667	0.230769230769231	0.315068493150685	0.272727272727273
6038078	0.862068965517241	0.789473684210526	0.974358974358974	0.875	0.7
3449110	0.909090909090909	0.9	0.833333333333333	0.818181818181818	0.9375
5085439	0.166666666666667	0.545454545454545	0.357142857142857	0.283018867924528	0.277777777777778
3287147	0.571428571428571	0.529411764705882	0.45	0.453333333333333	0.666666666666667
3107628	0.411764705882353	0.3	0.53125	0.378378378378378	0.666666666666667
2069962	0.523809523809524	0.571428571428571	0.5	0.682539682539683	0.705882352941177
2183965	0.0357142857142857	0.0666666666666667	0.177777777777778	0.0645161290322581	0.05
4371811	0.92	0.727272727272727	0.888888888888889	0.860759493670886	1
5648065	0.666666666666667	0.590909090909091	0.512820512820513	0.442622950819672	0.722222222222222
4078963	0.214285714285714	0.0833333333333333	0.0967741935483871	0.208333333333333	0
1897232	0.695652173913043	0.833333333333333	0.818181818181818	0.890625	0.833333333333333
1624360	0.914285714285714	1	0.777777777777778	0.848837209302326	1
4790906	0.619047619047619	0.764705882352941	0.722222222222222	0.5375	0.5625
3147125_1	0.851851851851852	0.8	0.608695652173913	0.792682926829268	0.736842105263158
3147125_2	0.851851851851852	0.8	0.608695652173913	0.792682926829268	0.736842105263158
542261	0.5	0.555555555555556	0.545454545454545	0.632352941176471	0.352941176470588
6515093	0.484848484848485	0.266666666666667	0.581395348837209	0.5875	0.555555555555556
401171_1	0.2	0.25	0.321428571428571	0.19672131147541	0.470588235294118
401171_2	0.2	0.25	0.321428571428571	0.19672131147541	0.470588235294118
4739341	0.833333333333333	0.909090909090909	0.8	0.814285714285714	0.75
5924030	0.285714285714286	0.266666666666667	0.142857142857143	0.345454545454545	0.4
1428031	0.157894736842105	0	0.170731707317073	0.2	0
5472933	0.0666666666666667	0.0526315789473684	0.0652173913043478	0.2	0.125
1242059	0.96	0.818181818181818	0.777777777777778	0.875	0.75
2888911	0.956521739130435	0.6	0.848484848484849	0.866666666666667	0.833333333333333
5958425	0.375	0.117647058823529	0.2	0.225	0.111111111111111
3360656	0.8	1	0.885714285714286	0.9	0.733333333333333
4268702	0.523809523809524	0.466666666666667	0.756756756756757	0.573770491803279	0.666666666666667
4414552_1	0.333333333333333	0.266666666666667	0.257142857142857	0.129032258064516	0.238095238095238
4414552_2	0.333333333333333	0.266666666666667	0.257142857142857	0.129032258064516	0.238095238095238
2197758	0.615384615384615	0.428571428571429	0.590909090909091	0.508771929824561	0.666666666666667
2306485	0.259259259259259	0	0.161290322580645	0.19672131147541	0.0909090909090909
1569671_1	0.846153846153846	0.636363636363636	0.666666666666667	0.661971830985915	0.470588235294118
1569671_2	0.846153846153846	0.636363636363636	0.666666666666667	0.661971830985915	0.470588235294118
1569671_3	0.846153846153846	0.636363636363636	0.666666666666667	0.661971830985915	0.470588235294118
3800114_1	0.896551724137931	0.823529411764706	0.658536585365854	0.795698924731183	0.8
3800114_2	0.896551724137931	0.823529411764706	0.658536585365854	0.795698924731183	0.8
3800114_3	0.896551724137931	0.823529411764706	0.658536585365854	0.795698924731183	0.8
3578871	0.92	0.625	0.710526315789474	0.771929824561403	0.8
6470215	0.695652173913043	0.466666666666667	0.717948717948718	0.693548387096774	0.583333333333333
2406984_1	0.470588235294118	0.615384615384615	0.565217391304348	0.692307692307692	0.8
2406984_2	0.470588235294118	0.615384615384615	0.565217391304348	0.692307692307692	0.8
2406984_3	0.470588235294118	0.615384615384615	0.565217391304348	0.692307692307692	0.8
4803935	0.842105263157895	0.823529411764706	0.705882352941177	0.8125	1
1685096	0.941176470588235	1	0.897959183673469	0.847619047619048	1
6451872	0.814814814814815	1	0.928571428571429	0.835443037974684	0.9
4828622	0.75	0.681818181818182	0.764705882352941	0.792079207920792	0.615384615384615
4057826	0.153846153846154	0.142857142857143	0.239130434782609	0.26865671641791	0
2935849	0.821428571428571	0.857142857142857	0.928571428571429	0.802469135802469	1
1323169	0.05	0.230769230769231	0.125	0.194029850746269	0.0769230769230769
3697020	0.107142857142857	0	0.285714285714286	0.197368421052632	0.166666666666667
229542	0.111111111111111	0.3125	0.117647058823529	0.237623762376238	0.1
5585447	0.125	0.333333333333333	0.235294117647059	0.172413793103448	0.3
3070997_1	0.0714285714285714	0.3	0.0882352941176471	0.105263157894737	0
3070997_2	0.0714285714285714	0.3	0.0882352941176471	0.105263157894737	0
1926796	0.142857142857143	0.142857142857143	0.0357142857142857	0.180327868852459	0.25
4460196_1	1	0.833333333333333	0.895833333333333	0.8375	0.761904761904762
4460196_2	1	0.833333333333333	0.895833333333333	0.8375	0.761904761904762
3367721_1	0.592592592592593	0.538461538461538	0.807692307692308	0.626865671641791	0.444444444444444
3367721_2	0.592592592592593	0.538461538461538	0.807692307692308	0.626865671641791	0.444444444444444
3367721_3	0.592592592592593	0.538461538461538	0.807692307692308	0.626865671641791	0.444444444444444
2481326_1	0.789473684210526	0.9375	0.815789473684211	0.842105263157895	0.842105263157895
2481326_2	0.789473684210526	0.9375	0.815789473684211	0.842105263157895	0.842105263157895
2265574	0.518518518518518	0.666666666666667	0.551724137931034	0.658227848101266	0.777777777777778
61698_1	0.24	0.409090909090909	0.473684210526316	0.325	0.222222222222222
61698_2	0.24	0.409090909090909	0.473684210526316	0.325	0.222222222222222
3142861	0.166666666666667	0.352941176470588	0.216216216216216	0.353846153846154	0.176470588235294
5855562	0.870967741935484	0.8125	0.945945945945946	0.757281553398058	0.75
834730	0.657142857142857	0.583333333333333	0.764705882352941	0.658227848101266	0.888888888888889
3200279	0.666666666666667	0.6	0.666666666666667	0.564356435643564	0.8125
6039325	0.142857142857143	0	0.181818181818182	0.134328358208955	0
6050718	0.714285714285714	0.565217391304348	0.6	0.569767441860465	0.785714285714286
4596881	0.952380952380952	0.833333333333333	0.833333333333333	0.901234567901235	1
6195197	0.894736842105263	0.894736842105263	0.970588235294118	0.8125	0.777777777777778
412504	0.735294117647059	0.642857142857143	0.723404255319149	0.701149425287356	0.5625
505349_1	0.1	0.333333333333333	0.184210526315789	0.25	0.272727272727273
505349_2	0.1	0.333333333333333	0.184210526315789	0.25	0.272727272727273
1315880	0	0	0.130434782608696	0.114942528735632	0.0476190476190476
2200565	0.1875	0.416666666666667	0.24	0.212121212121212	0.0769230769230769
4338849	0.0454545454545455	0.2	0.25	0.203389830508475	0.0909090909090909
3689779	0.777777777777778	0.588235294117647	0.766666666666667	0.776119402985075	0.888888888888889
3663542	0.206896551724138	0.368421052631579	0.315789473684211	0.442622950819672	0.4
577505	0.846153846153846	0.909090909090909	0.72972972972973	0.783333333333333	0.666666666666667
2889718	0.90625	0.588235294117647	0.818181818181818	0.8	0.8
4015265	0.681818181818182	0.7	0.444444444444444	0.508771929824561	0.578947368421053
3293713	0.6875	0.923076923076923	0.885714285714286	0.847222222222222	0.818181818181818
405362	1	1	0.921052631578947	0.911111111111111	0.8
6618381	0.423076923076923	0.181818181818182	0.37037037037037	0.450704225352113	0.5625
2104294	0.52	0.307692307692308	0.487179487179487	0.388059701492537	0.5
1606101	0.676470588235294	0.590909090909091	0.514285714285714	0.568421052631579	0.764705882352941
6059461	0.75	0.833333333333333	0.82051282051282	0.740740740740741	0.923076923076923
5764702	0.15625	0	0.05	0.154929577464789	0.1875
1550439	0.9375	0.714285714285714	0.9	0.882352941176471	1
4040829	0.4	0.333333333333333	0.272727272727273	0.27027027027027	0.0666666666666667
1239518	0.222222222222222	0.166666666666667	0.163265306122449	0.160493827160494	0.294117647058824
5925799	0.5	0.75	0.619047619047619	0.61038961038961	0.523809523809524
5334619	0.4	0.285714285714286	0.53125	0.45	0.533333333333333
5853329	0.793103448275862	0.692307692307692	0.837209302325581	0.876543209876543	0.714285714285714
3422237	0.689655172413793	0.75	0.588235294117647	0.609756097560976	0.777777777777778
3969123	0.2	0.285714285714286	0.421052631578947	0.345238095238095	0.4
6144825	0.761904761904762	1	0.823529411764706	0.802325581395349	0.733333333333333
5189022	0.0526315789473684	0	0.115384615384615	0.131147540983607	0.2
6081458	0.882352941176471	0.789473684210526	0.743589743589744	0.860759493670886	0.8
1330856	0.863636363636364	0.666666666666667	0.825	0.873015873015873	0.8
4068513	0.259259259259259	0.478260869565217	0.244897959183673	0.275862068965517	0.461538461538462
4082026	0.0967741935483871	0.2	0.0487804878048781	0.153846153846154	0.272727272727273
6433495	0.107142857142857	0.227272727272727	0.0980392156862745	0.0961538461538462	0.176470588235294
2251919	0.0454545454545455	0.0476190476190476	0.0731707317073171	0.160919540229885	0.2
1269185	0.291666666666667	0.0833333333333333	0.214285714285714	0.32	0.214285714285714
6039577	0.909090909090909	1	0.8	0.881578947368421	0.9
5429084	0.5	0.222222222222222	0.315789473684211	0.342105263157895	0.222222222222222
6320909	0.947368421052632	0.8	0.823529411764706	0.828125	0.666666666666667
1446394	0	0.157894736842105	0.0810810810810811	0.170731707317073	0.1
6459697	0.125	0.25	0.181818181818182	0.139240506329114	0
2966858	0.947368421052632	0.727272727272727	0.861111111111111	0.825396825396825	0.916666666666667
4102121	0.242424242424242	0.136363636363636	0.152173913043478	0.182692307692308	0.166666666666667
4407652_1	0.206896551724138	0.222222222222222	0.0416666666666667	0.2	0.0909090909090909
4407652_2	0.206896551724138	0.222222222222222	0.0416666666666667	0.2	0.0909090909090909
3444438	0.8	0.727272727272727	0.75	0.75	1
1730255	0.0454545454545455	0.0769230769230769	0.0869565217391304	0.147540983606557	0
1368844_1	0.882352941176471	0.714285714285714	0.777777777777778	0.754716981132076	0.705882352941177
1368844_2	0.882352941176471	0.714285714285714	0.777777777777778	0.754716981132076	0.705882352941177
1368844_3	0.882352941176471	0.714285714285714	0.777777777777778	0.754716981132076	0.705882352941177
1742047	0	0.2	0.125	0.111111111111111	0.111111111111111
5343340	0.692307692307692	0.619047619047619	0.59375	0.732394366197183	0.666666666666667
3930193	0.866666666666667	0.923076923076923	0.785714285714286	0.733333333333333	0.818181818181818
4525749	0.272727272727273	0.235294117647059	0.282051282051282	0.204545454545455	0.133333333333333
1553864	0.80952380952381	0.785714285714286	0.787878787878788	0.8	0.909090909090909
4677972_1	0.4	0.7	0.580645161290323	0.578313253012048	0.666666666666667
4677972_2	0.4	0.7	0.580645161290323	0.578313253012048	0.666666666666667
1251050	0.428571428571429	0.555555555555556	0.481481481481481	0.594202898550725	0.666666666666667
3541153	0.52	0.5	0.555555555555556	0.597014925373134	0.8125
6363198_1	0.777777777777778	1	0.833333333333333	0.866666666666667	0.9
6363198_2	0.777777777777778	1	0.833333333333333	0.866666666666667	0.9
6363198_3	0.777777777777778	1	0.833333333333333	0.866666666666667	0.9
592892	0.636363636363636	0.714285714285714	0.838709677419355	0.736842105263158	0.818181818181818
4550574	0.421052631578947	0.461538461538462	0.552631578947368	0.553846153846154	0.692307692307692
4876372	0.333333333333333	0.357142857142857	0.538461538461538	0.365591397849462	0.5
4587840	0.764705882352941	0.75	0.857142857142857	0.863013698630137	0.692307692307692
3487425	0.0714285714285714	0.2	0.194444444444444	0.1875	0
2324189	0.59375	0.833333333333333	0.681818181818182	0.649484536082474	0.444444444444444
4431074	1	0.8	0.954545454545455	0.906666666666667	0.941176470588235
5360071	0.2	0.166666666666667	0.227272727272727	0.26027397260274	0.461538461538462
4583437	0.148148148148148	0	0.178571428571429	0.104477611940299	0
5915520	0.541666666666667	0.307692307692308	0.352941176470588	0.48780487804878	0.545454545454545
3256334	0.6875	0.538461538461538	0.714285714285714	0.653846153846154	0.888888888888889
4805647	0.142857142857143	0.0909090909090909	0.196078431372549	0.178947368421053	0.153846153846154
5311193	0.541666666666667	0.666666666666667	0.740740740740741	0.671428571428571	0.538461538461538
5947547	0.4375	0.235294117647059	0.225	0.3375	0.307692307692308
1884966	0.785714285714286	0.833333333333333	0.828571428571429	0.9	0.909090909090909
1940162_1	0.545454545454545	0.571428571428571	0.619047619047619	0.666666666666667	0.619047619047619
1940162_2	0.545454545454545	0.571428571428571	0.619047619047619	0.666666666666667	0.619047619047619
1940162_3	0.545454545454545	0.571428571428571	0.619047619047619	0.666666666666667	0.619047619047619
4355230	0.37037037037037	0.0714285714285714	0.275	0.226666666666667	0.235294117647059
2926743	0.434782608695652	0.2	0.41025641025641	0.310679611650485	0.210526315789474
1833331	0.0434782608695652	0.105263157894737	0.183673469387755	0.195402298850575	0.181818181818182
4682985	0.130434782608696	0.153846153846154	0.0416666666666667	0.12	0
2957309	0.923076923076923	0.833333333333333	0.771428571428571	0.797101449275362	0.666666666666667
3843832	0.84	1	0.84	0.837837837837838	0.7
5343720	0.958333333333333	0.923076923076923	0.851851851851852	0.811594202898551	0.916666666666667
3035352	0.451612903225806	0.529411764705882	0.313725490196078	0.358695652173913	0.473684210526316
3172201_1	0.882352941176471	0.923076923076923	0.826086956521739	0.771084337349398	0.9
3172201_2	0.882352941176471	0.923076923076923	0.826086956521739	0.771084337349398	0.9
6142633	0.205882352941176	0.2	0.235294117647059	0.2625	0.25
5391723	0.233333333333333	0.0952380952380952	0.15625	0.10958904109589	0.0909090909090909
4750710	0.80952380952381	0.8	0.692307692307692	0.792452830188679	0.777777777777778
2052155	0.818181818181818	0.933333333333333	0.75	0.772277227722772	1
1756794	0.714285714285714	0.80952380952381	0.911764705882353	0.805194805194805	0.9
1869316	0.8	0.666666666666667	0.871794871794872	0.78125	0.666666666666667
6098879	0.733333333333333	0.857142857142857	0.75	0.781818181818182	0.923076923076923
2604792	0.222222222222222	0.210526315789474	0.181818181818182	0.279411764705882	0.117647058823529
1697080	0.352941176470588	0.3125	0.176470588235294	0.230769230769231	0.0909090909090909
5343625_1	0.714285714285714	0.692307692307692	0.526315789473684	0.704225352112676	0.8
5343625_2	0.714285714285714	0.692307692307692	0.526315789473684	0.704225352112676	0.8
1614386_1	0.222222222222222	0.117647058823529	0.307692307692308	0.322916666666667	0.153846153846154
1614386_2	0.222222222222222	0.117647058823529	0.307692307692308	0.322916666666667	0.153846153846154
1268539	0.37037037037037	0.4	0.404761904761905	0.5375	0.615384615384615
4812459	0.652173913043478	0.7	0.805555555555556	0.607594936708861	0.642857142857143
1164930	0.666666666666667	0.611111111111111	0.84375	0.742424242424242	0.666666666666667
5191453	0.466666666666667	0.266666666666667	0.416666666666667	0.489795918367347	0.555555555555556
1175554_1	0.96551724137931	0.904761904761905	0.846153846153846	0.920792079207921	0.785714285714286
1175554_2	0.96551724137931	0.904761904761905	0.846153846153846	0.920792079207921	0.785714285714286
1175554_3	0.96551724137931	0.904761904761905	0.846153846153846	0.920792079207921	0.785714285714286
4434119	0.793103448275862	0.75	0.692307692307692	0.648648648648649	0.583333333333333
4868017	0.848484848484849	0.818181818181818	0.775	0.902173913043478	0.894736842105263
3689327	0.882352941176471	0.909090909090909	0.857142857142857	0.824561403508772	0.818181818181818
6478583	0.142857142857143	0.2	0.222222222222222	0.217948717948718	0.411764705882353
3975868	0.944444444444444	0.923076923076923	0.944444444444444	0.849315068493151	0.916666666666667
610366	0.75	0.666666666666667	0.806451612903226	0.671428571428571	0.857142857142857
6134839	0.296296296296296	0.4	0.463414634146341	0.516129032258065	0.5
1228223	0.916666666666667	0.888888888888889	0.976190476190476	0.92156862745098	1
896391_1	0.269230769230769	0.125	0.326086956521739	0.211111111111111	0.266666666666667
896391_2	0.269230769230769	0.125	0.326086956521739	0.211111111111111	0.266666666666667
2968606	0.366666666666667	0.642857142857143	0.5	0.505494505494505	0.416666666666667
4636974	0.923076923076923	0.866666666666667	0.862068965517241	0.883333333333333	1
2913615	0.208333333333333	0.25	0.302325581395349	0.347368421052632	0.266666666666667
5328314	0.285714285714286	0.277777777777778	0.225	0.25	0.3125
5336077	0.185185185185185	0.15	0.0851063829787234	0.0930232558139535	0
5842902	0.666666666666667	0.75	0.580645161290323	0.686274509803922	0.555555555555556
4585113	0.19047619047619	0.0833333333333333	0.193548387096774	0.149253731343284	0.0909090909090909
2534990	0.807692307692308	0.571428571428571	0.75	0.776595744680851	0.75
763446	0.96551724137931	0.9375	0.975	0.896551724137931	0.933333333333333
1694725	0.80952380952381	0.7	0.740740740740741	0.690909090909091	0.888888888888889
1334315	0.0740740740740741	0.0909090909090909	0.178571428571429	0.1	0.230769230769231
1679566	0.272727272727273	0.333333333333333	0.133333333333333	0.327586206896552	0.294117647058824
1622462	0.478260869565217	0.333333333333333	0.548387096774194	0.525	0.666666666666667
6243961	0.967741935483871	0.933333333333333	0.86046511627907	0.89247311827957	0.818181818181818
1399027_1	0.105263157894737	0.0833333333333333	0.0789473684210526	0.177215189873418	0.0555555555555556
1399027_2	0.105263157894737	0.0833333333333333	0.0789473684210526	0.177215189873418	0.0555555555555556
1399027_3	0.105263157894737	0.0833333333333333	0.0789473684210526	0.177215189873418	0.0555555555555556
4797120	0.117647058823529	0.0625	0.183673469387755	0.144927536231884	0.142857142857143
1651340	0.625	0.789473684210526	0.810810810810811	0.703703703703704	0.615384615384615
5064999	0.863636363636364	0.909090909090909	0.91304347826087	0.873563218390805	1
3634194	0.636363636363636	0.8	0.692307692307692	0.758620689655172	0.75
3638322	0.8	0.666666666666667	0.730769230769231	0.702702702702703	0.916666666666667
6493063	0.875	0.888888888888889	0.902439024390244	0.857142857142857	1
4798622	0.8125	0.6875	0.666666666666667	0.808510638297872	0.777777777777778
205781	0.181818181818182	0.0666666666666667	0.176470588235294	0.121621621621622	0
3481154_1	0.571428571428571	0.5	0.529411764705882	0.419354838709677	0.5
3481154_2	0.571428571428571	0.5	0.529411764705882	0.419354838709677	0.5
3978638_1	0.3125	0.0909090909090909	0.230769230769231	0.276923076923077	0.2
3978638_2	0.3125	0.0909090909090909	0.230769230769231	0.276923076923077	0.2
1292458	0.882352941176471	0.888888888888889	0.891891891891892	0.841269841269841	0.9375
4215944_1	0.666666666666667	0.666666666666667	0.702127659574468	0.674418604651163	0.583333333333333
4215944_2	0.666666666666667	0.666666666666667	0.702127659574468	0.674418604651163	0.583333333333333
4215944_3	0.666666666666667	0.666666666666667	0.702127659574468	0.674418604651163	0.583333333333333
2835991_1	0.117647058823529	0.0625	0.16	0.2	0.272727272727273
2835991_2	0.117647058823529	0.0625	0.16	0.2	0.272727272727273
5278985	0.15	0.125	0.121212121212121	0.243243243243243	0.25
2493592	0.833333333333333	0.785714285714286	0.918918918918919	0.891304347826087	0.941176470588235
3213979	0.230769230769231	0.318181818181818	0.21875	0.238095238095238	0.19047619047619
5863503	0.84	0.777777777777778	0.844444444444444	0.765432098765432	0.875
3613510	0.909090909090909	1	0.878048780487805	0.920454545454545	0.85
830309	0.90625	0.764705882352941	0.825	0.841121495327103	0.733333333333333
3459757	0.55	0.722222222222222	0.548387096774194	0.581395348837209	0.666666666666667
1153503	0.65	0.571428571428571	0.708333333333333	0.7625	0.785714285714286
1518122	0.846153846153846	0.866666666666667	0.766666666666667	0.805970149253731	0.866666666666667
1325317	0.12	0.0714285714285714	0.205882352941176	0.174603174603175	0.0769230769230769
4163210	0.137931034482759	0.0555555555555556	0.105263157894737	0.0747663551401869	0.2
6518510	0.0625	0.133333333333333	0.130434782608696	0.126760563380282	0.222222222222222
6606727	0.25	0.166666666666667	0.179487179487179	0.239130434782609	0.0666666666666667
3727650_1	0.692307692307692	0.75	0.638888888888889	0.776595744680851	0.727272727272727
3727650_2	0.692307692307692	0.75	0.638888888888889	0.776595744680851	0.727272727272727
5417973	0.277777777777778	0.166666666666667	0.166666666666667	0.159420289855072	0.0909090909090909
2855328	0.142857142857143	0	0.0784313725490196	0.120879120879121	0.0909090909090909
4341547	0.676470588235294	0.75	0.634146341463415	0.623376623376623	0.8
6356908	0.818181818181818	0.846153846153846	0.888888888888889	0.794520547945205	0.923076923076923
4611402_1	0.884615384615385	0.9	0.774193548387097	0.875	0.85
4611402_2	0.884615384615385	0.9	0.774193548387097	0.875	0.85
2119863	0.869565217391304	0.7	0.842105263157895	0.8	0.833333333333333
1395382	0.52	0.636363636363636	0.619047619047619	0.484848484848485	0.636363636363636
3056521	0.685714285714286	0.642857142857143	0.51063829787234	0.534653465346535	0.538461538461538
1277380_1	0.25	0.0909090909090909	0.216216216216216	0.2	0.19047619047619
1277380_2	0.25	0.0909090909090909	0.216216216216216	0.2	0.19047619047619
1277380_3	0.25	0.0909090909090909	0.216216216216216	0.2	0.19047619047619
4185213	0.833333333333333	0.8	0.9	0.803571428571429	0.909090909090909
1726698	0.666666666666667	0.421052631578947	0.545454545454545	0.56701030927835	0.611111111111111
3693575	0.0625	0.214285714285714	0.13953488372093	0.2125	0.176470588235294
2202605	0.333333333333333	0.277777777777778	0.333333333333333	0.351851851851852	0.285714285714286
6081796	0.857142857142857	0.888888888888889	0.868421052631579	0.837209302325581	0.9375
3114930_1	0.814814814814815	0.923076923076923	0.807692307692308	0.794117647058823	0.8
3114930_2	0.814814814814815	0.923076923076923	0.807692307692308	0.794117647058823	0.8
2495197	0.64	0.727272727272727	0.645833333333333	0.586666666666667	0.666666666666667
1592490	0.192307692307692	0.210526315789474	0.219512195121951	0.15625	0.238095238095238
5756624	0.538461538461538	0.6875	0.727272727272727	0.692307692307692	0.636363636363636
1705781	0.625	0.611111111111111	0.739130434782609	0.67032967032967	0.578947368421053
3070878	0.333333333333333	0.133333333333333	0.21875	0.209677419354839	0.2
1140986	0.9375	0.869565217391304	0.825	0.897727272727273	0.833333333333333
4246862	0.19047619047619	0.222222222222222	0.166666666666667	0.171875	0.0769230769230769
3618871	0.3125	0.230769230769231	0.321428571428571	0.262295081967213	0.157894736842105
3433511	0.285714285714286	0.3	0.358974358974359	0.321428571428571	0.235294117647059
4288699_1	0.909090909090909	0.95	0.895833333333333	0.923809523809524	0.842105263157895
4288699_2	0.909090909090909	0.95	0.895833333333333	0.923809523809524	0.842105263157895
2769155	0.769230769230769	0.882352941176471	0.75	0.766233766233766	0.666666666666667
4647799	0.264705882352941	0.142857142857143	0.1875	0.2	0.3125
3550276	0.814814814814815	0.857142857142857	0.826086956521739	0.894117647058824	0.866666666666667
2746341	0.666666666666667	0.6	0.685714285714286	0.741935483870968	0.8
3461501	0.25	0.384615384615385	0.395348837209302	0.375	0.285714285714286
1895243	0.944444444444444	0.818181818181818	0.947368421052632	0.893203883495146	0.928571428571429
5965106	0.37037037037037	0.3	0.411764705882353	0.317460317460317	0.3125
1321178	0.823529411764706	0.8	0.740740740740741	0.80952380952381	0.857142857142857
3294666	0.875	0.916666666666667	0.925	0.880434782608696	0.8125
2083577	0.888888888888889	0.909090909090909	0.878048780487805	0.880952380952381	1
6182374_1	0.777777777777778	0.75	0.674418604651163	0.726027397260274	0.666666666666667
6182374_2	0.777777777777778	0.75	0.674418604651163	0.726027397260274	0.666666666666667
320120	0.777777777777778	0.7	0.740740740740741	0.803030303030303	0.666666666666667
5047120	0.95	0.833333333333333	0.903225806451613	0.855263157894737	0.846153846153846
2349354_1	0.142857142857143	0.176470588235294	0.219512195121951	0.2	0.294117647058824
2349354_2	0.142857142857143	0.176470588235294	0.219512195121951	0.2	0.294117647058824
2349354_3	0.142857142857143	0.176470588235294	0.219512195121951	0.2	0.294117647058824
4490928	0.954545454545455	0.933333333333333	0.866666666666667	0.88135593220339	0.923076923076923
1597442	0.125	0.2	0.114285714285714	0.142857142857143	0.111111111111111
5410654	0.285714285714286	0.25	0.210526315789474	0.23	0.117647058823529
3359385	0.84	0.888888888888889	0.916666666666667	0.867469879518072	0.846153846153846
3918981	0.909090909090909	0.916666666666667	0.866666666666667	0.846153846153846	0.923076923076923
2739518	0.588235294117647	0.5625	0.636363636363636	0.650943396226415	0.583333333333333
3561889	0.705882352941177	0.7	0.653846153846154	0.727272727272727	0.75
6340427	0.884615384615385	0.8	0.84375	0.823529411764706	0.9
3049300	0.821428571428571	0.777777777777778	0.853658536585366	0.826086956521739	0.8
3987462	0.0952380952380952	0.125	0.0975609756097561	0.152941176470588	0.0833333333333333
3677674	0.894736842105263	0.866666666666667	0.926829268292683	0.86046511627907	0.866666666666667
6512739	0.214285714285714	0.181818181818182	0.214285714285714	0.275862068965517	0.25
2888122	0.939393939393939	0.909090909090909	0.906976744186046	0.914893617021277	0.947368421052632
1437801	0.826086956521739	0.888888888888889	0.8	0.764705882352941	0.785714285714286
2705617	0.161290322580645	0.0769230769230769	0.137254901960784	0.127906976744186	0.142857142857143
1555379	0.909090909090909	0.857142857142857	0.91304347826087	0.885245901639344	0.9375
503011	0.235294117647059	0.25	0.27027027027027	0.206896551724138	0.222222222222222
5327546	0.272727272727273	0.2	0.222222222222222	0.235294117647059	0.2
3434942	0.125	0.153846153846154	0.193548387096774	0.183333333333333	0.2
839363	0.05	0.0625	0.0888888888888889	0.0975609756097561	0.1
1135401_1	0.785714285714286	0.733333333333333	0.75	0.75	0.777777777777778
1135401_2	0.785714285714286	0.733333333333333	0.75	0.75	0.777777777777778
1135401_3	0.785714285714286	0.733333333333333	0.75	0.75	0.777777777777778
5396595	0.259259259259259	0.272727272727273	0.255813953488372	0.225490196078431	0.214285714285714
