0.502561568440502
0.510921991013233
0.157711303659648
0.240998064278555
0.072976382599132
0.247069705197846
0.228123319394598
0.205522659327516
0.147101299773056
0.174275533281536
0.265120026896523
0.062481852946118
0.210875149311318
0.0584451161029021
0.149169983870221
0.267866554361504
0.099409516129373
0.099409516129373
0.200942437069149
0.200942437069149
0.0292322869282356
0.228433049609002
0.149489784359382
0.229373096253399
0.160255707307367
0.135959447982874
0.0555554952614061
0.105984095129144
0.105984095129144
0.105999252388264
0.169851923383879
0.0727546124540944
0.0727546124540944
0.129618853537705
0.144330865662088
0.114746924025908
0.120798571843802
0.113758110913162
0.113758110913162
0.21445692783588
0.241141884126281
0.148151159216426
0.148937142592582
0.148937142592582
0.0852096946556543
0.112901426433646
0.0766981243090536
0.180903328486224
0.0975552888593227
0.0975552888593227
0.0975552888593227
0.105345214271608
0.264723012331223
0.264723012331223
0.264723012331223
0.0916460906816629
0.0874123403288809
0.0850255537806539
0.0850255537806539
0.0301297899785993
0.0223467011893153
0.148232848190832
0.148232848190832
0.0941207473685551
0.0941207473685551
0.109594153153197
0.0607313848212199
0.164088095355691
0.149158780251411
0.162252904018009
0.115505100226391
0.088530783002029
0.088530783002029
0.088530783002029
0.0768068634588137
0.165525193641916
0.0986404565210007
0.115128706820248
0.127975224127906
0.0958060135328619
0.0958060135328619
0.0860094327577961
0.0685582412857951
0.0684089709579047
0.0684089709579047
0.106864197409068
0.106725250192877
0.106725250192877
0.176594307569658
0.101336004606968
0.135387488328665
0.0621508232803283
0.120381217576002
0.120381217576002
0.127572689264721
0.169806522344136
0.103991779837395
0.0869551516195751
0.0860603352114845
0.105892022750167
0.0980600477378398
0.174918756881808
0.101719827095277
0.0991479667328402
0.0991479667328402
0.113215363246046
0.113215363246046
0.113215363246046
0.0557827402984267
0.1143666772598
0.0297916517021629
0.130453208913474
0.0930010856249287
0.148769996233671
0.148769996233671
0.1010764694348
0.0531418565512781
0.0848370892057115
0.0608996012403244
0.201113011996299
0.119992498780067
0.0448561246038712
0.0879620020258482
0.0956822024515099
0.0956822024515099
0.123763191934422
0.0935091958375588
0.106116968013868
0.106116968013868
0.141372981629247
0.141372981629247
0.0879244227072482
0.0500388144935331
0.0881539755200609
0.0841994305991551
0.093335528553866
0.0288413238323015
0.0288413238323015
0.0595117157836224
0.0675163888895922
0.0472629175078233
0.0736047436079079
0.0994849359021285
0.0994849359021285
0.0972420886101461
0.117415909150788
0.0888964813671703
0.0268422424192817
0.0984019684854009
0.121930214637016
0.0856258630902299
0.0887839789428877
0.0542146456632275
0.0542146456632275
0.0542146456632275
0.105892258305421
0.105905372114789
0.146657684792186
0.0854223763273877
0.0624283212958232
0.0624283212958232
0.0594493945494869
0.067263595759377
0.0349936750639297
0.101295336787565
0.127225591505914
0.0484684501872815
0.0490193641689053
0.146554621608162
0.16472876926354
0.0785825694473071
0.0613427966429541
0.081582160266978
0.098912298729013
0.101606998307669
0.124942216858682
0.124942216858682
0.124942216858682
0.132191414547874
0.0735777816702672
0.00711509818898755
0.0515868930064271
0.0917809627055204
0.127181669434656
0.0642670874063394
0.0642670874063394
0.0507613530700312
0.0539504354292619
0.0411463177894103
0.0411463177894103
0.114389669359572
0.0670887837484046
0.0938608957647683
0.0784758982433436
0.135923048952833
0.0706968153891589
0.0996592082625066
0.059099625259453
0.0965173101587339
0.124577292772561
0.124577292772561
0.0505735895487279
0.0914409458019015
0.084748043355823
0.0693870156580256
0.0493794094009397
0.0493794094009397
0.0416193486441917
0.072553102888183
0.0835603454264617
0.113669590643275
0.113669590643275
0.0993333051635831
0.0938021823832405
0.0884809764020339
0.0703236138089968
0.0998798518498455
0.0833353825519266
0.084460519261809
0.134882859832707
0.0626796258437995
0.0383007108534706
0.0734441437959024
0.0077850005399243
0.0987052554554542
0.0964640134782519
0.0964640134782519
0.0799405167191531
0.0491407542326611
0.053016017162577
0.0937360475469412
0.075040955694196
0.0590052246251134
0.0786125194646128
0.119264495847491
0.0677863432912431
0.117078751827595
0.0722697711929778
0.0535407011591914
0.0430196596119236
0.0430196596119236
0.0764010028941019
0.10884718294098
0.0987828405989856
0.0987828405989856
0.025785526740829
0.0871019081438864
0.0833679017323994
0.0602091180565133
0.0602091180565133
0.0503389809315896
0.087165649674926
0.0386794617570322
0.0978969505957726
0.0427791660042048
0.0832786030475843
0.0832786030475843
0.107384323369396
0.100372164775198
0.0901851876285416
0.0645714394665738
0.0760236287524347
0.0760236287524347
0.0780420530547244
0.0249110034813779
0.0895311078675791
0.0327382461395525
0.0829440099431426
0.0359368452300497
0.0441293883495837
0.0937442932748952
0.0525883582032054
0.0777607797787277
0.0341168154970645
0.112201318501261
0.0426581550015693
0.0470408314420298
0.0470408314420298
0.0428575257635752
0.0719330074390114
0.0634004455249433
0.0634004455249433
0.0228953899277448
0.0455497709007727
0.100983367217386
0.0414439043081623
0.0511044568967983
0.119421944680134
0.0700165576616146
0.0880486657774422
0.0553641653283502
0.0296318170356085
0.0296318170356085
0.0358291454930914
0.0820271678045112
0.0787728205862183
0.0787728205862183
0.0787728205862183
0.045650587168784
0.045650587168784
0.045650587168784
0.0666578783239201
0.0482637074152785
0.0670378477288148
0.0670378477288148
0.0670378477288148
0.0815891978468064
0.0743644889954287
0.0593095994725671
0.0254574376595502
0.0814674037270463
0.0641108405962991
0.049889643133459
0.0880937356978288
0.0618121151903205
0.0417950327450352
0.125073539640533
0.125073539640533
0.04712959647532
0.0678708994569669
0.0678708994569669
0.0749988597310957
0.0749988597310957
0.0749988597310957
0.0239258216739797
0.0239258216739797
0.0457439001924434
0.0523296108763761
0.0523296108763761
0.0460344969452702
0.0473937679928209
0.0686798145948873
0.040305116710209
0.0880774316623578
0.0422861809797836
0.0621175423446789
0.0512008807913026
0.0230990000234404
0.0452740115717919
0.0452740115717919
0.0694421623167207
0.0862164315642675
0.0553672760106441
0.0639710094844609
0.0364375662146995
0.0539550779995697
0.0807089298303158
0.0495360235506915
0.0581913075452752
0.0993073693341781
0.0813710334373796
0.0328917350271156
0.0412624909321986
0.0358869451538911
0.0661853477759861
0.11293836141251
0.0792212415221792
0.0207762051956814
0.0404111428501672
0.0431620382903383
0.0363599351923143
0.0321751548370517
0.036480472736777
0.0750989416323327
0.0652372389672682
0.0209227244181569
0.0441070310354008
0.059257272752884
0.0585036150666638
0.0282841053535438
0.0530192292927039
0.0484566980370791
0.0557566851257795
0.0597266542708897
0.0657753573254632
0.0510485218728581
0.0702468418609454
0.0598039731374531
0.011516828852923
0.0506338650142418
0.0506338650142418
0.0799956751967259
0.0446626804746511
0.0281007968415633
0.0281007968415633
0.0281007968415633
0.0523922467708073
0.0138220195406969
0.0370304128459958
0.0206900273484359
0.0179045077115448
0.0558004228642829
0.0558004228642829
0.0352138925188459
0.0659798298633567
0.063111856417694
0.063111856417694
0.063111856417694
0.0357248447495822
0.0440159102888718
0.0357910636099493
0.0319213672300317
0.0719366913257019
0.0864266905299067
0.0772504615391403
0.0695587439307396
0.0874499639833129
0.0491233677904166
0.0759478667502335
0.0125456979343789
0.0338414986184633
0.0349330444963803
0.0214373573920345
0.00927156677722546
0.00927156677722546
0.00927156677722546
0.0648646886602918
0.055275945537395
0.0353702137218017
0.0524533211624693
0.0541094969569047
0.0855194443049521
0.0365537362469146
0.0314573642058643
0.0315206583675531
0.0315206583675531
0.00417365270701376
0.0301630804252437
0.0128300143205589
0.0934067482212373
0.0456606446020205
0.0434346589905794
0.0409076835960026
0.0216810880570676
0.0617383946951679
0.0461403242783593
0.0461403242783593
0.047361895600869
0.047361895600869
0.0448908033337191
0.0271270631600827
0.039033499195975
0.0478387905967285
0.0478010694111293
0.0478010694111293
0.0478010694111293
0.0320639843398958
0.0219551347526729
0.0121405145110283
0.0568257631371998
0.019779741366716
0.0370783958007669
0.0326264278174669
0.0376416780742711
0.0316069286249917
0.0316069286249917
0.0442602363236832
0.0388757791313287
0.0139489438728201
0.00575391430158228
0.0542521758783629
0.0277232555503624
0.0228649924969829
0.0434261841578595
0.0172801114746728
0.0385364372289059
0.0384634805141986
0.0335277279033205
0.0584859159016476
0.036696822945327
0.0241147534491371
0.0241147534491371
0.0241147534491371
0.0175963623551807
0.0396000422943074
0.0359913622695832
0.0205224256199217
0.0538865759720176
0.0361881887179149
0.0253069956524983
0.0608189608834059
0.0123899742520061
0.0123899742520061
0.0418776630287
0.0418776630287
0.0118017328565304
0.00882889330097915
0.00882889330097915
0.00882889330097915
0.0469617785614924
0.0469617785614924
0.0277930721707877
0.0369761193057967
0.0125027939722042
0.0149081484383301
0.0397368695006567
0.0302334559221316
0.0252564057113477
0.0357229127627223
0.0133814577566654
0.0312037210155556
0.0319991335261639
0.0277272495501449
0.0362160884601617
0.014116478963984
0.014116478963984
0.0315195964509194
0.0376826773510606
0.027465102415744
0.0218175361412834
0.0200479786528517
0.0200479786528517
0.0280196415134238
0.0210600391891501
0.0243513507929471
0.0231203720756907
0.0231203720756907
0.0231203720756907
0.0213218835751389
0.0340597814238737
0.0294074143932812
0.00492806258218825
0.0136357467758526
0.0202833489853471
0.0202833489853471
0.0113941995978333
0.00595753738316054
0.0239314281354701
0.0168267417846708
0.0304865711281903
0.0194786094663862
0.0212176847634365
0.0232654571161112
0.0099085968225748
0.0185573184975288
0.0185573184975288
0.0330985451244187
0.0260238341334183
0.0080575381654521
0.0274019304759291
0.0193348871872891
0.0340905549194623
0.00988989328779268
0.0115678675394602
0.0190433134390941
0.0322012215585685
0.0113728674985533
0.0113728674985533
0.0159546347259906
0.0217501730739795
0.0195845918928088
0.0195845918928088
0.0195845918928088
0.0167296578163398
0.0111362274778773
0.0232233426918594
0.00893329304404773
0.0119941507275376
0.00590544265554707
0.0062018498506713
0.0136308483824659
0.00543348633496207
0.00799052624618026
0.00750594124888642
0.00751802689204987
0.0048754467357569
0.0150942677041976
0.00892051775903258
0.0103500962901056
0.00332332992308644
0.00519586149906452
0.0068938278043998
0.00678743438344923
0.00258081853760562
0.00258081853760562
0.00258081853760562
0.00325493164276747
