TARA_82	TARA_83	TARA_84	TARA_85
4912964	0	1	0	0
2525662	0	1	0	0
2036106	1	0	1	1
3623120	0.0294117647058824	1	1	1
1219366	0	0.0303030303030303	0.970588235294118	1
4452108	0	0.964285714285714	0	0
1231245	0	0.952380952380952	0	0
5162750	0.0714285714285714	1	0	0
3652521_1	0	1	0.0196078431372549	0
3652521_2	0	1	0.0196078431372549	0
227665	1	0	0.978723404255319	1
5208338	1	0	0.973684210526316	0.992592592592593
5496252	0.0588235294117647	0.96551724137931	0	0
2803055	0.933333333333333	0	0	0
2404090	0.1	0	1	0.992125984251969
8253	1	0.0740740740740741	1	1
3952100	0	0.923076923076923	0	0
220267	0.818181818181818	1	0.0232558139534884	0
3983098	0	0.916666666666667	0	0
2322091	0	1	0	0.018348623853211
3451788_1	1	0.0810810810810811	1	1
3451788_2	1	0.0810810810810811	1	1
4598262	0.363636363636364	1	0	0
965482	0	0	0.909090909090909	0.990825688073395
1711027	0	0.95	0.02	0
1288144_1	0	0.96551724137931	0.0454545454545455	0
1288144_2	0	0.96551724137931	0.0454545454545455	0
6205215_1	1	0.0344827586206897	1	0.986013986013986
6205215_2	1	0.0344827586206897	1	0.986013986013986
2562639	0.4	1	0	0
801890	0.0204081632653061	0.928571428571429	0	0
2168383	1	0.107142857142857	1	1
5432660_1	0.976190476190476	0.148148148148148	0	0
5432660_2	0.976190476190476	0.148148148148148	0	0
2375099	0	0.882352941176471	0	0
2463517	0	0.875	0	0
378804	1	0.0434782608695652	1	0.982758620689655
6495208	0	0.878787878787879	0	0
5652218	1	0.125	1	1
6082258	0.111111111111111	0.96	0	0
2227514_1	0.130434782608696	1	1	1
2227514_2	0.130434782608696	1	1	1
6357436	0	0.75	1	1
4933078	1	1	0.176470588235294	0.0347826086956522
560186	0.113207547169811	1	0.979166666666667	1
2671012	1	0.138888888888889	1	1
3569796	0	0.851851851851852	0	0
3547172	1	1	0.0975609756097561	0.00840336134453781
952241	0	0.869565217391304	1	0.983606557377049
327502	0.825	1	0.0434782608695652	0
869699	1	0.15	1	1
3782803	0.166666666666667	0.0344827586206897	1	1
666010	0.15	1	1	1
2112247_1	0.964285714285714	0.935483870967742	0.181818181818182	0.00900900900900901
2112247_2	0.964285714285714	0.935483870967742	0.181818181818182	0.00900900900900901
970558	0.814814814814815	0	1	1
4970842	0	0.833333333333333	0	0
2831662_1	1	0.185185185185185	0	0.0277777777777778
2831662_2	1	0.185185185185185	0	0.0277777777777778
2831662_3	1	0.185185185185185	0	0.0277777777777778
1267533	1	0.176470588235294	1	1
2982175	0.233333333333333	1	0	0
1381138_1	1	1	0.0784313725490196	0.0227272727272727
1381138_2	1	1	0.0784313725490196	0.0227272727272727
2919625	0.883720930232558	0.0645161290322581	0	0
4560870_1	0	0	0.916666666666667	0.94017094017094
4560870_2	0	0	0.916666666666667	0.94017094017094
4560870_3	0	0	0.916666666666667	0.94017094017094
6020731	1	0	0.942307692307692	0.978260869565217
3333522	0.8	1	0	0
555633	1	0.172413793103448	1	1
2290830	0.959183673469388	0.464285714285714	0	0
5332911	0.555555555555556	0.032258064516129	0.974358974358974	1
3637176	1	0	0.0416666666666667	0.0396039603960396
2825840	0	0	0.9	0.9453125
2382868	0.884615384615385	0	0	0.0134228187919463
1070562	0.871794871794872	0.0344827586206897	0	0.00813008130081301
3779361_1	0	0.928571428571429	0.75	1
3779361_2	0	0.928571428571429	0.75	1
2171734	0.0487804878048781	0.357142857142857	1	0.991869918699187
198826	1	0.192307692307692	1	1
4317500	1	1	0.0961538461538462	0.0593220338983051
4600830	1	0.2	1	1
5203955	0.80952380952381	0	0	0
2195334	1	0.206896551724138	1	1
1724092	1	0.206896551724138	1	1
5303390_1	0.0185185185185185	0	0.771428571428571	0.947916666666667
5303390_2	0.0185185185185185	0	0.771428571428571	0.947916666666667
91438	0.15	0.888888888888889	0.024390243902439	0
4201905	1	0.121212121212121	0.976190476190476	0.97979797979798
3787802	0	0.782608695652174	0	0
100134	0.833333333333333	0.0689655172413793	0.955555555555556	0.991596638655462
1361739	0.129032258064516	0.944444444444444	0.973684210526316	1
1453146	0.0444444444444444	0.857142857142857	0	0
5780905	0.113207547169811	0	0.909090909090909	0.957894736842105
5378160	0.161290322580645	0.91304347826087	1	1
2556127	0	0.857142857142857	0.0512820512820513	0
6554650	0	0.764705882352941	0	0
6016850	0.911764705882353	0	1	0.97979797979798
3026457	0.0263157894736842	0.80952380952381	0	0
284147	0.88	1	0.075	0.0540540540540541
4375540	0.0357142857142857	0.891891891891892	0.0701754385964912	0
1461572	0	0.771428571428571	0	0
4360546	0	0.76	0	0
5949721	0.878787878787879	0.0625	1	1
4140595	0.92156862745098	0	0.926829268292683	1
1870636	1	0.25	1	1
4677978	0.0714285714285714	0.96551724137931	0.0465116279069767	0.0315789473684211
5735002	0.186046511627907	0.909090909090909	1	1
1774513	0.0967741935483871	0	0.78125	0.953488372093023
5637768	0.944444444444444	0.125	0.935483870967742	1
5314616_1	0.794871794871795	0.0833333333333333	0	0
5314616_2	0.794871794871795	0.0833333333333333	0	0
53965	0.147058823529412	0.966666666666667	0.0666666666666667	0.0101010101010101
4400335	0.95	0.0909090909090909	1	0.972477064220184
4664512	0.963636363636364	0.173913043478261	1	1
1943120	1	0.08	0.939393939393939	0.978571428571429
545180	0.52	0	1	0.990476190476191
5229413	0.0526315789473684	0.904761904761905	0.0285714285714286	0.00833333333333333
5632557	0.944444444444444	0.136363636363636	1	0.991071428571429
1079198	0	0.8125	0	0.0166666666666667
1403163	0.5	0.05	1	1
6571698	0.75	0	0	0
940981_1	0.0909090909090909	0.916666666666667	0	0.0202020202020202
940981_2	0.0909090909090909	0.916666666666667	0	0.0202020202020202
983810	0.909090909090909	1	0.105263157894737	0.0298507462686567
2763665	0	0.739130434782609	0	0
5785237_1	0	0.736842105263158	0	0
5785237_2	0	0.736842105263158	0	0
1049540	1	0.258064516129032	1	1
5476854	0.961538461538462	0.0909090909090909	0.9	1
331876	0.967741935483871	0.153846153846154	1	0.983739837398374
4231208	0.96551724137931	0.166666666666667	1	0.991228070175439
3138226	0.111111111111111	0.96875	0.0652173913043478	0.032
172409	0	0.833333333333333	0	0.0232558139534884
4917966	0.0625	0.923076923076923	0.024390243902439	0.0165289256198347
5795092	0.258064516129032	1	1	1
2824757	0	0	0.948717948717949	0.905797101449275
3782338	1	0.269230769230769	1	1
1044382	0.944444444444444	0.2	1	1
5937317	0.142857142857143	0.896551724137931	1	0.971698113207547
3217681	0.261904761904762	1	1	1
1980598	0.173913043478261	0.956521739130435	0	0
5660553	1	1	0.138888888888889	0.0967741935483871
2880036	0.767441860465116	0.05	0	0
248511	1	0.28	1	1
2311275_1	0.239130434782609	0.956521739130435	1	1
2311275_2	0.239130434782609	0.956521739130435	1	1
3166476_1	0.137254901960784	0.9	0	0
3166476_2	0.137254901960784	0.9	0	0
6183481	0.947368421052632	0	0.923076923076923	0.971223021582734
1160533	0.181818181818182	0.933333333333333	0	0.0234375
2648288	0.0476190476190476	0	0.790697674418605	0.942028985507246
3036808_1	1	0.275	1	1
3036808_2	1	0.275	1	1
5003134	0	0.708333333333333	0	0
5166149_1	0.0681818181818182	0.807692307692308	0	0
5166149_2	0.0681818181818182	0.807692307692308	0	0
2427962	0.981481481481482	0.25	1	1
4333675	0	0.709677419354839	0	0
6361118	1	0.3	1	1
2171085	0	1	0.0689655172413793	0.0504201680672269
4203935	0.3125	0.0740740740740741	0.888888888888889	0.991071428571429
3249687	0.162162162162162	1	0.024390243902439	0.03125
3330247	0	0	0.807017543859649	0.938053097345133
1552529	0.75	0.954545454545455	0.0625	0.0336134453781513
5623909	1	0.304347826086957	1	1
5221076	0.9	0.175	1	0.977099236641221
3218109_1	0.736842105263158	0.037037037037037	0	0
3218109_2	0.736842105263158	0.037037037037037	0	0
6046137	0.705882352941177	0	0	0
4913724_1	0.5	0	0.939393939393939	1
4913724_2	0.5	0	0.939393939393939	1
3373928	0.117647058823529	0.931034482758621	0.216216216216216	0
2361752	1	0.166666666666667	1	0.968503937007874
1213499_1	0.24390243902439	1	1	0.982300884955752
1213499_2	0.24390243902439	1	1	0.982300884955752
1791789	0	0.730769230769231	0	0.00757575757575758
5231939	0.826086956521739	0.0476190476190476	0.934782608695652	0.99
591749	0.707317073170732	0	0	0
5276452_1	0	0.727272727272727	0	0.00746268656716418
5276452_2	0	0.727272727272727	0	0.00746268656716418
5276452_3	0	0.727272727272727	0	0.00746268656716418
1115567	0.9	0.2	0.974358974358974	1
1205858	0	0.689655172413793	0	0
4162153	0.72	0	0.0204081632653061	0
4184946	0.0208333333333333	0.733333333333333	0	0
5072901	0.666666666666667	0	0	0
154695	0.666666666666667	1	0.0571428571428571	0.036697247706422
4858353	0.884615384615385	0.233333333333333	1	1
4757251	0.130434782608696	1	0.138888888888889	0.0521739130434783
2657501	0.65	0.125	1	0.986754966887417
3259240	0.0740740740740741	0.818181818181818	0	0
1077342	0.354838709677419	1	0	0.00694444444444444
571558	0	0.6875	0	0
1233142_1	0.133333333333333	0.777777777777778	0	0
1233142_2	0.133333333333333	0.777777777777778	0	0
3271557	1	0.32258064516129	1	1
5801696	0	0.733333333333333	0.982758620689655	1
556485	0.222222222222222	1	0.0227272727272727	0.0303030303030303
4735117	0.268292682926829	1	1	0.982905982905983
1335352	1	0.333333333333333	1	1
4381654	0	0.666666666666667	0	0
2753845	0.642857142857143	0	0.866666666666667	0.974137931034483
2462267	0.787878787878788	0.0909090909090909	0.953488372093023	1
4867491_1	0	0	0.72972972972973	0.855855855855856
4867491_2	0	0	0.72972972972973	0.855855855855856
2505656	0.714285714285714	0.973684210526316	0.0909090909090909	0.062015503875969
1824983	0.84375	0	0.918367346938776	1
1060344_1	0.0178571428571429	0	0.765957446808511	0.87378640776699
1060344_2	0.0178571428571429	0	0.765957446808511	0.87378640776699
1060344_3	0.0178571428571429	0	0.765957446808511	0.87378640776699
1070275	0	0.666666666666667	0	0
2877137	0	0.666666666666667	0	0
1143801	0.037037037037037	0	0.65625	0.909090909090909
204882	0.4	0.181818181818182	0.980392156862745	0.985074626865672
4232786	1	0.352941176470588	1	1
424312	1	0.35	1	1
5680133	1	0.333333333333333	1	1
5388136	0.0357142857142857	0.952380952380952	0.06	0.0378787878787879
2391156	1	0.34375	1	1
6527002	0.673913043478261	0	0	0
345870	0.25	1	0.976744186046512	0.992805755395683
186294	0.0681818181818182	0.952380952380952	0.0465116279069767	0.0388349514563107
2906533	0.333333333333333	1	1	1
3823288	0	0.727272727272727	0	0.0163934426229508
5199185	0.64	0	0	0
3145866	0.526315789473684	0	1	0.948905109489051
1384522	0.918918918918919	1	0.172413793103448	0.121212121212121
4773382	0.292682926829268	0.958333333333333	1	0.991228070175439
2994160	0.04	0	0.847826086956522	0.876106194690266
1127521	0.295454545454545	0.928571428571429	1	1
4404929	0	0.648648648648649	0	0
4230353_1	0	0.642857142857143	0	0
4230353_2	0	0.642857142857143	0	0
3469228	0.166666666666667	0.903225806451613	0.888888888888889	0.991228070175439
3352362	0.28	0.962962962962963	0.0256410256410256	0.0163934426229508
4220248	0.325581395348837	0.95	1	1
5829302	0.272727272727273	0.111111111111111	0.933333333333333	0.962616822429907
1029936	0.257142857142857	0	0.970588235294118	0.91869918699187
5712556	0.319148936170213	1	0.975609756097561	1
2129964	0	0	0.758620689655172	0.920353982300885
5985649	0	0.625	0	0
3916501	0	0.611111111111111	0	0
4246584_1	0	0.611111111111111	0	0
4246584_2	0	0.611111111111111	0	0
2729511	0.970588235294118	0.333333333333333	1	1
2087183	0.484848484848485	1	0.0930232558139535	0.00826446280991736
3895743	1	0.384615384615385	1	1
6461392_1	0.5	0	0.857142857142857	0.947368421052632
6461392_2	0.5	0	0.857142857142857	0.947368421052632
6461392_3	0.5	0	0.857142857142857	0.947368421052632
5481173	0	0.904761904761905	0.08	0.0476190476190476
5245220	0	0.708333333333333	0.0545454545454545	0
177922	0.615384615384615	0	0	0
6107032	0.1	0.92	0.102564102564103	0.0442477876106195
3007895_1	0.888888888888889	0.966666666666667	0.157894736842105	0.0769230769230769
3007895_2	0.888888888888889	0.966666666666667	0.157894736842105	0.0769230769230769
2817747	0	0.6	0	0
4933005	0.34375	1	0.116279069767442	0.037037037037037
3285790	1	0.324324324324324	1	0.978947368421053
4934120	0.571428571428571	0.9	0.131578947368421	0.0393700787401575
3047891	0.318181818181818	0	0.918367346938776	0.905172413793103
5091355	0	0.605263157894737	0	0
2886917_1	0.590909090909091	0	0	0
2886917_2	0.590909090909091	0	0	0
985772_1	0.96	0.366666666666667	1	1
985772_2	0.96	0.366666666666667	1	1
5525561	0.162162162162162	1	0.104166666666667	0.0294117647058824
3662519_1	0.209302325581395	0.76	0.946428571428571	0.990291262135922
3662519_2	0.209302325581395	0.76	0.946428571428571	0.990291262135922
3662519_3	0.209302325581395	0.76	0.946428571428571	0.990291262135922
1085031	0.136363636363636	0.740740740740741	0	0.0155038759689922
1973773	0	0.6	0	0
2523703	0.660377358490566	0.037037037037037	0	0.0078740157480315
3953349	0.225806451612903	1	0.169491525423729	0.025
3166093	0.63265306122449	0.05	0	0
6101315_1	0.708333333333333	0.102564102564103	0	0
6101315_2	0.708333333333333	0.102564102564103	0	0
5299691	0.620689655172414	0	0.0172413793103448	0
1125374	0.680851063829787	0.166666666666667	0	0
5358944	0	0.678571428571429	0.0566037735849057	0
4867689	0.0444444444444444	0.714285714285714	0.0638297872340425	0
2033705	0.315789473684211	1	0.0689655172413793	0.0420168067226891
176909_1	0.379310344827586	1	1	0.991525423728814
176909_2	0.379310344827586	1	1	0.991525423728814
176909_3	0.379310344827586	1	1	0.991525423728814
4964552_1	0.125	0.714285714285714	0.910714285714286	0.954128440366973
4964552_2	0.125	0.714285714285714	0.910714285714286	0.954128440366973
4268338	0.848484848484849	0.565217391304348	0.0857142857142857	0.036036036036036
5287880	0	0.678571428571429	0	0.024390243902439
1507340	0.333333333333333	0.916666666666667	1	0.9921875
2080721	0.266666666666667	0.952380952380952	0.0425531914893617	0.0342465753424658
2583738_1	0.0434782608695652	0	0.931818181818182	0.841059602649007
2583738_2	0.0434782608695652	0	0.931818181818182	0.841059602649007
5864374	0.352941176470588	0.823529411764706	0	0
2175525	0.0512820512820513	0.642857142857143	0	0
70128	0.363636363636364	0.925925925925926	1	1
391827	0.675	0.210526315789474	0	0
6043921	0.175	1	0.86046511627907	0.953846153846154
6345175_1	1	0.147058823529412	0.195121951219512	0.108910891089109
6345175_2	1	0.147058823529412	0.195121951219512	0.108910891089109
6345175_3	1	0.147058823529412	0.195121951219512	0.108910891089109
273339	0.27027027027027	0.961538461538462	0.142857142857143	0.0212765957446809
1173839	0.342105263157895	1	0.96551724137931	0.989690721649485
2817034	0.363636363636364	1	1	0.991596638655462
1030157	0.914893617021277	1	0.195652173913043	0.170940170940171
3853166	0.659090909090909	0	0	0.0285714285714286
398997	1	0.318181818181818	0.979166666666667	0.986206896551724
4976075	0.0377358490566038	0	0.741935483870968	0.818897637795276
1145264	0.828571428571429	0.266666666666667	0.979166666666667	1
5908333	0	0.6	0	0.00709219858156028
529516_1	1	0.434782608695652	1	1
529516_2	1	0.434782608695652	1	1
1561286	0	0.578947368421053	0	0
5174201	0.545454545454545	0.103448275862069	0.743589743589744	0.984375
3167734	0	0.692307692307692	0	0.0273972602739726
688344	0	0.571428571428571	0	0
3279879_1	0.324324324324324	0.91304347826087	0.970588235294118	0.9921875
3279879_2	0.324324324324324	0.91304347826087	0.970588235294118	0.9921875
1146269	0.4375	1	1	1
970833	0.4	0.956521739130435	1	1
6481322	0.727272727272727	0.125	0.0789473684210526	0.00925925925925926
2703518	0.6	0	0	0.00917431192660551
3217955	0.767441860465116	0.0869565217391304	0.897959183673469	0.9921875
4865223	1	0.4	0.982456140350877	1
2588127	0.904761904761905	0	0.111111111111111	0.0451127819548872
5552134	1	0.378378378378378	1	0.982758620689655
1559427	0.945945945945946	0.333333333333333	0.941176470588235	1
1657744	0.681818181818182	0.722222222222222	0.0769230769230769	0.0234375
271044	0.257142857142857	1	0.9	0.969465648854962
3751043	0.872340425531915	0.0416666666666667	0.153846153846154	0.0964912280701754
2833676	0.470588235294118	1	1	1
1965042	0.555555555555556	0	0	0
4863494	0	0.652173913043478	0.0188679245283019	0.0148148148148148
1797485	0.384615384615385	0.956521739130435	0.96969696969697	1
5207973	0.413793103448276	1	1	0.990825688073395
1198805	0.515151515151515	0.0344827586206897	0.979591836734694	0.894736842105263
5541334	1	0.447368421052632	1	1
1813547	0.0967741935483871	0.814814814814815	0.06	0.037037037037037
3019638	0.447368421052632	1	1	1
5957320	0.590909090909091	0.037037037037037	0	0
2195213_1	0.615384615384615	0.166666666666667	0	0
2195213_2	0.615384615384615	0.166666666666667	0	0
1294377	0.1	0.666666666666667	0.0444444444444444	0
2014842	0.433333333333333	1	1	0.99290780141844
112760	0.923076923076923	0.222222222222222	1	0.946428571428571
3965360	0.851851851851852	1	0.170731707317073	0.121428571428571
4016418	0.16	0.818181818181818	0.0454545454545455	0.00793650793650794
6413125	0	0.521739130434783	0	0
6337742	0.404255319148936	1	0.976190476190476	0.992481203007519
2032163	0	0.75	0.170731707317073	0
3627938_1	0	0.583333333333333	0	0.00757575757575758
3627938_2	0	0.583333333333333	0	0.00757575757575758
3283712	0.78125	0.0625	0.0444444444444444	0.0551181102362205
5236488	0	0.620689655172414	0	0.0227272727272727
2468074	0.0256410256410256	0.941176470588235	0	0.115384615384615
4963681	0.481481481481481	1	1	1
224862	0.714285714285714	0	0.905660377358491	0.9453125
3711113	0.846153846153846	1	0.228070175438596	0.104838709677419
2713009_1	0	0.736842105263158	0.3	0.0267857142857143
2713009_2	0	0.736842105263158	0.3	0.0267857142857143
1728768_1	0.448275862068966	0.928571428571429	1	1
1728768_2	0.448275862068966	0.928571428571429	1	1
248095	0.560975609756098	0.0769230769230769	0	0
3991513	0.5	0	0	0
1358409	0.67741935483871	0.645161290322581	0.0277777777777778	0.0350877192982456
2593510_1	0	0.551724137931034	0	0.00980392156862745
2593510_2	0	0.551724137931034	0	0.00980392156862745
2055908	0.978723404255319	1	0.25	0.193798449612403
4870628	0	0.615384615384615	0.0408163265306122	0
1551209	0.0303030303030303	0	0.424242424242424	0.773584905660377
2200857	0.9	0.382352941176471	1	0.986486486486487
2928913_1	0.678571428571429	0	0.929824561403509	0.933823529411765
2928913_2	0.678571428571429	0	0.929824561403509	0.933823529411765
5614729	0.55	0	0	0.00813008130081301
1073420	0.317073170731707	0.964285714285714	0.96969696969697	0.961240310077519
6314232	1	0.5	1	1
205859	0.0952380952380952	1	0.134615384615385	0.072
226447	0.529411764705882	0	0.866666666666667	0.917808219178082
2672505	0.384615384615385	1	0.108695652173913	0.0615384615384615
443130	0	0.5	0	0
1907834	0.471698113207547	1	1	1
1757933	0.355555555555556	0.157894736842105	0.938775510204082	0.9375
2461428	0.771428571428571	0.0303030303030303	0	0.0930232558139535
2299682	0.454545454545455	1	0.178571428571429	0.0608695652173913
5616798	0	0.482758620689655	0	0
2651053	1	0.529411764705882	1	1
2795822	0	0.48	0	0
1707855	0.0625	0.6875	0	0.0215827338129496
6545658	0.169811320754717	0.695652173913043	0	0
1036795	0	0.481481481481481	0	0
3334964	0.413793103448276	1	0.0892857142857143	0.147286821705426
602878	0	0.875	0.125	0.0507246376811594
2197030	0	0.542857142857143	0.0338983050847458	0
4660095	0.9	0.0714285714285714	0.826923076923077	0.920634920634921
4970165	0.413793103448276	1	0.897435897435897	1
1563628	0.514285714285714	1	1	1
1816658	0.181818181818182	0.571428571428571	0	0
1114393	1	0.142857142857143	0.755555555555556	0.951923076923077
4385474	0	0	0.707317073170732	0.781512605042017
1919752	0.740740740740741	0	0.0847457627118644	0.0396825396825397
428443	0.395348837209302	0.96	0.96969696969697	0.978947368421053
182845	0.6	0.342857142857143	0.921052631578947	0.992248062015504
6347327	0.0833333333333333	0.740740740740741	0.0681818181818182	0.0265486725663717
695784	0.51219512195122	0.0454545454545455	0	0
5755537	0.5	0	0	0
2952136	0.803921568627451	0.037037037037037	0.925925925925926	0.898148148148148
2564498	1	0.411764705882353	0.982456140350877	0.977611940298508
2016229	0	0.65	0.0555555555555556	0.0256410256410256
1168567	0.75	1	0.235294117647059	0.168141592920354
6173731	0.575	0.0833333333333333	0	0.0173913043478261
2961546	0	0.454545454545455	0	0
5619035	0.0857142857142857	0.875	0.125	0.0310077519379845
6324483	0.425531914893617	0.948717948717949	0.944444444444444	1
4104513	1	0.392857142857143	1	0.961832061068702
3968974	0.441860465116279	0.945945945945946	1	0.98936170212766
4956281	0.439024390243902	0.897435897435897	1	1
2225727	0.941176470588235	0	0.106382978723404	0.0810810810810811
3628081	0.146341463414634	0.904761904761905	0.0909090909090909	0.0592592592592593
1845419	0	0.5	0.0256410256410256	0
3466616	0.428571428571429	0.375	0.818181818181818	1
6289056	1	1	0.326923076923077	0.216417910447761
2418244	0.333333333333333	0.375	0.836734693877551	0.993103448275862
1940013	0.290909090909091	0.764705882352941	0.787234042553192	0.981818181818182
2060933	0.02	0.266666666666667	0.75	0.783783783783784
382490	0.657894736842105	0.0555555555555556	0.854166666666667	0.964285714285714
370340	0.923076923076923	1	0.184210526315789	0.235849056603774
3722910	0.444444444444444	0.885714285714286	1	1
3138354	0.4375	0	0	0
3540167	0.941176470588235	0.514285714285714	1	1
2517418_1	0.0476190476190476	0.481481481481481	0	0
2517418_2	0.0476190476190476	0.481481481481481	0	0
1291141_1	0.0833333333333333	0.814814814814815	0.0425531914893617	0.0875912408759124
1291141_2	0.0833333333333333	0.814814814814815	0.0425531914893617	0.0875912408759124
5564656	0.222222222222222	1	0.0892857142857143	0.046875
4889430	0	0.478260869565217	0	0.00961538461538462
2577940	1	0.555555555555556	1	1
2116689	0.195121951219512	0.92	0.0612244897959184	0.108108108108108
2940535	0.0689655172413793	0.615384615384615	0.0188679245283019	0.0222222222222222
5485550	1	0.5625	1	1
4885649	1	0.558823529411765	1	1
6344707	0	0.5	0	0.016
5845981	0	0.565217391304348	0.0769230769230769	0
3864091	0.818181818181818	0.484848484848485	1	1
115345	0.5	0.944444444444444	0.970588235294118	1
4856878	0	0.466666666666667	0	0.00884955752212389
5837486	0.478260869565217	0	0	0.00900900900900901
2781295	0	0.46875	0	0.008
3392706	0.361702127659574	0.59375	0.925925925925926	0.990476190476191
2876988	0	0.428571428571429	0	0
2902002	0.681818181818182	0.342857142857143	0.918918918918919	0.976190476190476
479684	0.0294117647058824	0.458333333333333	0	0
1781288	0	0.423076923076923	0	0
1123268	0.366666666666667	1	0.114285714285714	0.132450331125828
3654126	0	0.411764705882353	0	0
2461931	0.36	0.55	0	0.00943396226415094
2255916	0.891304347826087	1	0.529411764705882	0.276595744680851
2109681	0	0.03125	0.457142857142857	0.680412371134021
4928676	0.0238095238095238	0.454545454545455	0	0
659377_1	0.697674418604651	0.176470588235294	0.964285714285714	0.958333333333333
659377_2	0.697674418604651	0.176470588235294	0.964285714285714	0.958333333333333
659377_3	0.697674418604651	0.176470588235294	0.964285714285714	0.958333333333333
5922344	0.763157894736842	0.277777777777778	0.94	0.992248062015504
2816076	0.722222222222222	1	0.102040816326531	0.216494845360825
2578101	0.571428571428571	1	1	1
2679607	0	0.421052631578947	0	0
1024475	0.0303030303030303	0.451612903225806	0	0
5227288	0	0.413793103448276	0	0
2731794_1	0.153846153846154	0.571428571428571	0.032258064516129	0
2731794_2	0.153846153846154	0.571428571428571	0.032258064516129	0
495672	0.08	1	0.925925925925926	0.770642201834862
2715436	0.708333333333333	0.125	0.0408163265306122	0.0916666666666667
2395230	0.5	0.0344827586206897	0.684210526315789	0.902654867256637
683537	0	0	0.743589743589744	0.729166666666667
5812091	0.5	1	0.978723404255319	0.993197278911565
5006227	0.0625	0	0.717391304347826	0.762295081967213
1025119	0.714285714285714	0.0344827586206897	0.903225806451613	0.828571428571429
1614950_1	0.588235294117647	1	1	1
1614950_2	0.588235294117647	1	1	1
3659884	0.705882352941177	0	0	0.0708661417322835
757845	0.58974358974359	1	1	1
159052	0.9	0.538461538461538	1	1
6103724	0	0.4	0	0
424516	0	0.392857142857143	0	0
3025815	0.933333333333333	1	0.230769230769231	0.190082644628099
4950243	0.571428571428571	1	1	0.993377483443709
3715827_1	0.625	0.0540540540540541	0.109090909090909	0.0185185185185185
3715827_2	0.625	0.0540540540540541	0.109090909090909	0.0185185185185185
1078941	0.48936170212766	0.580645161290323	1	0.991666666666667
879130	0.914285714285714	0.375	0.888888888888889	0.992481203007519
3654286_1	0	1	0.1875	0.644859813084112
3654286_2	0	1	0.1875	0.644859813084112
3654286_3	0	1	0.1875	0.644859813084112
1334544	0.785714285714286	0.0625	0.1875	0.165137614678899
80398	0	0.64	0.027027027027027	0.073394495412844
5206228	0.466666666666667	0.0434782608695652	0.0256410256410256	0
5045923	0.548387096774194	0.9375	1	1
205727	0.0967741935483871	0.807692307692308	0.108695652173913	0.0909090909090909
4051917	0.375	1	0.931034482758621	0.935779816513762
4799937	1	1	0.390243902439024	0.242990654205607
6410777	0	0.45	0.0256410256410256	0.00970873786407767
2493222	0.416666666666667	0	0	0.008
5521463	0	0.5	0	0.0300751879699248
116518	1	0.620689655172414	1	1
5609698	0	0.379310344827586	0	0
2689294	0.604651162790698	1	1	1
3552965	0.8	0.25	0.875	0.992957746478873
1007665	0.352941176470588	0.923076923076923	0.952380952380952	0.934306569343066
2006957	0.0789473684210526	0	0.72972972972973	0.650943396226415
2555598	0.533333333333333	1	0.954545454545455	0.992424242424242
4230694	0.777777777777778	0.117647058823529	0.153846153846154	0.127659574468085
512239	1	0.617647058823529	1	1
708275	0.03125	0.476190476190476	0.0377358490566038	0
3024859	0.694444444444444	1	0.282608695652174	0.245762711864407
1078261	0	0.37037037037037	0	0
1130361	0.628571428571429	1	1	1
1215415	0.405405405405405	0.037037037037037	0	0
2794098	0	0	0.574468085106383	0.693548387096774
6389242	0	0	0.46	0.676190476190476
1010423	0.0256410256410256	0	0.685714285714286	0.521739130434783
3946337	0	0.457142857142857	0	0.0267857142857143
1882069	0.96078431372549	0.555555555555556	1	1
1360254	0	0.36	0	0
1104429	0.434782608695652	0.0555555555555556	0	0.00757575757575758
5302452	0.833333333333333	0	0.794871794871795	0.870503597122302
3724590	0	0.473684210526316	0.0571428571428571	0.0072992700729927
2522677	0.595238095238095	1	0.96551724137931	1
3441082	0.0454545454545455	0.4	0	0
2935824	0.52	1	0.931818181818182	0.991869918699187
2806254_1	1	0.645161290322581	1	1
2806254_2	1	0.645161290322581	1	1
2845735	0.314285714285714	0.971428571428571	0.791666666666667	0.935483870967742
5242738	0.0384615384615385	0.451612903225806	0	0.0186915887850467
1788064	0.0689655172413793	1	0.795918367346939	0.804511278195489
3450134	0.636363636363636	0	0.119047619047619	0.0648148148148148
5695012	0.627906976744186	1	1	1
2377432	0.414634146341463	0	0	0.015625
1407844	0.529411764705882	0.5625	0.0204081632653061	0.064
3149129	0.358974358974359	0	0	0
2599029	1	0.641025641025641	1	1
623240	0.916666666666667	0.55	1	0.992957746478873
443480	0.422222222222222	0.0277777777777778	0	0.0105263157894737
1382956	1	1	0.583333333333333	0.348837209302326
2724198	1	0.653846153846154	1	1
6082725	1	0.514285714285714	1	0.954128440366973
3219296	0.545454545454545	0.925925925925926	0.155172413793103	0.168224299065421
6400447	0	0.344827586206897	0	0
527310	0.613636363636364	0.952380952380952	1	1
412200_1	0.630434782608696	1	1	1
412200_2	0.630434782608696	1	1	1
3121944_1	0.85	0.5	0.964285714285714	0.982456140350877
3121944_2	0.85	0.5	0.964285714285714	0.982456140350877
5960078	0.159090909090909	0.645161290322581	0.105263157894737	0.036036036036036
5822969	0.037037037037037	1	0.810810810810811	0.565656565656566
4779461	0	0	0.555555555555556	0.642201834862385
200350	0.288461538461538	1	0.155555555555556	0.3
1823287	0.644444444444444	1	1	1
5813941	0.588235294117647	0.970588235294118	1	0.98989898989899
2131193	0.80952380952381	0.1	0.15625	0.10655737704918
5250798	0.958333333333333	0.52	0.942307692307692	0.993055555555556
4651441	1	0.657142857142857	1	1
2675114_1	0.342105263157895	0	0	0
2675114_2	0.342105263157895	0	0	0
4388220_1	1	0.666666666666667	1	1
4388220_2	1	0.666666666666667	1	1
5225221	0.4	0.294117647058824	0	0
2344804	0.0212765957446809	0.363636363636364	0.575	0.717171717171717
1229360	0	0.321428571428571	0	0
1560337	1	0.666666666666667	1	1
1200709_1	0.711111111111111	0.111111111111111	0.0714285714285714	0.160714285714286
1200709_2	0.711111111111111	0.111111111111111	0.0714285714285714	0.160714285714286
823215	0.390243902439024	0.0357142857142857	0.0232558139534884	0
1484137	0	0.387096774193548	0	0.013986013986014
5983345	0.67741935483871	1	1	1
6213805	1	0.678571428571429	1	1
2800577	0.0909090909090909	0.380952380952381	0	0
2516034	0.354166666666667	0.0588235294117647	0	0
2898232	0.211538461538462	0.714285714285714	0.0204081632653061	0.0677966101694915
3281172	0.689655172413793	1	1	1
4312449	0.952380952380952	0.578947368421053	0.980769230769231	0.984375
5263522	1	0.685714285714286	1	1
2079154	0	0	0.666666666666667	0.411764705882353
1005121	1	0.695652173913043	1	1
5665307_1	0.325	0	0	0
5665307_2	0.325	0	0	0
4370241	0.52	1	0.216216216216216	0.346153846153846
3558871	0.326923076923077	0	0	0
1941151	0.566666666666667	1	0.723404255319149	1
3010476	1	0.685714285714286	1	1
1800151	0.957446808510638	0.0714285714285714	0.914285714285714	0.669902912621359
5889206	0.673076923076923	1	1	1
5180633	0.0714285714285714	0	0.641509433962264	0.681818181818182
1319540	0.0625	0	0.526315789473684	0.656488549618321
4948314	0.340425531914894	0	0	0.00925925925925926
970616	0.702702702702703	1	1	1
1063910	1	0.851851851851852	0.317073170731707	0.576086956521739
589050	1	0.678571428571429	0.982456140350877	1
874651	0.821428571428571	0.151515151515152	0.770833333333333	0.813559322033898
5125383	0.707317073170732	1	1	1
5774578	1	0.548387096774194	0.935483870967742	0.962962962962963
1669328	0.0714285714285714	0.354838709677419	0	0
136812	0	0	0.641025641025641	0.687074829931973
6447233	0.48	0.0625	0.302325581395349	0.0254237288135593
6045191	0	0	0.609756097560976	0.483333333333333
5980689	0.230769230769231	1	0.26530612244898	0.115107913669065
2896238	0	0	0.523809523809524	0.6171875
5009026	0.689655172413793	1	0.977777777777778	1
480062	0.15	0.424242424242424	0.0638297872340425	0.0072463768115942
184356	0.3125	0.04	0	0
4631334	0.222222222222222	0.909090909090909	0.214285714285714	0.188524590163934
5050375	1	1	0.59375	0.392523364485981
5633610_1	0.708333333333333	1	1	1
5633610_2	0.708333333333333	1	1	1
2034464	0	0.272727272727273	0	0
820725	1	0.290322580645161	0.694444444444444	0.429906542056075
2263874	0.638888888888889	0.96875	0.973684210526316	0.991666666666667
5949186	1	0.684210526315789	1	0.991379310344828
897962	0	0.272727272727273	0	0
1573618	0.272727272727273	0	0	0
1863548	0.875	0.136363636363636	0.833333333333333	0.824427480916031
1624907	0.947368421052632	1	0.536585365853659	0.318181818181818
43752	1	1	0.846153846153846	0.504201680672269
818157	0.666666666666667	0.894736842105263	1	1
3378633	0	0.1875	0.146341463414634	0.541666666666667
434757	0.692307692307692	1	0.971428571428571	1
6235715	0.0256410256410256	0	0.385964912280702	0.590163934426229
4775563	0.275	0	0	0
5370423	0.921052631578947	0.0857142857142857	0.647058823529412	0.617886178861789
4976234	0.869565217391304	0.323529411764706	0.906976744186046	0.878378378378378
1233486	0.314285714285714	0.0769230769230769	0	0
4739454	0.441176470588235	0.485714285714286	0.117647058823529	0.0434782608695652
5407421_1	0	0.9	0.361702127659574	0.333333333333333
5407421_2	0	0.9	0.361702127659574	0.333333333333333
5407421_3	0	0.9	0.361702127659574	0.333333333333333
4785125	0	0.8	0.1875	0.427184466019417
5894899	0	0.35	0.0196078431372549	0.0188679245283019
36663	0.609756097560976	1	0.975609756097561	0.962962962962963
3898544_1	0.966666666666667	0.709677419354839	1	1
3898544_2	0.966666666666667	0.709677419354839	1	1
2018187_1	0.186046511627907	1	0.296296296296296	0.245454545454545
2018187_2	0.186046511627907	1	0.296296296296296	0.245454545454545
1030363_1	0.270833333333333	0	0	0
1030363_2	0.270833333333333	0	0	0
6434162	0.880952380952381	1	0.612903225806452	0.37593984962406
2700134	0.75	0.148148148148148	0.931818181818182	0.753333333333333
3614187	0.274509803921569	0	0	0
950485	0.617647058823529	1	0.962962962962963	0.974358974358974
4948661	0.28	0	0.730769230769231	0.731884057971015
6592218	0.181818181818182	0.230769230769231	0.745454545454545	0.725
4216773	0.25	1	0.217391304347826	0.333333333333333
5781284	0.711538461538462	1	0.972222222222222	1
4610074	0	0.558823529411765	0.659090909090909	0.763157894736842
1926845_1	0.509803921568627	0.789473684210526	0.944444444444444	0.336363636363636
1926845_2	0.509803921568627	0.789473684210526	0.944444444444444	0.336363636363636
1583891	1	1	0.341463414634146	0.420689655172414
2246819	0.711111111111111	0.964285714285714	1	1
350892	0.625	1	0.827586206896552	0.981481481481482
1824600	1	1	0.571428571428571	0.424
458195	0.34	0.470588235294118	0.789473684210526	0.788135593220339
1430502_1	0	0.64	0.4375	0.63716814159292
1430502_2	0	0.64	0.4375	0.63716814159292
2377272	0.636363636363636	0.956521739130435	0.871794871794872	1
2993809	0.444444444444444	0.351351351351351	0.129032258064516	0.0234375
5444858	0	0.242424242424242	0	0
2879014	0.0238095238095238	0	0.481481481481481	0.476190476190476
3666865	0.297872340425532	0.0344827586206897	0.0181818181818182	0
973636	0.966666666666667	0.944444444444444	0.428571428571429	0.428571428571429
845626	1	1	0.541666666666667	0.436507936507937
2798442	0.75	1	1	1
5976365	1	0.266666666666667	0.404255319148936	0.503937007874016
833053	0.05	0.290322580645161	0	0
3218265	0.833333333333333	0	0.647058823529412	0.703703703703704
5225141	0.75	1	1	1
1963587	0.709677419354839	1	0.959183673469388	1
2810622	0.777777777777778	0.0769230769230769	0.763157894736842	0.672897196261682
714898	0	0	0.564102564102564	0.531034482758621
458981	0.245283018867925	0	0	0
6226930	0.285714285714286	0	0	0.015625
5134223	0	0	0.428571428571429	0.453781512605042
5530545	1	0.111111111111111	0.51063829787234	0.387387387387387
834892	0.24	0	0	0
775364	1	1	0.795454545454545	0.584905660377358
5068088	0.9	0.136363636363636	0.489795918367347	0.733870967741935
2978271	0.227272727272727	0	0	0
5111702	0.219512195121951	0.428571428571429	0.148936170212766	0.008
1409097	0.956521739130435	1	0.611111111111111	0.440677966101695
2127783	0.895833333333333	0.518518518518518	0.303030303030303	0.404255319148936
1838353	0.272727272727273	0.0645161290322581	0	0
5860110	0	0	0.393939393939394	0.418181818181818
4960792	0.733333333333333	0	0.183673469387755	0.217741935483871
761753	0.351351351351351	0	0.65	0.672566371681416
5397060	0.870967741935484	0.0588235294117647	0.583333333333333	0.724489795918367
1299202	0.0789473684210526	0.0476190476190476	0.372093023255814	0.557692307692308
382459	0.439024390243902	0	0.258064516129032	0.0707070707070707
2815765	0.227272727272727	0	0	0
2893815	0.758620689655172	1	0.976744186046512	1
1172880	0.324324324324324	0.851851851851852	0.914893617021277	0.747747747747748
5299229	1	1	0.480769230769231	0.758333333333333
4437085	0.422222222222222	1	0.755555555555556	0.865079365079365
2607586	0	0	0.425531914893617	0.556390977443609
1527052	0.766666666666667	0.964285714285714	1	1
3132620	0.217391304347826	0	0	0
1868503	0.32258064516129	0.0769230769230769	0	0.0260869565217391
1851753_1	0.780487804878049	1	1	1
1851753_2	0.780487804878049	1	1	1
6562755	0.761904761904762	1	1	0.993055555555556
1399387	0.212765957446809	0	0	0
2876854	1	1	0.692307692307692	0.471074380165289
2377352	0.790697674418605	1	0.418604651162791	0.4
5633405	1	1	0.733333333333333	0.982300884955752
287710	0.0222222222222222	0	0.536585365853659	0.206349206349206
1915284	0.8	0.166666666666667	0.113207547169811	0.0955882352941176
1013702	0.218181818181818	0	0	0
1224913	0.8	1	1	1
655855	0.8	1	1	1
2495061	1	1	0.536585365853659	0.62962962962963
461784	1	0.394736842105263	0.88	0.80952380952381
1944785	0.2	0	0	0
568251	0.68	0.03125	0.130434782608696	0.274336283185841
3705210	0	0	0.305555555555556	0.356435643564356
6218660	0.787878787878788	0	0.625	0.705035971223022
1505928	1	1	0.840909090909091	0.6
4462512	0	0	0.228070175438596	0.412844036697248
311359	0.255813953488372	0	0.0652173913043478	0
3307648	1	1	0.622641509433962	0.5
1463839	1	1	0.6	0.861702127659574
934317	0	0	0.276595744680851	0.41025641025641
4663392	1	0.653846153846154	1	0.927083333333333
677209	0.807692307692308	1	1	1
3059199	0.0227272727272727	0	0.363636363636364	0.445454545454545
1509598	1	1	0.7	0.621359223300971
2828790	0	0	0.272727272727273	0.401639344262295
4784142	0.769230769230769	0.956521739130435	0.973684210526316	1
5037469	0.72	0.67741935483871	0.342105263157895	0.25
5861053_1	0	0.794871794871795	0.759259259259259	0.690647482014389
5861053_2	0	0.794871794871795	0.759259259259259	0.690647482014389
5861053_3	0	0.794871794871795	0.759259259259259	0.690647482014389
6200470	0.297872340425532	0	0.0652173913043478	0.024
2410824	0.784313725490196	1	1	0.990291262135922
3047633	0.04	0	0.0769230769230769	0.386666666666667
1372565	1	0.696969696969697	1	0.957446808510638
1715680	1	0.545454545454545	0.936170212765957	0.882352941176471
6406167	0.173913043478261	0	0	0
3925016	0.717391304347826	0.947368421052632	0.886792452830189	0.933333333333333
95572	0.0256410256410256	0	0.194444444444444	0
4091294_1	0	0	0.409090909090909	0.185567010309278
4091294_2	0	0	0.409090909090909	0.185567010309278
4091294_3	0	0	0.409090909090909	0.185567010309278
4597861	0.96	1	0.611111111111111	0.879120879120879
3751227	0.037037037037037	0	0.454545454545455	0.330578512396694
2180863	0.195652173913043	0.0303030303030303	0	0
4744735	0	0.695652173913043	0.363636363636364	0.322314049586777
3105648	0.96	1	0.547169811320755	0.517482517482518
2443822	0	0.352941176470588	0.0625	0.07
1303536	0.8	0.964285714285714	1	1
699798	1	1	0.606060606060606	0.720720720720721
861840	0.111111111111111	0.5	0.146341463414634	0.0597014925373134
4208047	0.818181818181818	1	1	1
3419208	1	0.441176470588235	0.803921568627451	0.69811320754717
1425658	0.72	1	0.421052631578947	0.535714285714286
4584791	0	0.236842105263158	0	0.0241935483870968
5095153	0	0.333333333333333	0	0.0579710144927536
4428114	0.195652173913043	0	0	0.00862068965517241
1564139	0.291666666666667	0	0.577777777777778	0.548387096774194
1036671_1	0	0	0.416666666666667	0.333333333333333
1036671_2	0	0	0.416666666666667	0.333333333333333
350076	1	1	0.490566037735849	0.632478632478632
3468944	0.651162790697674	0.894736842105263	0.5625	0.401960784313726
1369582	0	0.2	0.531914893617021	0.461538461538462
2530861	1	1	0.568627450980392	0.553956834532374
685296	0.8125	1	1	0.991935483870968
5018112	0.15	0.25	0	0.00943396226415094
1527572	1	1	0.846153846153846	0.676767676767677
4754479_1	0.90625	0.941176470588235	0.894736842105263	0.859649122807018
4754479_2	0.90625	0.941176470588235	0.894736842105263	0.859649122807018
388273_1	0.255813953488372	0.129032258064516	0.0681818181818182	0
388273_2	0.255813953488372	0.129032258064516	0.0681818181818182	0
388273_3	0.255813953488372	0.129032258064516	0.0681818181818182	0
877514	0.45	0.972222222222222	0.666666666666667	0.509615384615385
3211093	0	0.275862068965517	0.117647058823529	0.402173913043478
3606554	0.472222222222222	0	0.25	0.138888888888889
5842275	1	1	0.508474576271186	0.630434782608696
2309824	1	1	0.633333333333333	0.736842105263158
3405573	0.238095238095238	0	0	0.028169014084507
5758259	0.592592592592593	0.9375	0.875	0.932692307692308
6013562	0.194444444444444	0	0.0408163265306122	0
1891648_1	0.964285714285714	0.535714285714286	0.69047619047619	0.461538461538462
1891648_2	0.964285714285714	0.535714285714286	0.69047619047619	0.461538461538462
1891648_3	0.964285714285714	0.535714285714286	0.69047619047619	0.461538461538462
4293051	0.843137254901961	1	1	1
5752445	0	0.0526315789473684	0.232558139534884	0.376237623762376
4010897	1	1	0.621621621621622	0.647540983606557
1075066	0.25	1	0.68	0.541666666666667
810062	0.777777777777778	1	0.357142857142857	0.509433962264151
5988374	0.0416666666666667	0	0.266666666666667	0.364485981308411
3341031	0.185185185185185	0.08	0	0
2933052	1	1	0.727272727272727	0.709677419354839
5074159	0.133333333333333	0.352941176470588	0.576271186440678	0.547826086956522
2448698_1	0.571428571428571	1	0.456521739130435	0.741379310344828
2448698_2	0.571428571428571	1	0.456521739130435	0.741379310344828
2448698_3	0.571428571428571	1	0.456521739130435	0.741379310344828
1648593	1	1	0.609756097560976	0.689922480620155
2755423	0.888888888888889	1	0.534883720930233	0.781512605042017
5071978	0	0	0.348837209302326	0.374149659863946
3851204	0.692307692307692	1	0.419354838709677	0.752380952380952
1565967	0.851851851851852	1	1	1
3363111	1	1	0.681818181818182	0.87
1031459	0.6875	1	0.6	0.887931034482759
925502	0.2	0.117647058823529	0	0
326537	0.166666666666667	0.03125	0	0
2084835	0.702127659574468	1	0.967741935483871	0.928571428571429
2400389	0.633333333333333	0.793103448275862	0.980769230769231	0.921052631578947
3531869	0	0	0.342105263157895	0.141414141414141
5009168	0.196078431372549	0	0.0526315789473684	0
5307614	0.136363636363636	0	0	0
3152113	0.136363636363636	0	0	0
3668025	0.5	0.05	0.468085106382979	0.624
1615750	1	1	0.69811320754717	0.694915254237288
3937498	0.0857142857142857	0	0.156862745098039	0.392857142857143
5579819	0.775	1	0.9375	0.980769230769231
267003	0	0	0.396551724137931	0.390977443609023
1070461	0.777777777777778	0.8	0.857142857142857	1
1433116	0.342857142857143	0.125	0.0476190476190476	0.0534351145038168
5861675	0.962962962962963	1	0.789473684210526	0.981132075471698
836412	1	1	0.585365853658537	0.771929824561403
4991178	1	1	0.75	0.7
5183674	1	1	0.75609756097561	0.645161290322581
1126508	1	1	0.659574468085106	0.726415094339623
1754655	1	1	0.65	0.652173913043478
3189358	0	0	0.266666666666667	0.324786324786325
796804	0	0	0.358974358974359	0.161538461538462
812824	0.0606060606060606	0.352941176470588	0.025	0.0827067669172932
2287551	0	0	0.27027027027027	0.276785714285714
5975161	0.0357142857142857	0.315789473684211	0	0.100840336134454
1002212	1	1	0.787878787878788	0.680327868852459
5162409	0.862068965517241	1	0.549019607843137	0.634782608695652
600421	0	0	0.05	0.236220472440945
6525353	0	0	0.375	0.333333333333333
2539924	0.631578947368421	0.909090909090909	1	0.862745098039216
3837454	0.717948717948718	1	0.9375	0.86
228947	0	0	0.30188679245283	0.0827586206896552
758955	0.404761904761905	0	0.119047619047619	0.142857142857143
5937230_1	0.3125	0.0256410256410256	0.285714285714286	0.441860465116279
5937230_2	0.3125	0.0256410256410256	0.285714285714286	0.441860465116279
5937230_3	0.3125	0.0256410256410256	0.285714285714286	0.441860465116279
5443369	0	0	0.0652173913043478	0.280701754385965
658689	0	0	0	0.210084033613445
1232051	0	0	0.0204081632653061	0.19811320754717
2427480	0.511111111111111	0.974358974358974	0.6	0.603603603603604
1365665	1	1	0.982456140350877	0.77037037037037
3643250	1	1	0.765957446808511	0.661654135338346
1982628	1	1	0.794871794871795	0.765765765765766
2283864	0.27906976744186	0	0.0277777777777778	0.105263157894737
5742250	0.775510204081633	0.962962962962963	0.972222222222222	0.96875
375149	0	0	0.272727272727273	0.336283185840708
1402361	0.108695652173913	0	0	0
5478284	0	0.241379310344828	0	0.0689655172413793
2124447	0	0	0.317073170731707	0.222222222222222
2908225	0.763157894736842	1	0.585365853658537	0.585365853658537
250029	0.0227272727272727	0.0344827586206897	0.0810810810810811	0.25
2932227	0	0	0.294117647058824	0.118181818181818
2336714	0.477272727272727	0.958333333333333	0.75	0.730769230769231
5207170	0.137254901960784	0	0	0.0102040816326531
4928165	1	1	0.595238095238095	0.760869565217391
6507137	0.25	0.0740740740740741	0.0652173913043478	0.0222222222222222
907331	1	1	0.757575757575758	0.713178294573643
1057723	0	0	0.210526315789474	0.223300970873786
2904373	0.324324324324324	0.733333333333333	0.210526315789474	0.238938053097345
2737341	1	0.685714285714286	0.981481481481482	0.898648648648649
2697464	0	0	0.173913043478261	0.0258620689655172
5411335_1	0.878787878787879	1	0.755555555555556	0.91588785046729
5411335_2	0.878787878787879	1	0.755555555555556	0.91588785046729
5411335_3	0.878787878787879	1	0.755555555555556	0.91588785046729
1335302	1	1	0.904761904761905	0.760330578512397
2818315	0.794117647058823	0.962962962962963	0.765957446808511	0.9609375
2639848	0.0454545454545455	0	0.142857142857143	0.294573643410853
5948404	0	0	0.0769230769230769	0.225
3128152	0	0	0.0882352941176471	0.208333333333333
1400661	1	1	0.857142857142857	0.785123966942149
2141892	0.02	0	0.0869565217391304	0.251908396946565
1183376	0	0	0	0.168316831683168
1577248	0.571428571428571	0.342857142857143	0.702127659574468	0.714285714285714
1855887	1	1	0.717948717948718	0.855932203389831
5757090	0	0	0	0.161016949152542
5180435	0.933333333333333	1	0.666666666666667	0.795698924731183
6100425	1	1	0.9	0.735099337748344
2988915	0	0	0.307692307692308	0.140625
460531	0.523809523809524	1	0.846153846153846	0.743801652892562
3495257	0.484848484848485	0.555555555555556	0.857142857142857	0.752136752136752
1795398	0.195652173913043	0.535714285714286	0.125	0.208695652173913
1486945	0	0	0	0.148936170212766
5553937	0.217391304347826	0	0.102564102564103	0.278350515463918
1862415	1	1	0.872340425531915	0.784
6299747	0	0	0.0178571428571429	0.198675496688742
4913086	0	0	0	0.176
776699	1	1	0.959183673469388	0.788321167883212
2510561_1	0.0263157894736842	0	0	0.166666666666667
2510561_2	0.0263157894736842	0	0	0.166666666666667
3608088	1	1	0.958333333333333	0.807407407407407
167019	0	0	0.151515151515152	0.217391304347826
3224722	1	1	0.893617021276596	0.727272727272727
795444	0	0	0.232558139534884	0.236842105263158
3957939	1	1	0.866666666666667	0.743801652892562
938164	0	0	0.295454545454545	0.216783216783217
4927917	0.225	0.325	0.127659574468085	0.0695652173913043
3530569	1	1	1	0.856060606060606
2763618	0	0	0.133333333333333	0.194174757281553
4740313	1	1	0.914285714285714	0.793814432989691
3691919	0	0.272727272727273	0.333333333333333	0.138613861386139
3447962	0	0	0.26	0.213675213675214
4584709	0.805555555555556	1	0.682926829268293	0.888
4407461	1	1	0.972972972972973	0.851851851851852
5735030_1	0.0212765957446809	0.04	0.162790697674419	0.247619047619048
5735030_2	0.0212765957446809	0.04	0.162790697674419	0.247619047619048
5735030_3	0.0212765957446809	0.04	0.162790697674419	0.247619047619048
3127115	1	0.727272727272727	0.928571428571429	0.934959349593496
6398118	1	1	1	0.856
4223488	0.590909090909091	1	0.821428571428571	0.888888888888889
221370	1	1	1	0.862068965517241
369459	1	1	0.952380952380952	0.838983050847458
3345481	1	1	1	0.852173913043478
1874027	0.483870967741935	0.565217391304348	0.4375	0.660550458715596
4957030	0	0	0.125	0.216666666666667
2908382	1	1	0.886792452830189	0.77536231884058
6127033	0.142857142857143	0.304347826086957	0.5	0.395833333333333
2496399	0.894736842105263	0.708333333333333	0.928571428571429	0.939655172413793
5245704	1	1	0.945454545454545	0.784615384615385
5104930_1	0.96551724137931	1	0.829268292682927	0.736363636363636
5104930_2	0.96551724137931	1	0.829268292682927	0.736363636363636
834872	0	0	0.155555555555556	0.304347826086957
5757205_1	1	1	0.8125	0.839622641509434
5757205_2	1	1	0.8125	0.839622641509434
499969	0	0	0.184210526315789	0.24
1200165	1	1	0.837209302325581	0.776699029126214
2831453	1	1	1	0.863636363636364
3166596	0.866666666666667	1	0.727272727272727	0.672727272727273
5446637	0.903225806451613	0.833333333333333	0.880952380952381	0.75
1255537	0	0	0	0.141791044776119
3670819	1	1	0.928571428571429	0.819548872180451
156108	0.1	0	0.272727272727273	0.298507462686567
5107624	0.727272727272727	0.791666666666667	0.936170212765957	0.931034482758621
6510475	0.181818181818182	0	0.0377358490566038	0.217391304347826
1214694_1	0.517241379310345	1	0.637931034482759	0.72992700729927
1214694_2	0.517241379310345	1	0.637931034482759	0.72992700729927
6389118	0	0	0.156862745098039	0.189655172413793
719115	1	1	0.771428571428571	0.754098360655738
1842221	0	0	0.236363636363636	0.0942028985507246
3556941	0	0	0.1875	0.247787610619469
2843192	0	0.0384615384615385	0.345454545454545	0.277027027027027
5977674	0.523809523809524	0.806451612903226	0.529411764705882	0.752380952380952
2701688	1	1	0.983050847457627	0.839160839160839
5116982	1	1	1	0.867132867132867
3490807	0.210526315789474	0	0.0204081632653061	0.0825688073394495
2133462_1	0.822222222222222	1	0.953488372093023	0.801980198019802
2133462_2	0.822222222222222	1	0.953488372093023	0.801980198019802
2133462_3	0.822222222222222	1	0.953488372093023	0.801980198019802
464310	1	1	0.936170212765957	0.834710743801653
1744400	0.236842105263158	0.333333333333333	0.217391304347826	0.082089552238806
562144_1	0.323529411764706	0	0.324324324324324	0.315789473684211
562144_2	0.323529411764706	0	0.324324324324324	0.315789473684211
4410105	1	1	0.891891891891892	0.804878048780488
2721790	0.96551724137931	1	0.84375	0.771428571428571
506749	0	0	0.214285714285714	0.133333333333333
4820288	1	1	0.96969696969697	0.850877192982456
2892299	0.941176470588235	0.75	0.710526315789474	0.661764705882353
5890531	1	1	0.87719298245614	0.772058823529412
6021401	0	0	0	0.135714285714286
1562652	1	1	0.931818181818182	0.823529411764706
4740794	1	0.85	1	0.892156862745098
2079941	0	0	0.0384615384615385	0.1640625
5780720	0.871794871794872	0.5	0.8	0.738461538461539
1791509	1	1	0.914893617021277	0.831932773109244
5977854	1	1	0.857142857142857	0.833333333333333
2310340	0	0	0.157894736842105	0.225165562913907
482800	1	1	1	0.896907216494845
3148478	0	0	0.0638297872340425	0.158333333333333
5493862	0	0	0	0.105769230769231
2324310	1	1	0.898305084745763	0.818181818181818
4134695_1	0.0666666666666667	0	0.13953488372093	0.237623762376238
4134695_2	0.0666666666666667	0	0.13953488372093	0.237623762376238
4134695_3	0.0666666666666667	0	0.13953488372093	0.237623762376238
5223753	0.407407407407407	0.269230769230769	0.195121951219512	0.132743362831858
473535	1	1	0.92156862745098	0.821138211382114
3584184	0.0625	0	0	0.152542372881356
3473450	0.775510204081633	1	0.891891891891892	0.934782608695652
243276	0.0333333333333333	0	0.228571428571429	0.17910447761194
3589528	0	0	0.108695652173913	0.166666666666667
1969833	0.904761904761905	1	0.741935483870968	0.8984375
2357414	1	1	0.885714285714286	0.834782608695652
3790639	1	1	0.878048780487805	0.813953488372093
5202495	0.212121212121212	0.344827586206897	0.142857142857143	0.28099173553719
2520149	0.980769230769231	1	0.923076923076923	0.836363636363636
1536744_1	0.591836734693878	0.153846153846154	0.63265306122449	0.656488549618321
1536744_2	0.591836734693878	0.153846153846154	0.63265306122449	0.656488549618321
5453259	0	0	0.0344827586206897	0.156028368794326
2131996	0.0769230769230769	0	0.269230769230769	0.208333333333333
2739833	1	1	0.792452830188679	0.85
1474234	0	0	0	0.129251700680272
3946371	0.631578947368421	0.870967741935484	0.666666666666667	0.643478260869565
5340929	1	1	0.803571428571429	0.865546218487395
4983265	1	1	0.94	0.84375
4058201	1	1	0.8	0.907142857142857
2763666	0	0	0.130434782608696	0.221476510067114
455529	1	1	0.837209302325581	0.851239669421488
4978367	0	0	0	0.105263157894737
3779403	0.106382978723404	0	0	0.165413533834586
2477868	0	0	0.19047619047619	0.101694915254237
865808	1	1	0.971428571428571	0.858407079646018
3250521	0	0	0.108108108108108	0.174757281553398
343025	0	0	0	0.102362204724409
4942231	0.714285714285714	1	0.895833333333333	0.839622641509434
5097966	0	0.15	0	0.128205128205128
1933717	0	0	0.0238095238095238	0.128440366972477
3806958	0.826086956521739	0.612903225806452	0.807692307692308	0.874125874125874
4056888	0.961538461538462	1	0.795454545454545	0.87378640776699
4356668	0	0	0.0227272727272727	0.118181818181818
698990_1	1	1	0.822222222222222	0.819548872180451
698990_2	1	1	0.822222222222222	0.819548872180451
2711612	0.0212765957446809	0	0.16	0.204379562043796
3054908	1	1	1	0.89051094890511
145296	0	0	0.195121951219512	0.0833333333333333
540068	0	0	0.25	0.173913043478261
2937237	0	0	0.111111111111111	0.0225563909774436
2745736	0.192307692307692	0.0769230769230769	0.30952380952381	0.287128712871287
4084423	0.714285714285714	0.655172413793103	0.875	0.853211009174312
444916	0.972972972972973	0.793103448275862	0.978723404255319	0.921052631578947
5225109_1	0	0	0.212765957446809	0.102739726027397
5225109_2	0	0	0.212765957446809	0.102739726027397
5386745	1	1	1	0.906976744186046
940568	1	1	0.826086956521739	0.818181818181818
2900688	0	0	0.0188679245283019	0.111111111111111
3002109	0	0	0	0.0873015873015873
1782041	1	1	1	0.9
1426754	1	1	0.80952380952381	0.868852459016393
731376	0	0	0.0238095238095238	0.115384615384615
1143847	1	1	0.813559322033898	0.917910447761194
527022	0	0	0	0.0942028985507246
5817911	0	0.142857142857143	0.109090909090909	0.23021582733813
1699698	0	0	0.0930232558139535	0.158273381294964
3406678	0.736842105263158	0.923076923076923	0.96969696969697	0.865546218487395
1216178	0.758620689655172	0.515151515151515	0.826086956521739	0.633093525179856
5576710	0.80952380952381	1	0.862745098039216	0.941176470588235
6435807	0	0	0.125	0.121739130434783
392053	0	0	0	0.0972222222222222
3171549	1	1	0.863636363636364	0.933333333333333
876971	0	0	0.121951219512195	0.161971830985915
2115275	0	0	0.117647058823529	0.147286821705426
1748101	1	1	0.914285714285714	0.816901408450704
2962368	0	0	0	0.0930232558139535
2578468	1	1	0.78	0.845528455284553
1981101	1	1	1	0.899328859060403
197886	0.976190476190476	1	0.822222222222222	0.91869918699187
1767082	0.962962962962963	1	0.971428571428571	0.840277777777778
5041066	0.833333333333333	0.611111111111111	0.777777777777778	0.745454545454545
181335	0.115384615384615	0	0.176470588235294	0.19811320754717
1994858	0.0294117647058824	0	0.0212765957446809	0.131944444444444
5387220	0	0	0.183673469387755	0.0916666666666667
2529608	0.0810810810810811	0	0.0208333333333333	0.144
1106972_1	0	0	0.05	0.152173913043478
1106972_2	0	0	0.05	0.152173913043478
4384823	1	1	1	0.909836065573771
1283712	1	1	0.94	0.859375
6366425	0	0	0.0285714285714286	0.140939597315436
3374146	0	0	0	0.0948905109489051
4715821	1	0.787878787878788	0.878048780487805	0.88
5090843	1	1	1	0.906779661016949
3898200	1	0.916666666666667	0.958333333333333	0.844660194174757
489713	0.825	0.75	0.777777777777778	0.613861386138614
1411291	1	1	0.914285714285714	0.892156862745098
1313220	1	1	0.979166666666667	0.904347826086957
1217006	1	1	1	0.92436974789916
3301317	0	0	0.142857142857143	0.122641509433962
3774499	0.25	0.111111111111111	0.146341463414634	0.270833333333333
3238821	0.777777777777778	1	0.921052631578947	0.901785714285714
679906	1	1	0.826923076923077	0.865079365079365
3383168	0	0	0.04	0.113636363636364
6211814	1	1	1	0.91156462585034
3151363	1	1	0.975	0.89051094890511
2119339	0	0	0.0454545454545455	0.136
1195573	0	0	0.0588235294117647	0.116279069767442
5100776	0	0	0	0.0875912408759124
5751214	1	1	1	0.921052631578947
1485051_1	0	0	0.0666666666666667	0.11
1485051_2	0	0	0.0666666666666667	0.11
1485051_3	0	0	0.0666666666666667	0.11
2189358	1	1	0.979591836734694	0.91304347826087
5000354	1	1	0.948717948717949	0.888888888888889
5843103	0.952380952380952	1	0.954545454545455	0.848920863309353
3295194	0.361111111111111	0	0.382352941176471	0.327433628318584
52908	0.269230769230769	0	0.19047619047619	0.267241379310345
4406418	0.173913043478261	0.391304347826087	0.390243902439024	0.326923076923077
1851802	0	0	0	0.0958904109589041
1126536	0	0	0	0.0863309352517986
5635480	0.0208333333333333	0	0.0689655172413793	0.137931034482759
5640603	0	0	0.0263157894736842	0.0917431192660551
264601	0	0	0.0681818181818182	0.105769230769231
3306511	1	1	1	0.924242424242424
623089	1	1	0.872340425531915	0.887218045112782
609404	1	1	0.975609756097561	0.892086330935252
384024	1	1	1	0.919354838709677
578053	0	0	0	0.0948905109489051
143050	0	0	0	0.078740157480315
2358928	0	0	0	0.0851063829787234
5531729	0.979591836734694	1	0.904761904761905	0.867768595041322
872754	0	0	0.0588235294117647	0.117117117117117
5325437	0	0	0.0238095238095238	0.0882352941176471
3984211	0	0	0.0416666666666667	0.116788321167883
580300	1	1	0.962962962962963	0.879432624113475
165796	1	1	0.970588235294118	0.906542056074766
3638097	1	1	1	0.918367346938776
2118093	1	1	0.877551020408163	0.86013986013986
1676472_1	0	0	0.0333333333333333	0.110091743119266
1676472_2	0	0	0.0333333333333333	0.110091743119266
2058997	0	0	0.127272727272727	0.142857142857143
2709485	0.961538461538462	1	0.84	0.92741935483871
2514620	0	0	0.02	0.100671140939597
2069215	1	1	1	0.917910447761194
5868431	0	0	0.0338983050847458	0.111111111111111
5729573	0	0	0	0.08
3245215	0.92	0.96875	0.976190476190476	0.857142857142857
655438	0	0	0.153846153846154	0.072992700729927
4758896	1	1	1	0.902777777777778
5107145	0.971428571428571	0.851851851851852	1	0.916030534351145
5004591	0.181818181818182	0.142857142857143	0.375	0.365853658536585
5919516	0	0	0	0.083969465648855
1903067	1	1	0.897435897435897	0.870748299319728
4343484	0.125	0.0909090909090909	0.0882352941176471	0.239316239316239
5108785	0	0	0.06	0.0991735537190083
82863	0	0	0.166666666666667	0.0983606557377049
4916467	1	0.740740740740741	0.877551020408163	0.859259259259259
5005465	1	1	0.981132075471698	0.911764705882353
4283612	1	1	0.976190476190476	0.91304347826087
4547600	1	1	0.980769230769231	0.905797101449275
5804971	1	1	1	0.92
5470469	1	1	0.931034482758621	0.895652173913044
2036629	0	0	0.09375	0.134751773049645
6363649	0	0	0.0645161290322581	0.0975609756097561
455274	0	0.1	0.0701754385964912	0.153846153846154
5421047	0.733333333333333	0.5	0.590909090909091	0.575539568345324
5636103	1	1	1	0.932330827067669
1267670	1	1	0.857142857142857	0.926174496644295
2709104	0.978723404255319	0.941176470588235	0.861111111111111	0.84297520661157
3265558	0	0	0.121951219512195	0.115107913669065
4232228	1	1	0.931818181818182	0.906779661016949
1550253	1	1	1	0.93006993006993
548742_1	1	1	0.935483870967742	0.911290322580645
548742_2	1	1	0.935483870967742	0.911290322580645
4818936	0.82051282051282	0.625	0.645833333333333	0.704347826086957
4141382	1	1	1	0.933333333333333
233559_1	1	1	0.903225806451613	0.884955752212389
233559_2	1	1	0.903225806451613	0.884955752212389
907002	0.2	0	0.181818181818182	0.201680672268908
6617847	0	0	0.128205128205128	0.0704225352112676
178227	1	1	0.872340425531915	0.884297520661157
626342	1	1	0.956521739130435	0.904
643881	0	0	0.0222222222222222	0.082089552238806
3213602_1	1	1	1	0.931034482758621
3213602_2	1	1	1	0.931034482758621
6044268	0.225806451612903	0.260869565217391	0.40625	0.298245614035088
4928979_1	0.0833333333333333	0	0	0.0826446280991736
4928979_2	0.0833333333333333	0	0	0.0826446280991736
2587526	1	1	1	0.921985815602837
3606191	0	0	0	0.0606060606060606
5264556	0	0.171428571428571	0.102040816326531	0.0583941605839416
2189601	0.810810810810811	0.923076923076923	0.979166666666667	0.856164383561644
1525729	0	0	0	0.0645161290322581
4733585	1	1	0.897959183673469	0.873239436619718
6131227	0.117647058823529	0.346153846153846	0.170731707317073	0.302752293577982
4700542_1	0.657142857142857	0.652173913043478	0.48	0.457142857142857
4700542_2	0.657142857142857	0.652173913043478	0.48	0.457142857142857
3221077	0.925925925925926	1	0.978260869565217	0.886363636363636
1795292	0.875	1	1	0.921985815602837
5830154	0.971428571428571	1	0.92156862745098	0.865546218487395
5915771	0	0	0	0.0687022900763359
2530262	1	1	0.947368421052632	0.888888888888889
1379483_1	0.0444444444444444	0	0	0.0833333333333333
1379483_2	0.0444444444444444	0	0	0.0833333333333333
3798462_1	0.818181818181818	0.827586206896552	0.673913043478261	0.810810810810811
3798462_2	0.818181818181818	0.827586206896552	0.673913043478261	0.810810810810811
3798462_3	0.818181818181818	0.827586206896552	0.673913043478261	0.810810810810811
6297221	0	0	0.0392156862745098	0.0854700854700855
263192	1	1	0.980392156862745	0.910344827586207
4782216	1	1	0.977272727272727	0.913793103448276
568944	0.977777777777778	1	1	0.929203539823009
897577	0	0	0.032258064516129	0.0909090909090909
3236101	0	0	0.0232558139534884	0.1
2131757	0	0	0.138888888888889	0.0902255639097744
4108761	0.162162162162162	0.105263157894737	0.108108108108108	0.153061224489796
237093	0	0	0.0714285714285714	0.120805369127517
5076336	1	0.972972972972973	0.866666666666667	0.849624060150376
2686380	1	1	1	0.931818181818182
3808413	0.789473684210526	1	0.9	0.884297520661157
5926137	1	1	0.867924528301887	0.872
5790889	0	0	0.0425531914893617	0.114093959731544
3781305	1	1	0.851063829787234	0.866666666666667
404116	0.91304347826087	1	0.811320754716981	0.850393700787402
3145867	0.0285714285714286	0	0	0.0727272727272727
1776014	0	0.214285714285714	0.102564102564103	0.135593220338983
2003917	1	0.966666666666667	1	0.927927927927928
6527998	0	0	0.0952380952380952	0.101449275362319
3652276	0.96875	1	1	0.928571428571429
654815	1	1	1	0.943089430894309
6191014	0.235294117647059	0.125	0.236363636363636	0.112781954887218
2898353_1	0	0.1875	0.1875	0.196078431372549
2898353_2	0	0.1875	0.1875	0.196078431372549
2898353_3	0	0.1875	0.1875	0.196078431372549
3241325_1	1	1	0.980769230769231	0.928571428571429
3241325_2	1	1	0.980769230769231	0.928571428571429
522480	0.947368421052632	1	1	0.91970802919708
2038167	0	0	0	0.0571428571428571
3387307	0.04	0	0.117647058823529	0.116504854368932
4984338	0	0	0.0454545454545455	0.0909090909090909
688247	0.0851063829787234	0	0.0645161290322581	0.137404580152672
5268513	1	1	0.96	0.918518518518519
5006261	1	1	1	0.944444444444444
3992518	0.9375	1	1	0.925619834710744
2720354	0.942857142857143	1	0.902439024390244	0.871212121212121
3221562	0.923076923076923	1	0.86	0.934959349593496
5736242	1	1	0.977272727272727	0.924137931034483
6261251	1	1	0.884615384615385	0.945578231292517
1296091	1	1	0.892857142857143	0.905109489051095
5629514	0	0	0.0408163265306122	0.101351351351351
856531	0	0	0	0.0616438356164384
649566	0.867924528301887	1	0.8125	0.9
3601431	1	1	1	0.938775510204082
3772117_1	0.625	0.433333333333333	0.627906976744186	0.647058823529412
3772117_2	0.625	0.433333333333333	0.627906976744186	0.647058823529412
5250151	1	0.894736842105263	0.847457627118644	0.836879432624113
3235377	0.0952380952380952	0	0.0612244897959184	0.123076923076923
3543272	0.867924528301887	1	0.953488372093023	0.937007874015748
1503906	1	1	0.977777777777778	0.9375
515621	1	1	1	0.948529411764706
1616675	0.891891891891892	0.75	0.711538461538462	0.711864406779661
5880877_1	0	0	0	0.049645390070922
5880877_2	0	0	0	0.049645390070922
544199	0.928571428571429	0.875	1	0.913385826771654
1362888	0	0	0.0384615384615385	0.0839160839160839
3235387	0	0	0.0784313725490196	0.078125
4578848	0.8125	0.791666666666667	0.939393939393939	0.838235294117647
4447938	0.722222222222222	0.538461538461538	0.709677419354839	0.601851851851852
1962674	0.882352941176471	1	0.790697674418605	0.832214765100671
1131850	0.153846153846154	0	0.0681818181818182	0.0610687022900763
735837	1	1	0.916666666666667	0.880281690140845
6477329	1	1	1	0.95
4021197	0.32258064516129	0.210526315789474	0.324324324324324	0.254385964912281
2823689	0	0	0.0294117647058824	0.075187969924812
3971810	1	1	0.918918918918919	0.919354838709677
1232170	1	1	0.94	0.930769230769231
660739	0.0476190476190476	0	0.142857142857143	0.115702479338843
4438613	0	0	0.0810810810810811	0.0720720720720721
2330248	1	1	0.918918918918919	0.926666666666667
1487657	0	0	0.0571428571428571	0.087248322147651
4777201	1	1	0.9375	0.913333333333333
644024	0	0	0.0181818181818182	0.0738255033557047
604789	0.16	0	0.148936170212766	0.129496402877698
1047624	1	1	0.957446808510638	0.931034482758621
5098064	0	0	0.0465116279069767	0.0727272727272727
5151043	0	0	0.0465116279069767	0.0656934306569343
3809503	0	0	0.0851063829787234	0.0859375
1528904	0	0	0	0.0476190476190476
1759274	0.921052631578947	1	0.939393939393939	0.9140625
2926833	1	1	1	0.957142857142857
127798	1	1	0.951219512195122	0.9375
2861823	0.0555555555555556	0	0.133333333333333	0.0887096774193548
168139	1	1	0.954545454545455	0.927007299270073
6419057	0.878048780487805	0.882352941176471	0.777777777777778	0.844262295081967
5704812	0	0	0.0540540540540541	0.0535714285714286
1870701	0.03125	0	0.0350877192982456	0.0714285714285714
2627208	0.95	1	1	0.959459459459459
942831	0	0.0769230769230769	0.0232558139534884	0.0703125
3134692	0	0	0.0256410256410256	0.0567375886524823
2563286	0.0952380952380952	0.142857142857143	0.2	0.1328125
5261718	0	0	0.0666666666666667	0.0616438356164384
4241350	1	1	0.980392156862745	0.945736434108527
5948078	0	0	0.0384615384615385	0.0633802816901408
4241937	1	0.904761904761905	0.979591836734694	0.947019867549669
6238992	0.59375	0.681818181818182	0.697674418604651	0.720338983050847
2602981	0.12	0.210526315789474	0.134615384615385	0.0900900900900901
3778660	0.342105263157895	0.269230769230769	0.302325581395349	0.34453781512605
2231081	1	1	0.976744186046512	0.951048951048951
4913001	1	1	0.953488372093023	0.948148148148148
5318345	1	1	0.981818181818182	0.952380952380952
779643	1	1	0.944444444444444	0.9375
1723748	0.925925925925926	1	0.924528301886792	0.906666666666667
1484116	1	0.933333333333333	0.957446808510638	0.950704225352113
4203446	0.0952380952380952	0.0666666666666667	0.113636363636364	0.140845070422535
503015	0.743589743589744	0.777777777777778	0.787234042553192	0.816176470588235
5101416	0.0476190476190476	0.0344827586206897	0.0465116279069767	0.0545454545454545
