1
1
1
1
1
1
1
1
1
1
1
1
1
1
1
1
1
1
1
1
1
1
1
1
1
1
1
1
1
1
1
1
1
1
1
1
1
1
1
1
1
1
1
1
1
1
1
1
1
1
1
1
1
1
1
1
1
1
1
1
1
1
1
1
1
1
1
1
1
1
1
1
1
1
1
1
1
1
1
1
1
1
1
1
1
1
1
1
1
1
1
1
1
1
1
1
1
1
1
1
1
1
1
1
1
1
1
1
1
1
1
1
1
1
1
1
1
1
1
1
1
1
1
1
1
1
1
1
1
1
1
1
1
1
1
1
1
1
1
1
1
1
1
1
1
1
1
1
1
1
1
1
1
1
1
1
1
1
1
1
1
1
1
1
1
1
1
1
1
1
1
1
1
1
1
1
1
1
1
1
1
1
1
1
1
1
1
1
1
1
1
1
1
1
1
1
1
1
1
1
1
1
1
1
1
1
1
1
1
1
1
1
1
1
1
1
1
1
1
1
1
1
1
1
1
1
1
1
1
1
1
1
1
1
1
1
1
1
1
1
1
1
1
1
1
1
1
1
1
1
1
1
1
1
1
1
1
1
1
1
1
1
1
1
1
1
1
1
1
1
1
1
1
1
1
1
1
1
1
1
1
1
1
1
1
1
1
1
1
1
1
1
1
1
1
1
1
1
1
1
1
1
1
1
1
1
1
1
1
1
1
1
1
1
1
1
1
1
1
1
1
1
1
1
1
1
1
1
1
1
1
1
1
1
1
1
1
1
1
1
1
1
1
1
1
1
1
1
1
1
1
1
1
1
1
1
1
1
1
1
1
1
1
1
1
1
1
1
1
1
1
1
1
1
1
1
1
1
1
1
1
1
1
1
1
1
1
1
1
1
1
1
1
1
1
1
1
1
1
1
1
1
1
1
1
1
1
1
1
1
1
1
1
1
1
1
1
1
1
1
1
1
1
1
1
1
1
1
1
1
1
1
1
1
1
1
1
1
1
1
1
1
1
1
1
1
1
1
1
1
1
1
1
1
1
1
1
1
1
1
1
1
1
1
1
1
1
1
1
1
1
1
1
1
1
1
1
1
1
1
1
1
1
1
1
1
1
1
1
1
1
1
1
1
1
1
1
1
1
1
1
1
1
1
1
1
1
1
1
1
1
1
1
1
1
1
1
1
1
1
1
1
1
1
1
1
1
1
1
1
1
1
1
1
1
1
1
1
1
1
1
1
1
1
1
1
1
1
1
1
1
1
1
1
1
1
1
1
1
1
1
1
1
1
1
1
1
1
1
1
1
1
1
1
1
1
1
1
1
1
1
1
1
1
1
1
1
1
1
1
1
1
1
1
1
1
1
1
1
1
1
1
1
1
1
1
1
1
1
1
1
1
1
1
1
1
1
1
1
1
1
1
1
1
1
1
1
1
1
1
1
1
1
1
1
1
1
1
1
1
1
1
1
1
1
1
1
1
1
1
1
1
1
1
1
1
1
1
1
1
1
1
1
1
1
1
1
1
1
1
1
1
1
1
1
1
1
1
1
1
1
1
1
1
1
1
1
1
1
1
1
1
1
1
1
1
1
1
1
1
1
1
1
1
1
1
1
1
1
1
1
1
1
1
1
1
1
1
1
1
1
1
1
1
1
1
1
1
1
1
1
1
1
1
1
0.913043478260869
1
1
1
1
1
1
1
1
1
1
1
1
1
1
1
1
1
1
1
1
1
1
1
1
1
1
1
1
1
1
1
1
1
1
1
1
1
1
1
0.825
0.923076923076922
0.923076923076922
1
1
1
1
1
1
1
1
1
1
0.953815826527739
0.970588235294117
1
0.162162162162162
0.162162162162162
0.731707317073171
1
0.953313896314906
1
1
1
1
1
1
1
1
1
1
1
1
1
1
0.99319379314569
1
0.999679979518689
0.981510015408321
1
0.95785170348936
0.926073109479145
0.933665940552315
1
0.176470588235294
0.908466819221968
0.908466819221968
0.908466819221968
0.857142857142858
0.5625
0.821629853783589
0.821629853783589
1
1
1
1
1
0.981510015408321
1
1
1
1
1
1
1
0.985675571041425
1
0.970588235294117
0.75
1
0.928027709265452
0.936544217217675
0.825000000000001
0.885938582313554
0.878622117090479
0.857142857142858
0.980078854534136
0.980078854534136
0.925402040551443
0.878622117090479
0.949782160055033
0.743939287471014
1
0.819181816854732
0.847608651599904
0.871150746749758
0.871150746749758
0.796303852886328
0.24
0.835314589828926
0.835314589828926
0.774193548387096
0.728508259975653
0.885172798216276
0.803551155013554
0.06
0.06
0.895603739465693
0.854924745682048
0.790163721314359
0.790163721314359
0.790163721314359
0.883453345838483
0.834878873363926
0.750115744313096
0.789473684210526
0.827178675306506
0.885694611809261
0.806442457783454
0.731707317073171
0.894930289756947
0.75
0.111367787686688
0.813561457793708
0.789192278362496
0.860169945500115
0.920455098998809
0.857142857142858
0.812292358803987
0.777494132165412
0.727978433155775
0.617526777020448
0.729319504174044
0.570748800420336
0.723499142367067
0.687157837921197
0.687157837921197
0.687157837921197
0.714392523364486
0.740883283161224
0.717391304347827
0.673288660821045
0.711196911196911
0.728866778715801
0.678496487546757
0.678496487546757
0.176470588235294
0.636734693877551
0.744465958448899
0.648109819780722
0.693535961902094
0.67890809112333
0.717391304347826
0.376717447015299
0.747670352686416
0.829090909090909
0.385163788335075
0.385163788335075
0.619047619047619
0.751112025877038
0.711415229739837
0.647895655219356
0.714198566417569
0.642857142857142
0.663004119198328
0.645532515470633
0.762048226256517
0.696428571428572
0.6
0.121463322962561
0.731707317073171
0.550628888418052
0.528130671506352
0.629533489768872
0.634079173838211
0.590265388046387
0.478835572948999
0.64170778802832
0.654525771889887
0.602536508150994
0.560518874940759
0.673712053951358
0.667920656634747
0.60522496371553
0.6
0.492107642027675
0.669211889828197
0.652458019907301
0.652458019907301
0.648648648648648
0.672746933396412
0.548888494799762
0.681818181818183
0.695633622528801
0.480519480519481
0.524120637072179
0.555228367117441
0.767441860465116
0.452380952380952
0.522115384615385
0.605555555555556
0.486837990529512
0.542455880994179
0.407828004337479
0.293874386146291
0.385699189855583
0.597378958864216
0.550922213311948
0.530806752237306
0.523351648351648
0.443179786663488
0.375497420781134
0.547197485594553
0.533911269760327
0.356228423475259
0.361892016984283
0.218279768957346
0.471091880940578
0.583994919021912
0.425625063480386
0.506065110208817
0.535714285714286
0.554987212276215
0.56492016038765
0.526597687157639
0.350485304169515
0.550628888418052
0.557221092491064
0.552631578947369
0.384441968987857
0.442722271252065
0.445202446948486
0.390769230769231
0.512010981468771
0.536382536382536
0.448946262559292
0.561242320049603
0.130434782608696
0.450031118001537
0.490011750881316
0.445157582143883
0.411182314447496
0.539318233125141
0.419283400752382
0.038506870196941
0.642857142857142
0.579972936686201
0.565081351689612
0.419387951498043
0.266928957079892
0.0784937742436197
0.343339587242026
0.260019550342131
0.500000000000001
0.51388772852592
0.500000000000001
0.431310942578548
0.373410696266398
0.493910395824271
0.438906279319698
0.533763750727369
0.443179786663488
0.398692810457516
0.326086956521738
0.410355807836079
0.396835978564652
0.390769230769231
0.443233326138571
0.443233326138571
0.492027774205992
0.432632514065739
0.368264465244383
0.38476084538376
0.44593804792519
0.469504489524442
0.315068922797058
0.447189009558395
0.297881382752665
0.276315789473684
0.424947145877379
0.424947145877379
0.51240670933792
0.419768934531451
0.555393270583144
0.405517887301958
0.455433192807365
0.397621621621622
0.417594531874912
0.41549564998935
0.450814155449414
0.450814155449414
0.462794837561192
0.380232558139535
0.397233201581028
0.400851063829787
0.444976076555024
0.399697580645162
0.454411764705882
0.417157799456904
0.0520114942528736
0.402790949735808
0.268099547511312
0.200671487603306
0.329950358521787
0.274961844324845
0.30238009376127
0.372165106150019
0.407226910733389
0.339297268104357
0.339297268104357
0.116071496453308
0.42
0.300454684771575
0.477073170731707
0.202597402597403
0.261836703194937
0.346875
0.338181818181818
0.338181818181818
0.281363272607447
0.125221458436681
0.371939355927966
0.37476139978791
0.357754010695188
0.417058259825429
0.45055528730082
0.373581734136433
0.301868321169456
0.373759755231145
0.238215859030837
0.291110728809515
0.404194809811589
0.404194809811589
0.325867861142217
0.322916666666667
0.323863636363636
0.433885460199676
0.301948051948052
0.320861824280738
0.29327323794816
0.29327323794816
0.448684369769391
0.390232727157821
0.193505730238025
0.193505730238025
0.252397602397603
0.375035427491734
0.323076923076923
0.392649185921448
0.254794520547945
0.275384930175456
0.242845117845118
0.30854915835153
0.263361968887857
0.258461271862326
0.311160384331116
0.38476084538376
0.12368108831365
0.238436591905213
0.221352968246664
0.242148006961134
0.342754654671754
0.348171701112877
0.302179569113278
0.374122686583557
0.276699029126213
0.358350768758278
0.340749414519906
0.285903948279843
0.228381374722838
0.240254137579418
0.228956642898123
0.215175851564664
0.338448434559218
0.346352132479301
0.153672952434563
0.359767891682786
0.409490538573508
0.242793791574279
0.287037037037037
0.15
0.263497179693795
0.318905598382409
0.297351703654814
0.266524874453353
0.323076923076923
0.0225853406583089
0.0821715509443343
0.04580038193641
0.187768432355047
0.250268432589948
0.242793791574279
0.105300696134169
0.265102491572054
0.253771283902359
0.29625610417797
0.268329927832362
0.293754066363044
0.291593992796793
0.270731707317073
0.184552433245318
0.235606245342626
0.170731707317073
0.180566745381303
0.257161387958059
0.311327999369901
0.172581805283227
0.172581805283227
0.181697970079713
0.286243332997886
0.292497260995148
0.325364051293197
0.240365111561866
0.256574816881758
0.251845493562232
0.345277862131795
0.256064073226545
0.184511440166244
0.211902113459399
0.00566755956576904
0.283799533799534
0.148054026622093
0.241268322387021
0.203708867819297
0.258512677936849
0.242119632663192
0.0465945886614345
0.0465945886614345
0.100409637697564
0.247204641350211
0.188494821960562
0.267287234042553
0.221649675625579
0.24453781512605
0.259976387249114
0.233506044905009
0.1603598590243
0.1603598590243
0.180931073876618
0.275463666768014
0.19661733615222
0.25
0.138147833474936
0.240365111561866
0.237662337662338
0.201307524290126
0.23076923076923
0.186077003320924
0.22556177111975
0.114735718224073
0.257648703214785
0.213821959313231
0.205594785442695
0.206413837583748
0.206413837583748
0.108805188326266
0.211689817513529
0.174145207131169
0.12
0.225710965690172
0.222222222222222
0.225710965690172
0.219076005961252
0.212595730115946
0.125012735608762
0.17441353156358
0.156988286830409
0.0174498913024472
0.0290958462912618
0.193731833691394
0.214777675155033
0.13809610364275
0.0736954861700323
0.110440689032625
0.219538828325477
0.116175502548632
0.191442723794234
0.0788962229556292
0.0788962229556292
0.193666334318496
0.191304538368591
0.191304538368591
0.0629441509482764
0.168563300142248
0.158664047151277
0.158664047151277
0.00192412427754637
0.171300240348887
0.0442987185152451
0.0204788588894549
0.179285222014374
0.0510920086858212
0.126021512737354
0.0483274915050493
0.125326978430861
0.0655711124747356
0.0153241760411057
