0.709876543209877
0.709876543209877
0.858339802274332
0.981732853808721
0.981732853808721
0.562784645413143
0.970088272574259
0.683529057512797
0.458442069659285
0.629404673202507
0.629404673202507
0.731578947368421
0.504077094143811
0.341716147163905
0.341716147163905
0.208333333333333
0.223880597014925
0.1965346028822
0.475
0.196044169910411
0.386691805560619
0.436221001917573
0.402295120674051
0.367404569600506
0.352468089984168
0.642906167271301
0.642906167271301
0.234469366735044
0.490982452504739
0.336564222776496
0.267437143178376
0.691056910569105
0.426417932374673
0.426417932374673
0.596724471049123
0.197080733244026
0.197080733244026
0.135851122682846
0.556779811964018
0.556779811964018
0.556779811964018
0.26648066592747
0.399483699286442
0.232558139534883
0.478913573653032
0.17506823110234
0.272018543033171
0.637388946002196
0.22684236354335
0.131508281318561
0.427680764107257
0.13641867554598
0.447463287331918
0.0964300226442975
0.0964300226442975
0.219363087865106
0.219363087865106
0.198182486375301
0.414438502673797
0.302461824959448
0.362013810924353
0.254607033117105
0.131607394590708
0.457102884746727
0.240725800075319
0.0542181468833915
0.218755983676037
0.0973414882247653
0.0973414882247653
0.0599167437404004
0.311890596981026
0.497041611974763
0.104509697881035
0.238980895959733
0.238980895959733
0.283787089189649
0.427594384132509
0.0384403098297228
0.236992922344334
0.150927915212432
0.150927915212432
0.236056230980978
0.193126537350211
0.395393064693025
0.395393064693025
0.143003985654504
0.143003985654504
0.443050760784317
0.254989684508218
0.337141161214289
0.337141161214289
0.329541890705552
0.00171621709486539
0.24088915371037
0.0937416718944383
0.0937416718944383
0.0937416718944383
0.432842360681657
0.432842360681657
0.346457035932045
0.145284061551414
0.177330277184868
0.0943743971625038
0.0933380758076812
0.125633886378786
0.159419137913762
0.0152875356656706
0.0565111232181831
0.185814241474736
0.306781155927477
0.44136905873329
0.194636204251589
0.0997220380892022
0.0997220380892022
0.0997220380892022
0.332258277916201
0.099012793872328
0.0705764374159333
0.175198309467743
0.0342936715792092
0.0944672656783433
0.136965178678152
0.165905181267077
0.144028658767852
0.144028658767852
0.37800962739629
0.132466758872906
0.149936780873797
0.0734280383237719
0.0886189016979306
0.340764964576288
0.077046659294878
0.0477363723266521
0.0769992643927306
0.093438111130766
0.359866708093733
0.124931155713038
0.194888354265956
0.0792424061595945
0.371958990246508
0.371958990246508
0.371958990246508
0.260630258842936
0.170886091187565
0.235864852795639
0.265463143727713
0.183821214774637
0.159748557590488
0.374824549426783
0.105116605898341
0.0718507799494891
0.0712883197883527
0.115043227140787
0.227418292014556
0.0559796276027696
0.152992074540888
0.183485834367088
0.248661964693976
0.0558802857091367
0.330900018618507
0.141802934428355
0.308790884694356
0.321954684359172
0.272380125244564
0.272380125244564
0.0766005975748313
0.205320704173764
0.110855362177342
0.185939236645324
0.0859068540296622
0.113268896410426
0.157563835399621
0.132810335868658
0.200810173191802
0.116780281925754
0.266170475292339
0.10270284079984
0.244917599372761
0.241466350480236
0.0635436699754213
0.255766590489117
0.248609178345395
0.248609178345395
0.248609178345395
0.0370763690546079
0.275722825831728
0.0236104682724824
0.203988272284273
0.133442265795207
0.0251196005345584
0.101630329277682
0.0318823198425128
0.0612032648439876
0.130362620983337
0.066463295694511
0.066463295694511
0.284618453353462
0.243322444805264
0.132696576424649
0.136613940259802
0.0810891055149934
0.0653673759511918
0.166265805198135
0.0778513717332939
0.0778513717332939
0.119885869322743
0.119885869322743
0.0695354679573683
0.0914940232438073
0.204779488561137
0.204779488561137
0.137747506444241
0.143045449091281
0.111832802183806
0.387827512332486
0.114658908568811
0.119891881394584
0.153932938793938
0.212495963312068
0.0667514177993221
0.147853596141427
0.174202760752491
0.174202760752491
0.0736385643174201
0.0432819341224028
0.0909368426812044
0.154470933421737
0.15555808799778
0.15555808799778
0.13640142750915
0.0496840708932989
0.0495567358724605
0.195401745731623
0.156959843801075
0.0647112142683114
0.0193792722795069
0.092941892651906
0.132786340025009
0.0258716033446966
0.132442775711564
0.0254861513247434
0.0839118016703388
0.0407870549890897
0.191185125367217
0.149760849971591
0.0409820736266167
0.126178431857639
0.126178431857639
0.104695792590212
0.104695792590212
0.0851638629634476
0.0851638629634476
0.15679134282315
0.0675830665399933
0.0837955322289848
0.0837955322289848
0.0813958190204874
0.0889001308153637
0.159766727252299
0.12226749312705
0.0810010093415238
0.116470160069021
0.116470160069021
0.051794955057751
0.0260786686293434
0.0754818224378999
0.0970089413518259
0.0391698183954158
0.0555795388704416
0.116122959609327
0.185591734593843
0.0497396058016194
0.165248351467291
0.165248351467291
0.0387697784887202
0.0338115050317813
0.250892999951755
0.0914495067047934
0.180395913154534
0.106934414395764
0.0640118188115654
0.111289255347909
0.111289255347909
0.182748059602227
0.130775479137356
0.0334057332124793
0.136274060770042
0.0767050477587939
0.059210986035372
0.059210986035372
0.0795686450286076
0.102765311275842
0.192117819094691
0.0521565544120813
0.135797359693068
0.0462439208504039
0.0299025955611886
0.139995728972487
0.139995728972487
0.0660485860816687
0.0701050921975544
0.0498072991150485
0.087444001874536
0.219838537478044
0.0674201306084195
0.0674201306084195
0.182202179164878
0.182202179164878
0.182202179164878
0.116351418356489
0.106992159968798
0.0657780882799533
0.0967061687503161
0.171561231581134
0.0998834675993583
0.0998834675993583
0.094263185291005
0.104895843826389
0.104177636850651
0.104177636850651
0.106632523619626
0.0697408895415982
0.0750606595709699
0.117137926721264
0.0572817452660517
0.197338702839364
0.0448944430791878
0.182332070442182
0.0815439082789894
0.0647443877119194
0.0260302281563085
0.0260302281563085
0.120711968548275
0.219115946170624
0.0968041043299555
0.073518572712595
0.073518572712595
0.119540396897868
0.0533491665890639
0.176412612236285
0.0841654604063425
0.0835824026008074
0.149314842116081
0.14477972214458
0.0619240147533796
0.121729639317649
0.0219858983487766
0.143403564254334
0.0621445064296343
0.108607042691425
0.108607042691425
0.115640237161022
0.0589488546633518
0.0543851345911106
0.0543851345911106
0.033066244741291
0.0463455603420562
0.0643160042040639
0.0939548498099869
0.0939548498099869
0.121886340423062
0.121886340423062
0.15679420768587
0.0618665849713215
0.0198823520340366
0.0468844857022732
0.149238779388484
0.0368629506944415
0.132464759580819
0.139767856792227
0.0339652981655072
0.0857584558318659
0.0630191232461807
0.0856331382594321
0.0859165712995317
0.0611769523760139
0.102701491200996
0.0664783998336947
0.0855512740222904
0.128447750987946
0.0888629651213661
0.129627722064137
0.0318705510639413
0.129335068740382
0.0785993127043446
0.0482123971591626
0.0482123971591626
0.0586908670997635
0.0693514446961091
0.0325530536857425
0.061593896127291
0.131154620951814
0.0282107826479442
0.0282107826479442
0.130128808381881
0.0370900507849897
0.0636917043446998
0.06458301188782
0.0308936117506664
0.060974668741036
0.0232894388252893
0.0796233756170326
0.0447311379903304
0.0948315533141139
0.0341423371999672
0.0798832520630157
0.0326405174385233
0.167684040590281
0.0964106725216887
0.0307287464889397
0.147576308824707
0.0894360070074289
0.103833504882886
0.0605201262174403
0.0407249151831263
0.0324860920929945
0.0595525487936355
0.113490991820272
0.0517460017683312
0.0382421220554194
0.0101979363222048
0.0952795768607974
0.0361870632716371
0.0671604276655214
0.072127325083146
0.140431076584602
0.01497246423313
0.0770564738623829
0.0819180856425375
0.0428839077500818
0.0972898351729743
0.0488904007359042
0.0203886884662297
0.0612126730368434
0.0855037371854227
0.0855037371854227
0.0535542960568677
0.0710396343245231
0.116070894405386
0.0227695152613388
0.0488552663219321
0.0599157244646482
0.015318500967232
0.117157092530804
0.117157092530804
0.107709284359506
0.0220025298840985
0.184744073564162
0.0523363364787206
0.0438403383663028
0.0714577040903519
0.057733004804666
0.0219970585514165
0.0518209700816495
0.105497164402989
0.0224093872226054
0.0310537746417295
0.136120528849048
0.0974331620461284
0.0494706587181061
0.0472730476929088
0.0155569475610295
0.0352974147200509
0.0436878934353584
0.0436878934353584
0.114142543000675
0.0518460281667817
0.0267692608062792
0.0278161688315917
0.0393064079333021
0.0378342081522187
0.0895838396948023
0.10531667111241
0.0460226331201328
0.0211764270877589
0.045974018726963
0.0509978466233488
0.0611575471445315
0.0205103143927615
0.0205103143927615
0.0110295809792447
0.0464576844058587
0.064790204328231
0.0491246801444578
0.0623759854116341
0.0389479566399058
0.0429649150604248
0.0938748294804258
0.0530048230345799
0.0231004256124566
0.131331267118819
0.046507286571014
0.0238412123300537
0.0185576843899565
0.0334352728188038
0.0327281258076911
0.0172489269840353
0.0406975939449905
0.0831937167328991
0.0623261540482992
0.0623261540482992
0.0265219246241825
0.0751958152355709
0.0980384029225126
0.0441432860046393
0.0316798398765125
0.0464824984300222
0.047655652509323
0.0115561674663062
0.0322075296698462
0.0497964554571108
0.122483365450487
0.0894753547225285
0.0868416099616802
0.0148875519756798
0.0202401698439435
0.0737420126245397
0.0737420126245397
0.0503124382861573
0.0217309750350876
0.0337030087228049
0.0753534674415707
0.0185498947174658
0.016088548210161
0.0506948802716465
0.0443328400085166
0.0750690374496669
0.0148092464220071
0.0620208699498879
0.0615160767676887
0.0503889751649276
0.0254107359096733
0.0540649938702546
0.0544494394925227
0.0744807742747871
0.0584928147296084
0.0319168796452845
0.031574043720561
0.0633953848592423
0.132994870071656
0.0486700138525287
0.0623867212052831
0.0402348421517232
0.0579956099460489
0.0222939323291988
0.037893392197682
0.0506516946543435
0.0218168051729696
0.0110691728247201
0.0220701289425792
0.0230788477628591
0.0230788477628591
0.0280079192355581
0.0248530217888638
0.0158758672188571
0.0801773664344375
0.0345228634326083
0.052288243274723
0.0688544742826505
0.0660617985859617
0.0284063514696876
0.0177917955752762
0.0917144944934447
0.0788562399601402
0.0159928653361635
0.026089537017775
0.0446048860529575
0.058784204228563
0.0121766689205535
0.0121766689205535
0.0151280612857225
0.00899619710992936
0.0102228047182177
0.0403618964658503
0.00630823686583299
0.0248890030921812
0.0237682602800306
0.0296351921756393
0.0662435781597838
0.0159950134965463
0.0751384690624162
0.0478684478588587
0.0250465343631113
0.0303759399602484
0.0303759399602484
0.0542575612491474
0.0366567148041966
0.0384721757193884
0.00274876814051573
0.00274876814051573
0.0608159546427054
0.0365170771499873
0.0493715201181947
0.0163241012247462
0.0385480910393711
0.0345900828983602
0.0345900828983602
0.029963212875111
0.0356830902330087
0.0287568177258893
0.0552762357031721
0.0265409921438026
0.0231149482656677
0.00334412739119916
0.0253188028703503
0.0252291436272165
0.00151926987043251
0.0415032973172505
0.0314638165525562
0.0141280764443903
0.0129380327629328
