0.0834965497656415
0.346236559139785
0.0696866336285807
0.395330753979647
0.395330753979647
0.294117647058824
0.612443958912661
0.240012941312138
0.394361893992905
0.555840375541736
0.375253615703709
0.375253615703709
0.205585437344005
0.209120006310617
0.271239406779661
0.0929658512191801
0.143540669856459
0.0557297586942036
0.0529170089500561
0.0457963381583073
0.418721650800993
0.370404968254381
0.207843111585558
0.0553126458400703
0.220405447714418
0.174418604651163
0.0328055902031279
0.445300754045153
0.223770854186289
0.0325412145526382
0.0521327697540522
0.00190935439530575
0.139061178655986
0.196160691584032
0.196160691584032
0.181762552168957
0.11320065686659
0.341063725789162
0.257375992278839
0.276443583386293
0.0796085138854254
0.064772285623432
0.111686342606045
0.156302603359722
0.368087397963516
0.117238821374466
0.133888029431998
0.227221575997199
0.11597073314455
0.201524779678822
0.248741903138762
0.206328099586644
0.110988143760387
0.186423516898736
0.0639263509170289
0.127688953721161
0.214525179997903
0.0846666726282094
0.117143803252115
0.264184882473165
0.200446984228107
0.269580240909012
0.136832375967346
0.0637967965040259
0.195274932466453
0.0533978870492397
0.0173199308083736
0.0895614255424265
0.0895614255424265
0.156718729669708
0.295447412213609
0.297409016282732
0.0413178187968367
0.151339616929993
0.17402956838565
0.0886417192642716
0.188335764406516
0.0746495990054337
0.251038971090616
0.213019708621942
0.190858563566777
0.275530990990885
0.275530990990885
0.321638422929077
0.111800022832403
0.153767756614059
0.0596723129450546
0.0249319617901795
0.126404014221138
0.0493834684514345
0.102739111172467
0.0631783279114191
0.118006913617193
0.141487552188032
0.0387983865555348
0.099650468575164
0.0990645871550672
0.201129380860132
0.165642444146507
0.104794189799545
0.163206220721622
0.0542076928299054
0.0818739113435938
0.217667739869021
0.217667739869021
0.227294640647116
0.146100860935603
0.183132755625156
0.150991792065663
0.150991792065663
0.207822262135186
0.198382025860617
0.0865625705975525
0.195691032849956
0.127718206736627
0.276068070277105
0.040594626006356
0.0522290402580934
0.14033784578369
0.13042929306685
0.186669355103613
0.0878725927277385
0.0528583281875955
0.134727548736699
0.196854947711707
0.0659499901079831
0.0659499901079831
0.12903308296396
0.177184316779734
0.0534998281590102
0.208085688767807
0.0946760017760231
0.0448900599595741
0.238826092334861
0.270196773392332
0.190781616313531
0.282300812493698
0.163456986683334
0.0350173319659753
0.205878028128552
0.0750975874825128
0.0452786291009143
0.243995836658406
0.0891957196664454
0.0772279987112969
0.184236491911064
0.17121324263344
0.13123324757279
0.132322520175683
0.121756722769047
0.1235190451011
0.0928214270945044
0.0549566570837699
0.0591285651046607
0.276149422767219
0.135888122408179
0.173855977605494
0.114893750338216
0.23425175010724
0.0695419602039151
0.146734569671004
0.0944444444444444
0.147134385166627
0.147134385166627
0.169980515803781
0.270229342677301
0.270229342677301
0.107602894065358
0.116213066183118
0.141231668661075
0.0334349826401474
0.0508503279593753
0.0722264564129962
0.167828576290965
0.0713743765867238
0.0290126268899451
0.0290126268899451
0.0290126268899451
0.170258289390845
0.186357940128805
0.0525429506269353
0.11841944925716
0.11841944925716
0.181426613012913
0.300931327940394
0.220575072178328
0.0191683128223024
0.150003227242554
0.128106078214654
0.0616736066382527
0.148826616537832
0.166656164851245
0.0560919948632056
0.0560919948632056
0.0660067243030449
0.0943025000600894
0.128185670018339
0.198387385957982
0.189320693119971
0.044416625878755
0.0435950086117581
0.168725081418208
0.032292305940252
0.0577787205357646
0.139902023263467
0.108292682926829
0.132509578267529
0.12110185482767
0.135972837432863
0.0970422543657976
0.0812810691839707
0.178162258609869
0.173842293642529
0.136610330155549
0.0297270930595496
0.0833572169137468
0.150915197630283
0.0903774582118537
0.131799740385222
0.200927517002178
0.214535024480352
0.214535024480352
0.135099518778501
0.135099518778501
0.125421960133223
0.187284201026766
0.1545988862559
0.0589140464253992
0.0596383746287041
0.106891587787627
0.0925128274082584
0.0462955760464773
0.0462955760464773
0.231285134912267
0.0782696043396409
0.110261564492388
0.110261564492388
0.0908110531870435
0.0750809593386915
0.042066333685766
0.0931884045340716
0.0970618564845168
0.0812709765182809
0.0262281382795021
0.0801284593012306
0.162815893638677
0.172428457449728
0.172428457449728
0.130575018891259
0.178887805000612
0.144290213506856
0.1002331002331
0.107140579734954
0.0973327831430864
0.129223707955447
0.0558235316015692
0.0558235316015692
0.0408778457502811
0.168902321892856
0.168902321892856
0.109184481774041
0.0552123823479786
0.125386980547954
0.128804290741032
0.0652290714391233
0.18688621939584
0.169019513570568
0.11139037458656
0.132723312841149
0.0865707777959226
0.0816043462692716
0.116604072489113
0.140224470817526
0.0400441287764244
0.133877732829458
0.179498741420713
0.154183967235071
0.0403925928595419
0.0226666545512899
0.0286574422519506
0.0670550003886187
0.0857137178347984
0.0729783691686119
0.139787655852176
0.108968040200492
0.0310033672024725
0.161691542288557
0.0793282246891318
0.0573762907298871
0.0413718180310666
0.0638651619926343
0.150252834404473
0.0809556420541237
0.110106269907867
0.122623731544146
0.131982535615558
0.169150923283018
0.08177298553719
0.0473387862189501
0.0633405678939252
0.140929616868669
0.0461767356720602
0.0350155395901541
0.151354547376225
0.151354547376225
0.130674915196019
0.111872028178853
0.0780633682692381
0.113479443240687
0.0721407687952053
0.148741418764301
0.0751133486880308
0.157195255897952
0.0592771735313929
0.0592771735313929
0.055819553231068
0.146113287336906
0.0534752973395986
0.0274978285398114
0.213270179895248
0.154510419254427
0.0407484268340873
0.00674205886826708
0.13109019102079
0.0609442156848757
0.034813806920363
0.115493146044714
0.0860323886639676
0.118340091057082
0.0885032093165506
0.0979799572263966
0.136137867586886
0.130740132231627
0.0707296216887394
0.0666326763367942
0.200367661624525
0.151686553361884
0.070302939634677
0.0939350407593075
0.113683040842896
0.0451022010376311
0.0345166206457251
0.0680417684685289
0.102277343545451
0.060685984496574
0.131636016941159
0.0665839597372068
0.135440180586908
0.119275688671202
0.0982800982800983
0.0982800982800983
0.0907953960470557
0.0616713037262315
0.0616713037262315
0.0949199141606094
0.0688969223359618
0.121793773698472
0.151777746140746
0.151777746140746
0.135440180586908
0.102705399158052
0.125372520809783
0.112816607247431
0.109058875158723
0.109058875158723
0.0561611937692798
0.0584433910159522
0.192107124962222
0.0467380727293563
0.121250717797182
0.0860439472563695
0.0862448161660662
0.0486200763350612
0.141375305378669
0.126724962650262
0.123153704713989
0.0648957009796255
0.0648957009796255
0.122701315111515
0.114914539708578
0.050941379019111
0.0755887807511141
0.0699720719940995
0.118110236220472
0.108612948275912
0.0694720359562286
0.116627827446207
0.128539901136531
0.0469044503138379
0.141362524488316
0.0610009619873564
0.0976118216425092
0.0650008491621406
0.12014010672015
0.120897235153661
0.183431983721374
0.183431983721374
0.0639699463436744
0.124824477778955
0.0776116117967197
0.0771562454153685
0.0406967264403084
0.121904853374782
0.125523012552301
0.104276217493723
0.120391520359772
0.0164596595941312
0.0616513775758737
0.0572883207147221
0.0260216338448379
0.0969387755102039
0.0659658738188331
0.102222815239205
0.138792103675237
0.138792103675237
0.0784083110472465
0.0678227114100891
0.0795463826748049
0.114757186959371
0.0738442143474467
0.0875695224396982
0.149545965231169
0.120101137800253
0.122494432071269
0.0581512143137358
0.0337403048965292
0.0687534708027826
0.113636363636363
0.101197013383486
0.075968986083499
0.0799543873100177
0.119521711085353
0.0800319219768706
0.132709678959614
0.0604303369506833
0.0756048104057498
0.124657417782984
0.101930314130719
0.101930314130719
0.062958127708511
0.0780115483901107
0.00329878388536791
0.111351779467212
0.0355681467876143
0.0210439858592255
0.0829502704040783
0.041293795517622
0.041293795517622
0.0135968612468784
0.0727773225678748
0.0891584545357015
0.0600947178542809
0.0842365423255101
0.0921339189746888
0.0718008418229767
0.00892868002453577
0.0113468331917948
0.0243087225090002
0.0981025964841977
0.0830382220051288
0.141633918138111
0.0637409442445691
0.0916521584918608
0.0500141433573259
0.0263210222349613
0.106100795755968
0.0637043575557535
0.067379963553032
0.0727408146898158
0.0368772003882713
0.0215895846455163
0.093989591864732
0.127738400989143
0.10204081632653
0.0440478596373808
0.0584020681667621
0.0397090843292364
0.0770758937074765
0.0717282627349073
0.107907178321834
0.0818028277941956
0.0930774896903459
0.0232346191728109
0.0692316746535921
0.094887838565229
0.0190153349947686
0.0190153349947686
0.0502742199400933
0.0708963344114129
0.0766420743499749
0.0834666385933921
0.0465807636372389
0.0733733482438323
0.0901278616932672
0.0792617614651536
0.0716777811490788
0.065656223997417
0.0607287449392713
0.110497237569061
0.0669430214900087
0.0696489447087216
0.0696489447087216
0.0696489447087216
0.0528351106847583
0.0764024253598691
0.085146544088351
0.0401525958570871
0.0604258733935228
0.0778156042054498
0.093297611713037
0.0515012151938466
0.071348052019466
0.071348052019466
0.0381501663423361
0.0270647624276588
0.0580397325137477
0.0680973871740952
0.0300338508916266
0.0796812749003989
0.0485253766944043
0.07854159372691
0.0745781757526465
0.0432476597985244
0.0404251364787365
0.081612411020529
0.0788240929904918
0.0852109399983461
0.0804828973843058
0.0715498554913296
0.0733496332518337
0.0689655172413793
0.087527352297593
0.0358494276968528
0.0378925991400934
0.0870546630539765
0.0605977560292235
0.0645692114909765
0.1014641363309
0.0667404743206543
0.0209675645978113
0.0550962136530691
0.0677219373412418
0.0532223886419768
0.084645091562976
0.0496183854683423
0.0801276760721184
0.082330253647731
0.0535924351077646
0.0716320129949293
0.0323787545627034
0.079956329073277
0.0555829160637897
0.0555829160637897
0.0623225362887364
0.0334297515000301
0.0334297515000301
0.0799086757990867
0.0799086757990867
0.061162769702988
0.06060395054199
0.0261923351558879
0.0692584829946434
0.0803075845027569
0.0803075845027569
0.0852556983755603
0.0552078066530881
0.0601035226077844
0.0123955997188265
0.025839435302776
0.0889821084642137
0.0889821084642137
0.0266798943630888
0.0406435688336581
0.0333322813117546
0.031708737077632
0.0263672278497032
0.000869451444945283
0.0977116862790469
0.0977116862790469
0.0501279277894297
0.0683371298405469
0.0596700368676865
0.0674725906210982
0.0674725906210982
0.0759013282732447
0.0717065090558429
0.037937979905784
0.0579981523914757
0.0638924908640809
0.01286839953895
0.0447595091440252
0.0589739879553036
0.0627873091697509
0.0357347568352844
0.0617349140658098
0.0418151656421156
0.0418151656421156
0.0481305374221892
0.0273240757565336
0.0526998610085957
0.0427733288049756
0.0663480248616178
0.0223588627621336
0.0506749960334541
0.0649944514226064
0.0649944514226064
0.058689513781601
0.0093952639362584
0.0438439483137026
0.0379808594847936
0.0600948639342407
0.0296819715451347
0.0227363545153837
0.0613496932515337
0.0668652993348116
0.0502771551942813
0.050773896800166
0.0372699542415275
0.0372699542415275
0.0232321049094559
0.0449579654219257
0.016063578946513
0.0524714395583128
0.0588197720958401
0.0125098855664197
0.0348162760618894
0.00784182049571462
0.0521626655039804
0.0381653497648926
0.0381653497648926
0.0365205737197779
0.0400332962227472
0.0463425994653101
0.0232485087607133
0.0104853032470428
