0.39054352123078
0.259116717602623
0.296612566297439
0.244039569535022
0.288552322042304
0.262680579344112
0.285714285714286
0.26865671641791
0.236879493527204
0.236879493527204
0.110764578563663
0.110764578563663
0.182918714892434
0.0407650948282921
0.0407650948282921
0.136768414805429
0.185094459954612
0.244981672209638
0.173992015085325
0.142372640187143
0.155285513972554
0.244832069830204
0.0492166400374278
0.132347732140152
0.0993088767032712
0.136786354709393
0.139669736589488
0.139669736589488
0.22219234866835
0.18775395762217
0.127203568519171
0.221647067227577
0.163606509959548
0.224754131531081
0.184403603354213
0.0279200709933892
0.0302969199201895
0.0577799302062931
0.124640246570237
0.124640246570237
0.134575456390615
0.111484638911228
0.086410917708691
0.150724902840474
0.0926272893081185
0.0926272893081185
0.13953488372093
0.13953488372093
0.0470968026881521
0.129926002769336
0.112022352546709
0.0607598923066474
0.130928078822233
0.145594351157033
0.0726047126355692
0.112640023435321
0.102027267638768
0.167661438460427
0.114383493481513
0.222082545225278
0.101249725791782
0.0365471516545246
0.0844535528516003
0.0432663690476191
0.0463916989262586
0.0542014925553919
0.0542014925553919
0.0542014925553919
0.0469314199672342
0.10114686573651
0.10114686573651
0.109180686687674
0.109180686687674
0.109180686687674
0.0630952125503339
0.115554764349607
0.0497711059265178
0.110030431565454
0.0800015679657353
0.135286669340725
0.140370168501301
0.129615250593653
0.110401758421254
0.132676988632269
0.112226688375437
0.129297836669129
0.110545660395971
0.0967288356236106
0.201448031950905
0.0696689039796775
0.0696689039796775
0.0481841782587021
0.107886452932213
0.104600174891582
0.0827040399673345
0.134263220279527
0.103421401691633
0.141598416486787
0.0742819672947843
0.0715401572466586
0.0715401572466586
0.0735930387560209
0.0454645248646926
0.0427228858508639
0.0181219063264203
0.0739566762598477
0.0739566762598477
0.0739566762598477
0.112594121804118
0.0842352283756515
0.0727041346526285
0.0747810567661453
0.0812399550953431
0.0316973887993635
0.0442859124174505
0.0524773474302947
0.0545817851674148
0.0487352478787165
0.0716551447743103
0.0901449940035019
0.094816621840067
0.0912419746587358
0.0930761140115035
0.0788306704050656
0.0667856842532034
0.0667856842532034
0.0537492814147698
0.120273886704024
0.0934927890461763
0.0359343075350922
0.0810992202271082
0.0536422024439722
0.0283240353924496
0.0283240353924496
0.0568980132055316
0.0427509933426413
0.0423525631524619
0.0709416424532511
0.0624971410647054
0.0312706845737029
0.0748180256294575
0.0184788201744398
0.0491482015280823
0.0491482015280823
0.055629307751097
0.0643964081555254
0.0960833808198427
0.0833690636859328
0.0678491007931295
0.0796315788672051
0.108449076066463
0.0366568037633561
0.0366568037633561
0.0183059263547833
0.0851522748551405
0.0720899972753836
0.0651691362691511
0.0591061512453773
0.0758838341203486
0.0172266574968904
0.0468851221816535
0.0536758749699335
0.0514941824695978
0.0675426711229989
0.0262782623622879
0.031473095036672
0.0258821120954137
0.0157398569663055
0.0399400038400071
0.034317373051112
0.0094872168336391
0.0162153250045583
0.0201943289814734
0.0089705682364581
