1
1
1
1
1
1
1
0.955993672623261
0.943178902506106
0.81325784560009
0.837702794183217
0.707519509566592
0.770380052275493
0.84091374677794
0.969196610322106
0.907542190625558
0.907542190625558
0.637047163362953
0.727272727272727
0.752638482868262
0.819406205818885
0.717181997051731
0.67096422834792
0.726316878664769
0.64752846753175
0.624908371690648
0.548454336689631
0.507365974753794
0.564647019508185
0.390858219170581
0.557730414189744
0.576583711981247
0.512820512820513
0.541937536736015
0.523770188605033
0.561828319586446
0.622815287918688
0.650936843111355
0.577670743294245
0.725060972574785
0.519066315605512
0.236711954976977
0.517370500797292
0.453784819062388
0.488971340713608
0.602969665761008
0.606565479417111
0.606565479417111
0.217099911377686
0.504029467077663
0.457880413552436
0.553962083644318
0.0908987661334011
0.518507416343474
0.609019931170134
0.507931970036709
0.319524591188855
0.715351793562098
0.294957034245789
0.492524030510822
0.333775900252354
0.407256981594347
0.407256981594347
0.214551217290162
0.563598304677484
0.452490270672089
0.0664840372519901
0.489002096836699
0.52204785021156
0.279871717514515
0.507554086876956
0.507554086876956
0.534371270000435
0.673414241833817
0.446617717937643
0.138087757758286
0.289261722671525
0.102032193152265
0.419505083967642
0.419505083967642
0.34046942771155
0.130477655504279
0.545072606268712
0.545072606268712
0.434312927202991
0.424322362633059
0.483852359244417
0.205243140248818
0.184683436175268
0.269838992436097
0.22621103391459
0.160990712074303
0.462436272914632
0.462436272914632
0.417139674258289
0.418367391936491
0.110567979791141
0.350550660107681
0.186827409227656
0.455563125166947
0.534046444763888
0.346376648089974
0.215056382773566
0.182657882950627
0.369391330194565
0.11326360838956
0.195543360593361
0.427457814601406
0.0429921333288919
0.413311313830345
0.413311313830345
0.413311313830345
0.536258651356829
0.258659196230295
0.325339274932306
0.252178521472446
0.324324324324325
0.305843031023569
0.179748477612302
0.422493117343086
0.395507096812791
0.122186268200651
0.424104274996061
0.329165157744498
0.238769034429874
0.25938982741441
0.281424061737378
0.274541429475016
0.309084577068413
0.23757163075644
0.236250512695514
0.236250512695514
0.437867524542937
0.437867524542937
0.437867524542937
0.281946970914003
0.389380530973451
0.333790119004688
0.385360021752833
0.349337449074654
0.374745593280067
0.159751996962775
0.271773360528377
0.0821580288870009
0.341309178901606
0.159627631201944
0.139157215044093
0.0219999063018721
0.335244806625794
0.335244806625794
0.229338077338455
0.0764759389596486
0.147554588901926
0.240664677628674
0.310769996974949
0.279780837219008
0.221086375051896
0.188437173002845
0.446881132198231
0.135701189758453
0.451342543685812
0.284148051842199
0.401839279354028
0.383170348401638
0.182210623483693
0.248958801932928
0.0910047649028086
0.118571473598317
0.0893540147355509
0.30565032431185
0.284262018054581
0.0458241830990778
0.116533406855987
0.214196762141968
0.38996986875032
0.501953973078593
0.251699846270452
0.25324358599161
0.217337659370287
0.182830452917548
0.220484749607376
0.12688664692881
0.167565381378531
0.224697137064284
0.285614654505432
0.285614654505432
0.0322870472604678
0.331497802575526
0.252203995089834
0.280234153188502
0.10890756302521
0.152283088116625
0.0886349023625088
0.18824536487617
0.364575929507633
0.334372760329849
0.384133710698854
0.251098452009553
0.0255462625564478
0.310624564550616
0.127800479075666
0.270470220231335
0.330286996953664
0.208421255376386
0.208421255376386
0.225508607198748
0.145069194012902
0.340194291488732
0.290936294537196
0.0416221928567713
0.333563042346022
0.0858800884009414
0.258528030176523
0.120132100968588
0.257684210526316
0.348012922694293
0.219581744959139
0.191594703466846
0.255599472990777
0.172345264855449
0.292682926829269
0.158361294914151
0.237982425578396
0.237982425578396
0.0403853550319596
0.0500825852678137
0.146929118656805
0.219005645058099
0.245116186693148
0.13458931909728
0.198429572240175
0.140783795120197
0.110009289865405
0.151116001458575
0.0811109093670498
0.250897767483251
0.179541724186895
0.082950088639712
0.501828315951802
0.280607840292404
0.161266524093834
0.0924516051486107
0.206385972533895
0.301913682011147
0.226057710233589
0.142924380489214
0.209125964010283
0.222762689714869
0.102158491182138
0.019858314274558
0.215352014246567
0.19708498950442
0.23114781760912
0.14343908912678
0.260971236784258
0.0912070656910614
0.337003747792294
0.201741026214419
0.191974623306824
0.18084422880441
0.155358396203216
0.0370134915589461
0.0841411847456785
0.141285390215575
0.206618243660274
0.093674216479292
0.130430575713595
0.022784249477083
0.251784018439536
0.114527626052884
0.107786211975302
0.394533375986831
0.264569185588685
0.134476218570183
0.138035693706922
0.236413677286934
0.250062093689303
0.0296617135178793
0.195253081597259
0.250443102619562
0.205714285714286
0.0713657379153535
0.170983506751717
0.16821402930339
0.298674316052881
0.201639058507951
0.166738416869664
0.135145204619879
0.0525129458993168
0.121456554606442
0.24938563151994
0.267910123359877
0.157552640542795
0.205364359945702
0.147370366947037
0.0819290898212937
0.243730244791547
0.240188004383093
0.107467361509721
0.12827328794713
0.103868643444662
0.320368386107752
0.285714285714286
0.122529138269636
0.153402223960054
0.225283755312843
0.1209382142311
0.113005975188631
0.240587340910073
0.0671370744865458
0.26684807846769
0.111198471824595
0.0793866318034283
0.226892921687835
0.146886408027507
0.171197655285642
0.183150842457877
0.128430043642117
0.112387293729077
0.127853756888262
0.0628237071899043
0.22458434763121
0.173755848116087
0.2371240088566
0.2371240088566
0.12830642395942
0.341143086443805
0.195431698267194
0.106466584818647
0.391917002951884
0.167040713193562
0.140584981598261
0.165424884776257
0.135192382546665
0.243902964135127
0.0966673214568923
0.0297606842365959
0.196471195365993
0.132090177321135
0.163027623071243
0.31880884045015
0.180610436192953
0.288168798583358
0.156992534805074
0.0322141712516043
0.183744742665952
0.166114436278915
0.0705263436526717
0.179602962977283
0.293682455142409
0.196378079460801
0.196378079460801
0.203011854084082
0.161438189621537
0.0496284562542818
0.20251069713062
0.20398801956043
0.328385314715734
0.253004926108374
0.15037736538558
0.139470850279869
0.293867754710188
0.174287258786808
0.147364227711571
0.162680133424579
0.313409272456239
0.108842479136698
0.305777646803485
0.193713803902574
0.120147678456238
0.0797432986758185
0.141727522950376
0.239515014003616
0.113274288673244
0.0704725657954322
0.141740275061353
0.268434488853575
0.229627891370265
0.243067115985345
0.260658346878781
0.250364173838743
0.141973244147157
0.0720116300169733
0.236902224060581
0.236902224060581
0.236902224060581
0.222724296254304
0.142483238646255
0.150921027308393
0.0885609468862271
0.110326010225992
0.0475158436607726
0.250779940036071
0.114973262032086
0.0357566435008463
0.188764282181606
0.107470633153239
0.14558628888098
0.14387395890842
0.159853078600948
0.160630205889603
0.237341042805336
0.168097165991903
0.194986906098018
0.220055040593974
0.12977457287053
0.275764895330113
0.0319722434695858
0.0896099827268414
0.159701352358209
0.0164248706950346
0.239824766950231
0.0514232663530077
0.179028263589246
0.103315981277506
0.0415886408954828
0.0823374328478157
0.238660514982805
0.163403035846616
0.12264292349302
0.302581099360065
0.0875945822071506
0.14110278971075
0.109165432540167
0.0812658182559572
0.211034436777011
0.0345762395773511
0.243104218246432
0.099770730928677
0.0908577403176808
0.102127076121463
0.151517848224259
0.291416126496476
0.119378740152741
0.103592468760163
0.184495167424323
0.219816334592517
0.0985721245809439
0.0789535456067875
0.125908691194047
0.139995387760851
0.320037950093797
0.0358824239256652
0.241028976908896
0.0390254961973475
0.00182878578974733
0.141196728022145
0.215038322169913
0.215038322169913
0.0913457404336339
0.136114876082927
0.187002672503894
0.147870685562244
0.0821201332748067
0.128238339009921
0.217598754444217
0.217598754444217
0.143739925365346
0.0940546264287272
0.158906571430183
0.0298246895070122
0.0427751835846204
0.100922356156361
0.0125463581898191
0.0723028838533059
0.159436448990964
0.017869811572256
0.017869811572256
0.0457603920844476
0.224512225954295
0.107287452941562
0.138105535096879
0.264134468656461
0.177947221479258
0.0750726844600061
0.0750726844600061
0.10746380549641
0.0826112042610924
0.150373730793987
0.253145141070454
0.145923305627292
0.0826105298156218
0.268162189485363
0.0156993371713092
0.153657035891885
0.222345582073866
0.117698697683758
0.170661666515664
0.155539596828251
0.185409394193805
0.244031830238727
0.0636219995776002
0.130074332843809
0.103258867637699
0.0336101647946669
0.0293625985721002
0.0986224877337769
0.144482147035255
0.177420975779896
0.213801401065041
0.0690890750265427
0.158388466475758
0.158388466475758
0.158388466475758
0.18774188815632
0.0742891490505324
0.0722196581734888
0.141077296127021
0.0111173295316237
0.0898071286677466
0.161948204307087
0.0519259125600895
0.223784844450455
0.115323516534731
0.140479368927647
0.22434917146807
0.0344588788979396
0.196036288178043
0.24251990308065
0.054056898346363
0.211466472959456
0.211466472959456
0.129787209675773
0.108145400798941
0.119884099963781
0.174833710903344
0.152121558639569
0.193281038583539
0.0919076561936743
0.102015242203259
0.171296918101889
0.0611740081453198
0.0318406726553431
0.0442629594636911
0.088200952124768
0.088200952124768
0.0425436016762004
0.164777563016521
0.164777563016521
0.0822204624448398
0.0305653332381155
0.146496557638605
0.0582206883982995
0.133324871436868
0.104101795667464
0.0520263179666716
0.134768547873716
0.00582150487514474
0.119586503634169
0.159901546631343
0.0633061933949318
0.143764971842034
0.218811491538764
0.0277046203193421
0.0770968366915598
0.0680041091017212
0.133289024170593
0.0949587174998793
0.214787256160949
0.0861909584101817
0.0882367326974809
0.173313830328457
0.0588976826359507
0.0653147297038671
0.0282524148693655
0.147330184965866
0.0961313340950962
0.0617030037278345
0.0581413807547955
0.0835705752463782
0.160558057673921
0.146973342759321
0.0670988988370897
0.115324377385128
0.0940934908880416
0.0632703990777056
0.0760329086250158
0.0472587358504568
0.0951912431303847
0.114162821889609
0.194058060472082
0.0847514841942113
0.0122572743456018
0.0786122737291157
0.167464114832536
0.0448798489077878
0.157269291916804
0.0953498748288374
0.18662213332987
0.0517624361514404
0.0221963757757634
0.0238061363016007
0.142578243577033
0.0882846082461654
0.0512287762133571
0.208010340606705
0.0358338515439457
0.162642532342971
0.107079811285221
0.118365201532423
0.0853752861742944
0.0473098389007496
0.0709092274230648
0.0357237107101687
0.143415695796935
0.0760376527781847
0.0869593183781683
0.0891781872913948
0.0709198992469172
0.06351165635587
0.104969405391621
0.149295098119955
0.180229957629606
0.144872253193071
0.144231550245489
0.0989759289308719
0.152212376676464
0.0821605599173928
0.0127224889671578
0.0127224889671578
0.0505135004572526
0.0505135004572526
0.0939267611351294
0.221119757425928
0.0275951176752144
0.182571278412824
0.147868868993662
0.0606354596167839
0.177950310044595
0.139562109084691
0.0106728041363989
0.108555731412251
0.0566910233233293
0.139097742668906
0.14728794981978
0.0543134193278287
0.0672359521574449
0.00795993416996049
0.00795993416996049
0.051349082705102
0.0278951772550997
0.0709911567612185
0.0473691834456667
0.121101797068259
0.205128205128205
0.0158345060740917
0.0799732394863449
0.0212674005982047
0.0637935685291895
0.025203073084615
0.111860767678135
0.111860767678135
0.105865131497725
0.110483123815961
0.03393210503455
0.198581560283688
0.0902399749915096
0.0116231075218096
0.0580546623332298
0.167256887750317
0.0692643254187791
0.0915752800752229
0.0494695224067122
0.119007680762779
0.0462738767823514
0.132825409588284
0.0307853338098634
0.138338825135457
0.0747225679119223
0.060375014259008
0.157595213916539
0.0181550327137226
0.222633252011654
0.0320235920433879
0.14990901747905
0.0853428515027514
0.0827798800874131
0.187441468566645
0.00921336329426767
0.13254586836481
0.127723781978732
0.0391430031500505
0.0562276823865814
0.162782728686173
0.210231516056759
0.191913912713389
0.126654800754143
0.142325714444295
0.0663560302435556
0.0361076925874957
0.0819794372782533
0.142986424300394
0.214634146341464
0.214634146341464
0.0408552785073704
0.0560490887443904
0.0560490887443904
0.0639289838197131
0.0536553535067651
0.0701150315157345
0.0128837391356626
0.0128837391356626
0.0363395963972414
0.107583738557702
0.137537662156399
0.119901184785415
0.0290848811362696
0.0879491118578968
0.113831594575612
0.112
0.0402955851702141
0.0752873761809407
0.125824806894798
0.0834084190205142
0.107755367956008
0.0706435706993682
0.0162852584563278
0.170602606964833
0.00714806360584782
0.00714806360584782
0.00714806360584782
0.0525465381787218
0.0338019602943496
0.056368741629513
0.00564542042047035
0.104889249146444
0.0220766133736306
0.0942522099708266
0.115896718636445
0.064117928816964
0.163492019405024
0.183907218239494
0.0579784805430422
0.130575014644559
0.100258369240992
0.1199668371269
0.0718199025174513
0.0732310829649742
0.145146210142825
0.0112925234333938
0.0270433741309418
0.0354280186871115
0.06985157232621
0.145864771811589
0.0392188041305256
0.0662074904546164
0.048223523640969
0.101739169405799
0.0354750665507152
0.00229209501362352
0.00964218176478032
0.0812082574377655
0.158591689367406
0.134989472410022
0.101205503551404
0.15490561402991
0.0716587197693201
0.0110725879808935
0.12001517372905
0.0735295084662173
0.0620863598818399
0.0663125070938128
0.0175093372532363
0.0175093372532363
0.0175093372532363
0.115210566105248
0.126251482899805
0.0285164956697803
0.0362355980994134
0.0944416617573332
0.124927176473568
0.0789675835252854
0.0944935573802162
0.0638090935082244
0.00762557537008317
0.0373745268917884
0.0439547561498781
0.0324814821977681
0.164227012375877
0.0608174058404636
0.0295510088299101
0.0346653318743995
0.0709919289129115
0.0434108426727305
0.0273901360839039
0.0128772771366395
0.0296077689365142
0.0750825245969224
0.0439635173075227
0.0439635173075227
0.0249922976096561
0.119462438186358
0.0933164930201576
0.131245012595641
0.0451961177754057
0.100825013955528
0.00537300884757705
0.128038283930496
0.0374159247456072
0.103504259053444
0.0298803562211865
0.039122334560898
0.134146341463415
0.136769474282728
0.0661320398873339
0.116001804782674
0.0113280564544583
0.139724237715147
0.00692560219502416
0.115177541260812
0.0802421016438452
0.119416270441804
0.0232059931426184
0.0344023765944655
0.0344023765944655
0.0810658976802086
0.138379662058461
0.0349297445348879
0.0320036204216825
0.0242806599559058
0.0239091372012729
0.0763910964952344
0.103831597459465
0.0212549019607843
0.128693731013532
0.0693311984811278
0.126898204788894
0.0544198682802701
0.0519128531220681
0.0224837503009939
0.0329085169131914
0.0881057268722466
0.040824671141635
0.0315709718591444
0.0315709718591444
0.0494667762836929
0.115698693862945
0.0469732718507095
0.0867066766240601
0.0659935976360502
0.067194174912087
0.067194174912087
0.0144547663121745
0.064109184055726
0.0363656105667643
0.000415352090881053
0.0293347368593572
0.0963034775366047
0.00630861847108686
0.022751798369743
0.068223164241725
0.0524781032580118
0.0875490281323747
0.0778506089921378
0.0200769900311275
0.0278739817045521
0.0287727100511233
0.103315981277506
0.141120281570995
0.0865938074569694
0.0464381730580386
0.0555000602327284
0.111705069124424
0.0621149064648308
0.0338859820470796
0.015782979796803
0.0478530584108878
0.0235423431550372
0.0417951827448436
0.0347852315217721
0.058197531874739
0.0414213493665094
0.00901322639971328
0.00901322639971328
0.00746182280381156
0.00949825290547117
0.0726954361399273
0.0421831662251881
0.0301454309803187
0.013228275154903
0.082758620689655
0.0309425827944345
0.0387123795670387
0.0526619594578422
0.0259046144704225
0.0239146992283144
0.00849370598036981
0.0296389792020013
0.030098270462163
0.0139643681743545
0.0139643681743545
0.0368184458215221
0.0180929322148132
0.0421620483102462
0.00252067088907727
0.0411681030876075
0.0153755567298257
0.00105198562286316
0.0230512435253568
0.0508352775016441
0.00719280723082379
0.0290584664412363
0.0126512966502449
0.0303359083100207
0.0208384130516775
0.0105365420035258
0.0474351078534786
0.0111863357864797
0.0106666666666667
