TARA_148	TARA_149	TARA_150	TARA_151	TARA_25
1224307	0	0	0	0.0625	0
787055	0	0.0588235294117647	0.178571428571429	0	0.217391304347826
3351898	0	0	0	0	0.458333333333333
6785625	0	0	0	0	0.464285714285714
4343941	0	0.130434782608696	0.36	0.0769230769230769	0
6564001	1	0.80952380952381	1	1	0.363636363636364
738044	0	0.0816326530612245	0.375	0	0.0333333333333333
516909	0	0.0227272727272727	0	0	0
6182894	0.125	0.1	0.0882352941176471	0.0666666666666667	0.684210526315789
4865625	0.538461538461538	0.583333333333333	0.16	0.105263157894737	0.0526315789473684
333144	0	0.032258064516129	0	0.0555555555555556	0.44
1637024	0.888888888888889	0.771428571428571	0.666666666666667	0.285714285714286	0.909090909090909
2595680	0.0909090909090909	0	0	0	0.291666666666667
5771199	0	0.166666666666667	0.125	0.266666666666667	0.5
1517592	0.0666666666666667	0.255813953488372	0.12	0.272727272727273	0
1269521	0	0.195652173913043	0	0	0.181818181818182
6941574	0.714285714285714	0.682926829268293	0.821428571428571	0.333333333333333	0.904761904761905
4189496	0.7	0.368421052631579	0.529411764705882	0.714285714285714	0.8
4801763	0.529411764705882	0.659574468085106	0.5	0.315789473684211	0.0689655172413793
6373718	0.461538461538462	0.238095238095238	0	0.222222222222222	0.210526315789474
2286600_1	0.333333333333333	0.30952380952381	0.0909090909090909	0.285714285714286	0.214285714285714
2286600_2	0.333333333333333	0.30952380952381	0.0909090909090909	0.285714285714286	0.214285714285714
2812450	0.75	0.676470588235294	0.411764705882353	0.6	0.636363636363636
4466455	0.928571428571429	0.657142857142857	0.9	0.416666666666667	0.894736842105263
5800875_1	0.666666666666667	0.35	0.8125	0.458333333333333	0.130434782608696
5800875_2	0.666666666666667	0.35	0.8125	0.458333333333333	0.130434782608696
4646909	0.916666666666667	0.714285714285714	0.782608695652174	0.761904761904762	1
1772206	0.705882352941177	0.805555555555556	0.368421052631579	0.25	0.5625
4571877	0.642857142857143	0.558823529411765	0.368421052631579	0.454545454545455	0.944444444444444
6890174	0.375	0.82051282051282	0.727272727272727	0.909090909090909	0.80952380952381
6240865	0.947368421052632	0.760869565217391	0.566666666666667	1	0.958333333333333
2324835	0.15	0.3	0.111111111111111	0	0.142857142857143
4678459	0.153846153846154	0.289473684210526	0.413793103448276	0.25	0.75
2443175	0.588235294117647	0.452380952380952	0.125	0.785714285714286	0.230769230769231
1848808	0.545454545454545	0.46875	0.666666666666667	0.666666666666667	0.892857142857143
3560326	0.705882352941177	0.3	0.590909090909091	0.583333333333333	0.857142857142857
4567338	0.272727272727273	0.324324324324324	0.344827586206897	0.333333333333333	0.80952380952381
7042908	0.615384615384615	0.9	0.827586206896552	0.846153846153846	0.576923076923077
4770433	0.2	0.514285714285714	0.478260869565217	0.470588235294118	0.761904761904762
522699	0.555555555555556	0.931034482758621	0.888888888888889	0.833333333333333	0.526315789473684
5134710	1	0.951219512195122	0.705882352941177	0.684210526315789	0.666666666666667
6882286	0.777777777777778	0.892857142857143	0.5625	0.416666666666667	0.941176470588235
1097058	0.684210526315789	0.46875	0.3125	0.666666666666667	0.363636363636364
4170379	0.0714285714285714	0.421052631578947	0.315789473684211	0.363636363636364	0.0526315789473684
4164459	0.545454545454545	0.181818181818182	0.136363636363636	0	0.333333333333333
5114595	0.230769230769231	0.352941176470588	0.454545454545455	0.727272727272727	0.230769230769231
3666696	0.777777777777778	0.617647058823529	0.458333333333333	0.714285714285714	0.3
6763568	0.363636363636364	0.285714285714286	0.75	0.1	0.391304347826087
2379876	0.7	0.566666666666667	0.666666666666667	0.117647058823529	0.571428571428571
6250645	0.222222222222222	0.378378378378378	0.636363636363636	0.214285714285714	0.0454545454545455
1641792	0.0909090909090909	0.233333333333333	0.148148148148148	0.166666666666667	0
4817780	0.8	0.638888888888889	0.916666666666667	1	0.952380952380952
6286035	0.2	0.186046511627907	0.12	0.428571428571429	0.533333333333333
3710506	0.615384615384615	0.804878048780488	0.777777777777778	0.4	0.857142857142857
4547029	1	0.714285714285714	0.777777777777778	0.533333333333333	1
1971292	0.727272727272727	0.542857142857143	0.172413793103448	0.272727272727273	0.565217391304348
6507114	0.5	0.58	0.608695652173913	0.230769230769231	0.9375
5222050	0.769230769230769	0.769230769230769	0.590909090909091	0.692307692307692	0.4375
6914157	0.5	0.511111111111111	0.678571428571429	0.727272727272727	0.227272727272727
2778327	0.666666666666667	0.875	0.533333333333333	0.769230769230769	0.684210526315789
4060551	0.117647058823529	0.238095238095238	0.53125	0.428571428571429	0.0526315789473684
4764313	0.25	0.297872340425532	0.391304347826087	0.666666666666667	0.833333333333333
878538	0.941176470588235	0.428571428571429	0.666666666666667	0.583333333333333	0.176470588235294
4430712	0.933333333333333	0.615384615384615	0.441176470588235	0.5	0.894736842105263
3690543	1	0.868421052631579	0.714285714285714	0.857142857142857	0.925925925925926
4975566	0.3	0.611111111111111	0.62962962962963	0.333333333333333	0.625
3728039	1	0.842105263157895	0.904761904761905	0.571428571428571	0.666666666666667
650082_1	0.7	0.833333333333333	0.571428571428571	0.777777777777778	0.419354838709677
650082_2	0.7	0.833333333333333	0.571428571428571	0.777777777777778	0.419354838709677
1401627	0.666666666666667	0.514285714285714	0.514285714285714	0.411764705882353	1
5176414	0.8	0.551020408163265	0.807692307692308	0.526315789473684	0.45
4476485	0.166666666666667	0.282608695652174	0.48	0.157894736842105	0
6302990	0.727272727272727	0.636363636363636	0.761904761904762	0.75	1
834886	0.533333333333333	0.823529411764706	0.740740740740741	0.625	0.8
361138	0.6875	0.553191489361702	0.434782608695652	0.0555555555555556	0.391304347826087
6691019	0.35	0.268292682926829	0.0869565217391304	0.272727272727273	0.157894736842105
3457824	0.2	0.258064516129032	0.388888888888889	0.181818181818182	0.1
1852166	0.846153846153846	0.729166666666667	0.666666666666667	0.642857142857143	0.739130434782609
942858	0.4	0.175	0.7	0.391304347826087	0.5
3571807	0.5	0.341463414634146	0.238095238095238	0	0.25
533625	0.7	0.789473684210526	0.65625	0.411764705882353	0.666666666666667
1079362	0.714285714285714	0.892857142857143	0.421052631578947	0.941176470588235	0.866666666666667
2304300_1	0.117647058823529	0.658536585365854	0.695652173913043	0.555555555555556	0.36
2304300_2	0.117647058823529	0.658536585365854	0.695652173913043	0.555555555555556	0.36
1739492	0.466666666666667	0.875	0.739130434782609	0.666666666666667	0.56
4972127	0.363636363636364	0.27027027027027	0.484848484848485	0.2	0.0625
6645292	0.692307692307692	0.277777777777778	0.346153846153846	0.277777777777778	0.310344827586207
2029684	0	0.19047619047619	0	0.0526315789473684	0.133333333333333
5446860	0.181818181818182	0.219512195121951	0.105263157894737	0	0.115384615384615
7035708	0.727272727272727	0.6875	0.652173913043478	0.789473684210526	0.576923076923077
5469057	0.888888888888889	0.727272727272727	0.740740740740741	0.384615384615385	0.947368421052632
4157778	0.545454545454545	0.833333333333333	0.413793103448276	0.846153846153846	0.684210526315789
3178456	0.857142857142857	0.787878787878788	0.615384615384615	0.846153846153846	0.85
6645832_1	0	0.25	0	0.181818181818182	0
6645832_2	0	0.25	0	0.181818181818182	0
6645832_3	0	0.25	0	0.181818181818182	0
1970195	0.705882352941177	0.696969696969697	0.823529411764706	0.363636363636364	0.52
262410_1	0.909090909090909	0.6875	0.363636363636364	0.714285714285714	0.68
262410_2	0.909090909090909	0.6875	0.363636363636364	0.714285714285714	0.68
5924479	0.0588235294117647	0.303030303030303	0.473684210526316	0.25	0.0588235294117647
4264343	0.3125	0.0731707317073171	0.0526315789473684	0.0625	0.32
6070002	0.222222222222222	0.5	0.571428571428571	0.882352941176471	0.416666666666667
713024	0	0.363636363636364	0.478260869565217	0.545454545454545	0.55
4705955	0.428571428571429	0.891891891891892	0.636363636363636	0.833333333333333	0.666666666666667
7052806	0.75	0.666666666666667	0.45	0.9	0.357142857142857
734087	0.733333333333333	0.488372093023256	0.290322580645161	0.526315789473684	0.789473684210526
648903	0.5	0.159090909090909	0.4	0.3	0.21875
7124363	0	0.310344827586207	0.25	0.214285714285714	0.631578947368421
1966349	0.5	0.607843137254902	0.708333333333333	0.695652173913043	0.266666666666667
3574646	0.923076923076923	0.689655172413793	0.727272727272727	0.941176470588235	1
4999257	0.875	0.829787234042553	0.935483870967742	1	1
91091	0.611111111111111	0.372549019607843	0.576923076923077	0.142857142857143	0.647058823529412
415501	0.5	0.342857142857143	0.125	0.526315789473684	0.321428571428571
2906100	0.75	0.314285714285714	0.423076923076923	0.5	0.333333333333333
3845278	0.272727272727273	0.116279069767442	0.24	0.642857142857143	0.461538461538462
1542393	0	0.395833333333333	0.4	0.315789473684211	0.0909090909090909
5653925	0.875	0.725	0.8	0.933333333333333	1
4890370	0.555555555555556	0.536585365853659	0.78125	0.4	0.736842105263158
4672748	0.368421052631579	0.325	0.714285714285714	0.642857142857143	0.3125
4988402	1	0.595238095238095	0.72	0.761904761904762	0.9375
2675942	0.555555555555556	0.25	0.0555555555555556	0.176470588235294	0
3231983	0.214285714285714	0.35	0.333333333333333	0.05	0.2
2813845	0.545454545454545	0.702127659574468	0.555555555555556	0.571428571428571	0.857142857142857
3837417	0.8	0.5	0.84	0.909090909090909	0.846153846153846
5122899	0.727272727272727	0.384615384615385	0.44	0.294117647058824	0.5625
2749006	0.6875	0.67741935483871	0.95	0.866666666666667	0.736842105263158
3976818	0.846153846153846	0.416666666666667	0.666666666666667	0.363636363636364	0.653846153846154
3463307	0.166666666666667	0.517241379310345	0.269230769230769	0.35	0.5
3771052	0.571428571428571	0.653061224489796	0.538461538461538	0.25	0.9375
2297271	0.384615384615385	0.266666666666667	0.666666666666667	0.307692307692308	0.6875
2053730	0.5	0.571428571428571	0.277777777777778	0.166666666666667	0.347826086956522
4278636	0.357142857142857	0.454545454545455	0.526315789473684	0.315789473684211	0.636363636363636
2483179	0.375	0.53125	0.379310344827586	0.222222222222222	0.636363636363636
5567312	1	0.547619047619048	0.642857142857143	0.5	0.777777777777778
3681735	0.6	0.953488372093023	0.857142857142857	0.6	0.655172413793103
4439885	0.444444444444444	0.357142857142857	0.6875	0.142857142857143	0.35
1869137	1	0.954545454545455	0.95	1	0.75
2274558	0.571428571428571	0.317073170731707	0.275862068965517	0.625	0.304347826086957
6554102	0.846153846153846	0.725	0.481481481481481	0.75	0.6
1753327	0.307692307692308	0.238095238095238	0.315789473684211	0.352941176470588	0.708333333333333
3770899	1	0.871794871794872	0.956521739130435	1	0.62962962962963
4864145	0.714285714285714	0.55	0.625	0.461538461538462	0.888888888888889
4480827	0.0714285714285714	0.119047619047619	0.476190476190476	0.266666666666667	0
3101080	0.25	0.0652173913043478	0.333333333333333	0.111111111111111	0.08
4818190	0.571428571428571	0.714285714285714	0.666666666666667	0.714285714285714	0.894736842105263
4505384	0.266666666666667	0.419354838709677	0.25	0.125	0.6
2948181	0.3125	0.243243243243243	0.157894736842105	0.153846153846154	0.1875
6169228	0.333333333333333	0.296296296296296	0.142857142857143	0.0833333333333333	0.208333333333333
6875501	0.6	0.702127659574468	0.423076923076923	0.1875	0.481481481481481
6801647_1	0.533333333333333	0.523809523809524	0.789473684210526	0.727272727272727	0.909090909090909
6801647_2	0.533333333333333	0.523809523809524	0.789473684210526	0.727272727272727	0.909090909090909
5330020_1	0.769230769230769	0.708333333333333	0.541666666666667	0.80952380952381	0.75
5330020_2	0.769230769230769	0.708333333333333	0.541666666666667	0.80952380952381	0.75
1100523	0.846153846153846	0.826086956521739	0.894736842105263	0.882352941176471	0.928571428571429
1762764	0.733333333333333	0.717391304347826	0.774193548387097	0.4375	0.739130434782609
3369338	1	0.731707317073171	0.789473684210526	1	0.590909090909091
3652632	0.307692307692308	0.75	0.818181818181818	0.909090909090909	0.85
6554690_1	0.6	0.880952380952381	0.666666666666667	1	0.903225806451613
6554690_2	0.6	0.880952380952381	0.666666666666667	1	0.903225806451613
5251740	0.235294117647059	0.333333333333333	0.5	0.384615384615385	0.620689655172414
6611362	0.533333333333333	0.7	0.571428571428571	0.75	0.2
1844250	0.888888888888889	0.581395348837209	0.606060606060606	0.538461538461538	0.24
6910790	0.307692307692308	0.3125	0.185185185185185	0.588235294117647	0.363636363636364
6677724	0.866666666666667	0.66	0.461538461538462	0.666666666666667	0.636363636363636
5609102	0.833333333333333	0.682926829268293	0.958333333333333	0.928571428571429	1
4561519	0.8	0.772727272727273	0.580645161290323	0.333333333333333	0.888888888888889
5085598	0.8	0.545454545454545	0.48	0.833333333333333	0.64
4564966	0.333333333333333	0.555555555555556	0.483870967741935	0.4	0.9
1590908	0.0833333333333333	0.3	0.259259259259259	0.272727272727273	0.354838709677419
4969303	0.684210526315789	0.48936170212766	0.636363636363636	0.933333333333333	0.75
7038331	0.4	0.533333333333333	0.526315789473684	0.5	0.733333333333333
3577809	0.8	0.55	0.904761904761905	1	0.727272727272727
6721300_1	0.857142857142857	0.755555555555556	1	0.666666666666667	0.925925925925926
6721300_2	0.857142857142857	0.755555555555556	1	0.666666666666667	0.925925925925926
975825	0.642857142857143	0.425	0.6	0.2	0.782608695652174
4606453	0.8	0.638888888888889	0.666666666666667	0.9	0.461538461538462
4999153	0.285714285714286	0.142857142857143	0.217391304347826	0.6	0.470588235294118
4678379_1	0.416666666666667	0.477272727272727	0.588235294117647	0.214285714285714	0.59375
4678379_2	0.416666666666667	0.477272727272727	0.588235294117647	0.214285714285714	0.59375
4678379_3	0.416666666666667	0.477272727272727	0.588235294117647	0.214285714285714	0.59375
688631	1	0.777777777777778	1	0.947368421052632	0.96
7119425	0.307692307692308	0.434782608695652	0.608695652173913	0.375	0.571428571428571
1435015	0	0.222222222222222	0.222222222222222	0.357142857142857	0.458333333333333
6117606	0.214285714285714	0.470588235294118	0.52	0.6	0.689655172413793
3667428	0.222222222222222	0.0487804878048781	0.307692307692308	0.294117647058824	0.222222222222222
945215	0.4	0.272727272727273	0.516129032258065	0.222222222222222	0.178571428571429
3235276	0.909090909090909	0.861111111111111	0.75	0.933333333333333	0.384615384615385
134520_1	0.882352941176471	0.711111111111111	0.545454545454545	1	0.68
134520_2	0.882352941176471	0.711111111111111	0.545454545454545	1	0.68
5376520	0.272727272727273	0.302325581395349	0.0740740740740741	0.133333333333333	0.413793103448276
1225757	0.538461538461538	0.470588235294118	0.590909090909091	0.916666666666667	0.666666666666667
5959889	0.411764705882353	0.522727272727273	0.576923076923077	0.6	0.8125
794284	0.818181818181818	0.692307692307692	0.735294117647059	0.916666666666667	0.666666666666667
2988897	0.3	0.534883720930233	0.269230769230769	0.3	0.5
1987241	0.333333333333333	0.411764705882353	0.291666666666667	0.8125	0.375
3934985_1	0.727272727272727	0.363636363636364	0.5625	0.2	0.421052631578947
3934985_2	0.727272727272727	0.363636363636364	0.5625	0.2	0.421052631578947
5404560	0.272727272727273	0.40625	0.24	0.461538461538462	0.566666666666667
5464714	0.2	0.22	0.105263157894737	0.15	0
5606201_1	0.6	0.416666666666667	0.24	0.238095238095238	0.733333333333333
5606201_2	0.6	0.416666666666667	0.24	0.238095238095238	0.733333333333333
3340763	0.416666666666667	0.480769230769231	0.76	0.45	0.607142857142857
4973484	0.222222222222222	0.647058823529412	0.548387096774194	0.666666666666667	0.85
2975506	1	0.875	0.862068965517241	0.833333333333333	0.625
5955929	0.818181818181818	0.704545454545455	0.875	0.75	0.470588235294118
5221457	0.916666666666667	0.510204081632653	0.807692307692308	0.588235294117647	0.411764705882353
6323501	0.416666666666667	0.323529411764706	0.111111111111111	0.25	0.307692307692308
6629751	0	0.272727272727273	0.115384615384615	0	0.15
3177031	0.1	0.224489795918367	0.230769230769231	0.421052631578947	0.235294117647059
4882572	0.529411764705882	0.775510204081633	0.619047619047619	0.666666666666667	0.818181818181818
4136736	0.181818181818182	0.3125	0.1	0.0769230769230769	0.133333333333333
392639	1	0.8125	0.65	0.521739130434783	0.791666666666667
2230761	0.181818181818182	0.386363636363636	0.5	0.615384615384615	0.181818181818182
3150428	0.125	0.466666666666667	0.290322580645161	0.1875	0.294117647058824
2187857	0.272727272727273	0.175	0.375	0.380952380952381	0.5
5411772	0.294117647058824	0.553191489361702	0.333333333333333	0.5	0.333333333333333
4763343	0.15	0.27027027027027	0.0555555555555556	0.357142857142857	0.107142857142857
1941056	0.1875	0.263157894736842	0.4375	0.391304347826087	0.470588235294118
4249972_1	0.6	0.326530612244898	0.129032258064516	0.136363636363636	0.296296296296296
4249972_2	0.6	0.326530612244898	0.129032258064516	0.136363636363636	0.296296296296296
4249972_3	0.6	0.326530612244898	0.129032258064516	0.136363636363636	0.296296296296296
872377	0.176470588235294	0.432432432432432	0.481481481481481	0.130434782608696	0.303030303030303
4557242	0.571428571428571	0.625	0.608695652173913	0.9	0.8125
3585909	0.333333333333333	0.342857142857143	0.428571428571429	0.75	0.3
2550085	0.0555555555555556	0.214285714285714	0.214285714285714	0.117647058823529	0.481481481481481
3086768	0.647058823529412	0.527777777777778	0.5625	1	0.470588235294118
4606784	0.666666666666667	0.162162162162162	0.272727272727273	0.166666666666667	0.19047619047619
5037188	0.615384615384615	0.457142857142857	0.476190476190476	0.222222222222222	0.423076923076923
3393727	0	0.229166666666667	0.25	0.1875	0.178571428571429
6884557	0.785714285714286	0.74468085106383	0.964285714285714	0.6	1
2019687	0.357142857142857	0.4	0.409090909090909	0.25	0.285714285714286
2903345	1	0.785714285714286	0.882352941176471	0.857142857142857	1
2786057	0.777777777777778	0.694444444444444	0.647058823529412	0.6	0.75
3115408	0.4375	0.441860465116279	0.416666666666667	0.529411764705882	0.368421052631579
1176672	0.823529411764706	0.75	0.851851851851852	0.8	0.592592592592593
2152337	0	0.543478260869565	0.434782608695652	0.375	0.588235294117647
3504614	0.5625	0.133333333333333	0.4	0.210526315789474	0.5
189042	1	0.8	0.777777777777778	1	0.848484848484849
1799129	0.882352941176471	0.676470588235294	0.818181818181818	0.888888888888889	0.769230769230769
4879388	0.9	0.685714285714286	0.764705882352941	0.733333333333333	0.909090909090909
3931780	0.636363636363636	0.542857142857143	0.818181818181818	0.333333333333333	0.65
3448274	0	0.186046511627907	0.294117647058824	0.0833333333333333	0
3694495	0.615384615384615	0.457142857142857	0.321428571428571	0.642857142857143	0.666666666666667
5833736	0.454545454545455	0.685714285714286	0.692307692307692	0.923076923076923	0.65
1850403	0.222222222222222	0.217391304347826	0.0625	0.277777777777778	0.111111111111111
5034264	0	0.208333333333333	0.0952380952380952	0.210526315789474	0.115384615384615
3968156	0.909090909090909	0.666666666666667	0.894736842105263	0.933333333333333	0.944444444444444
2429451	0.916666666666667	0.772727272727273	1	0.666666666666667	1
2764419	0.8	0.648648648648649	0.52	0.5625	0.791666666666667
2108868	0.588235294117647	0.583333333333333	0.391304347826087	0.4	0.466666666666667
5996330	0.533333333333333	0.48	0.565217391304348	0.714285714285714	0.56
5804282	0.769230769230769	0.738095238095238	0.736842105263158	0.5	0.653846153846154
2247033	0.25	0.387755102040816	0.263157894736842	0.357142857142857	0.111111111111111
4316202	0.642857142857143	0.525	0.652173913043478	0.615384615384615	0.904761904761905
410483	0.222222222222222	0.783783783783784	0.652173913043478	0.846153846153846	0.6
1656861	0.157894736842105	0.272727272727273	0.1875	0	0
991466	0.384615384615385	0.514285714285714	0.55	0.25	0.4
3340940	0.526315789473684	0.458333333333333	0.485714285714286	0.454545454545455	0.0952380952380952
6462192	0.818181818181818	0.606060606060606	0.62962962962963	0.789473684210526	0.8
28599	0.615384615384615	0.5625	0.866666666666667	0.6	0.272727272727273
3243423	0.833333333333333	0.595744680851064	0.833333333333333	0.538461538461538	0.526315789473684
2847825	0.833333333333333	0.871794871794872	0.633333333333333	0.75	0.6
5797975	0.846153846153846	0.736842105263158	0.904761904761905	0.5	0.863636363636364
2602215	0.941176470588235	0.861111111111111	0.695652173913043	0.846153846153846	0.954545454545455
4744505	0.842105263157895	0.794871794871795	0.76	0.578947368421053	0.636363636363636
3955836	0.916666666666667	0.808510638297872	0.84375	0.615384615384615	0.970588235294118
4108286	0.0909090909090909	0.209302325581395	0.296296296296296	0.285714285714286	0.193548387096774
918402	0	0.117647058823529	0.260869565217391	0.0555555555555556	0.206896551724138
1744035	0.846153846153846	0.74	0.909090909090909	0.789473684210526	1
2736429	0.666666666666667	0.693877551020408	0.84375	0.473684210526316	0.761904761904762
2561041	0.473684210526316	0.270833333333333	0.5	0.2	0.434782608695652
5623559_1	0.777777777777778	0.75	0.8125	0.4375	0.916666666666667
5623559_2	0.777777777777778	0.75	0.8125	0.4375	0.916666666666667
5861044	1	0.743589743589744	0.65	0.833333333333333	0.555555555555556
4479605	0.4	0.28125	0.388888888888889	0.4	0.166666666666667
6289091	0.363636363636364	0.441176470588235	0.647058823529412	0.571428571428571	0.642857142857143
5624235	0.7	0.340909090909091	0.5	0.277777777777778	0.5
4241578	0.933333333333333	0.764705882352941	0.714285714285714	0.578947368421053	0.421052631578947
3634589	0.75	0.568181818181818	0.708333333333333	0.80952380952381	0.772727272727273
6286892	0.230769230769231	0.326530612244898	0.208333333333333	0.4375	0.25
5330963	0.7	0.808510638297872	0.857142857142857	0.916666666666667	0.947368421052632
3627970	0.909090909090909	0.775510204081633	0.580645161290323	0.842105263157895	0.714285714285714
4706576	0.266666666666667	0.142857142857143	0	0.166666666666667	0.0333333333333333
3292492_1	0.6	0.822222222222222	0.565217391304348	0.636363636363636	0.545454545454545
3292492_2	0.6	0.822222222222222	0.565217391304348	0.636363636363636	0.545454545454545
2820695	0.111111111111111	0.358974358974359	0.3125	0.380952380952381	0.333333333333333
6396291	0.125	0.166666666666667	0.466666666666667	0.25	0.0833333333333333
3948527	0.933333333333333	0.764705882352941	0.888888888888889	0.958333333333333	0.705882352941177
6042427_1	0.1875	0.194444444444444	0.4	0.142857142857143	0.0909090909090909
6042427_2	0.1875	0.194444444444444	0.4	0.142857142857143	0.0909090909090909
5555966_1	0.636363636363636	0.522727272727273	0.423076923076923	0.4375	0.478260869565217
5555966_2	0.636363636363636	0.522727272727273	0.423076923076923	0.4375	0.478260869565217
2969318	0.272727272727273	0.7	0.590909090909091	0.8	0.714285714285714
5558425	0.4375	0.71875	0.620689655172414	0.833333333333333	0.473684210526316
3732575	0.230769230769231	0.228571428571429	0.1	0.166666666666667	0.0769230769230769
6452138_1	0.538461538461538	0.59375	0.454545454545455	0.416666666666667	0.434782608695652
6452138_2	0.538461538461538	0.59375	0.454545454545455	0.416666666666667	0.434782608695652
562892	0.666666666666667	0.717391304347826	0.666666666666667	0.777777777777778	0.793103448275862
2823417	0.0909090909090909	0.483870967741935	0.24	0.384615384615385	0.2
2513648	0.294117647058824	0.6	0.5	0.166666666666667	0.545454545454545
2470904	0.307692307692308	0.566666666666667	0.523809523809524	0.454545454545455	0.368421052631579
2617388	0.444444444444444	0.483870967741935	0.708333333333333	0.818181818181818	0.526315789473684
7057491	0.4	0.325	0.409090909090909	0.625	0.352941176470588
4204907	0.882352941176471	0.69047619047619	0.636363636363636	0.615384615384615	0.464285714285714
4912412	0.2	0.473684210526316	0.6875	0.4	0.368421052631579
4884995	0.461538461538462	0.822222222222222	0.818181818181818	0.529411764705882	0.555555555555556
3737950	1	0.666666666666667	0.8	0.923076923076923	0.78125
2563930	0.444444444444444	0.5	0.653846153846154	0.363636363636364	0.5
2367656	0.818181818181818	0.594594594594595	0.583333333333333	0.428571428571429	0.846153846153846
3474177	0.466666666666667	0.794871794871795	0.724137931034483	0.705882352941177	0.791666666666667
5006436	0.235294117647059	0.446808510638298	0.7	0.466666666666667	0.619047619047619
3733143	0.0769230769230769	0.0606060606060606	0.0454545454545455	0	0.296296296296296
2147849	0.4	0.466666666666667	0.2	0.230769230769231	0.454545454545455
3992780	0.75	0.605263157894737	0.4	0.6	0.611111111111111
2101982	0.882352941176471	0.540540540540541	0.782608695652174	1	0.619047619047619
5159161	0.416666666666667	0.342105263157895	0.357142857142857	0.272727272727273	0.296296296296296
2881028_1	0.333333333333333	0.5	0.323529411764706	0.3125	0.166666666666667
2881028_2	0.333333333333333	0.5	0.323529411764706	0.3125	0.166666666666667
1015519	0.388888888888889	0.378378378378378	0.366666666666667	0.384615384615385	0.0769230769230769
4100919	0.666666666666667	0.22	0.357142857142857	0.285714285714286	0.428571428571429
4543959	0.75	0.548387096774194	0.481481481481481	0.4	0.666666666666667
2098031	0.538461538461538	0.666666666666667	0.652173913043478	0.578947368421053	1
6528474	0.5	0.595238095238095	0.76	0.391304347826087	0.580645161290323
4608292	0.923076923076923	0.676470588235294	0.5625	0.454545454545455	0.692307692307692
1022785	1	0.769230769230769	0.962962962962963	0.923076923076923	1
6793704	0.666666666666667	0.416666666666667	0.695652173913043	0.642857142857143	0.380952380952381
4919085	0.4	0.270833333333333	0.193548387096774	0.2	0.192307692307692
4701699	0.375	0.76	0.633333333333333	0.5625	0.6
3544203	0.473684210526316	0.380952380952381	0.35	0.166666666666667	0.434782608695652
2032162	0.555555555555556	0.585365853658537	0.5	0.666666666666667	0.478260869565217
4725042	0.666666666666667	0.457142857142857	0.1875	0.466666666666667	0.4375
6116120	0.9	0.883720930232558	0.75	0.823529411764706	0.90625
2464064	0.933333333333333	0.697674418604651	0.8125	0.7	0.827586206896552
116964	0.6	0.5	0.444444444444444	0.333333333333333	0.75
5707457	0.818181818181818	0.621621621621622	0.466666666666667	0.5	0.6
2344243	0.636363636363636	0.916666666666667	0.869565217391304	1	0.96875
3864707	0.428571428571429	0.421052631578947	0.65	0.6	0.761904761904762
4544227	0.6875	0.8	0.882352941176471	0.909090909090909	0.818181818181818
4802712	0.181818181818182	0.58974358974359	0.666666666666667	0.333333333333333	0.5
822404	0	0.307692307692308	0.242424242424242	0.105263157894737	0.0689655172413793
6819536	0.789473684210526	0.481481481481481	0.730769230769231	0.666666666666667	0.464285714285714
3719160	0.285714285714286	0.441176470588235	0.172413793103448	0.166666666666667	0.125
2796008	0.388888888888889	0.325	0.411764705882353	0	0.583333333333333
5666180	0.714285714285714	0.769230769230769	0.75	0.833333333333333	1
6672275	0.6	0.379310344827586	0.625	0.6875	0.818181818181818
6442763	0.0588235294117647	0.361702127659574	0.257142857142857	0.3125	0.0416666666666667
3937309_1	0.8	0.564102564102564	0.823529411764706	0.692307692307692	0.571428571428571
3937309_2	0.8	0.564102564102564	0.823529411764706	0.692307692307692	0.571428571428571
4422783	0.4	0.452380952380952	0.24	0.454545454545455	0.625
739844	0.5	0.869565217391304	0.565217391304348	0.6	0.793103448275862
6913333	0.727272727272727	0.5625	0.476190476190476	0.588235294117647	0.8
4204541_1	0.714285714285714	0.714285714285714	0.866666666666667	0.818181818181818	1
4204541_2	0.714285714285714	0.714285714285714	0.866666666666667	0.818181818181818	1
4204541_3	0.714285714285714	0.714285714285714	0.866666666666667	0.818181818181818	1
5647019	0.533333333333333	0.42	0.36	0.578947368421053	0.464285714285714
6623946	0.7	0.894736842105263	0.774193548387097	0.80952380952381	0.869565217391304
6289398	0.307692307692308	0.1875	0.222222222222222	0.266666666666667	0.529411764705882
6242001	0.461538461538462	0.268292682926829	0.411764705882353	0.333333333333333	0.272727272727273
4390411_1	0	0.128205128205128	0.310344827586207	0.153846153846154	0.310344827586207
4390411_2	0	0.128205128205128	0.310344827586207	0.153846153846154	0.310344827586207
5915907	0.692307692307692	0.675	0.75	0.75	0.833333333333333
5256974	0.454545454545455	0.571428571428571	0.888888888888889	0.764705882352941	0.72
2475011	0.153846153846154	0.5	0.478260869565217	0.789473684210526	0.5
3837798	0.214285714285714	0.65625	0.5	0.5	0.642857142857143
4283765	0.25	0.1875	0.318181818181818	0	0.12
1164431	0	0.0980392156862745	0.217391304347826	0.352941176470588	0
5250841	0.8	0.472222222222222	0.666666666666667	0.428571428571429	0.466666666666667
6927674	0.0909090909090909	0.333333333333333	0.4	0	0.318181818181818
2849656	0.352941176470588	0.617021276595745	0.652173913043478	0.588235294117647	0.538461538461538
2180050	0.578947368421053	0.607843137254902	0.241379310344828	0.35	0.444444444444444
2007005	0.909090909090909	0.795918367346939	0.62962962962963	0.642857142857143	0.666666666666667
3770914_1	0	0.0740740740740741	0.0384615384615385	0.2	0.258064516129032
3770914_2	0	0.0740740740740741	0.0384615384615385	0.2	0.258064516129032
6253457	0.615384615384615	0.622641509433962	0.952380952380952	0.823529411764706	0.782608695652174
2184173	0.4375	0.16	0.285714285714286	0.277777777777778	0.384615384615385
4956078	0.333333333333333	0.456521739130435	0.461538461538462	0.363636363636364	0.0555555555555556
3679728	0	0.2	0.037037037037037	0.315789473684211	0.347826086956522
454997	0.6	0.611111111111111	0.470588235294118	0.923076923076923	0.730769230769231
350591	0.777777777777778	0.80952380952381	0.933333333333333	1	0.761904761904762
2637569	0.133333333333333	0.390243902439024	0.235294117647059	0.352941176470588	0.428571428571429
3296825	0.722222222222222	0.833333333333333	0.78125	1	0.714285714285714
7002040	1	0.770833333333333	0.916666666666667	0.909090909090909	0.846153846153846
6676578	0.454545454545455	0.358974358974359	0.652173913043478	0.684210526315789	0.368421052631579
1080326	0.866666666666667	0.8	1	0.941176470588235	1
7011343	0.692307692307692	0.675675675675676	0.611111111111111	0.842105263157895	0.777777777777778
332661	0.615384615384615	0.576923076923077	0.482758620689655	0.894736842105263	0.636363636363636
3466324	0.125	0.382978723404255	0.590909090909091	0.434782608695652	0.294117647058824
6894760	0.777777777777778	0.666666666666667	0.777777777777778	0.647058823529412	0.7
1262836	0.916666666666667	0.674418604651163	0.857142857142857	0.882352941176471	0.6
5284217	0.3	0.323529411764706	0.368421052631579	0.166666666666667	0.5
2298294	0.428571428571429	0.272727272727273	0.35	0.133333333333333	0.0625
5286182_1	0.3	0.291666666666667	0.32258064516129	0.1	0.181818181818182
5286182_2	0.3	0.291666666666667	0.32258064516129	0.1	0.181818181818182
1488725	0.105263157894737	0.147058823529412	0.25	0	0.181818181818182
1723997	0.214285714285714	0.272727272727273	0.214285714285714	0.277777777777778	0.375
5871336	0.294117647058824	0.305555555555556	0.419354838709677	0.2	0.0909090909090909
6304269	0.875	0.74468085106383	0.942857142857143	0.714285714285714	0.6875
2273605	0.5	0.535714285714286	0.761904761904762	0.846153846153846	0.684210526315789
6003878	0.529411764705882	0.352941176470588	0.285714285714286	0.5	0.277777777777778
2811016	0.818181818181818	0.8125	0.538461538461538	0.733333333333333	0.769230769230769
2247495	0.777777777777778	0.617647058823529	0.65	0.642857142857143	0.772727272727273
4165129	0.666666666666667	0.382352941176471	0.296296296296296	0.230769230769231	0.346153846153846
6669982	0.444444444444444	0.68	0.703703703703704	0.764705882352941	0.444444444444444
2963736	0.666666666666667	0.705882352941177	0.6	0.384615384615385	0.714285714285714
4554673	0.272727272727273	0.216216216216216	0.45	0.25	0.125
4544557	0.555555555555556	0.628571428571429	0.526315789473684	0.578947368421053	0.565217391304348
506816	0.777777777777778	0.516129032258065	0.428571428571429	0.473684210526316	0.545454545454545
2594828	0	0.26530612244898	0.185185185185185	0.235294117647059	0
6674342	0.230769230769231	0.318181818181818	0.375	0.357142857142857	0.181818181818182
4132317	0.0833333333333333	0.217391304347826	0.16	0.238095238095238	0.304347826086957
718273	0.0833333333333333	0.483870967741935	0.409090909090909	0.533333333333333	0.3
1343889	0.375	0.395348837209302	0.185185185185185	0	0.272727272727273
2305936_1	0.55	0.769230769230769	0.870967741935484	1	0.6
2305936_2	0.55	0.769230769230769	0.870967741935484	1	0.6
382466	0.230769230769231	0.375	0.363636363636364	0.272727272727273	0.176470588235294
5558372	0.384615384615385	0.621621621621622	0.722222222222222	0.588235294117647	0.379310344827586
2168184	0.8125	0.823529411764706	0.642857142857143	0.583333333333333	0.791666666666667
6483651	0.5	0.418604651162791	0.666666666666667	0.785714285714286	0.666666666666667
5694649	0.588235294117647	0.69047619047619	0.428571428571429	0.411764705882353	0.3
3902337	0.5	0.388888888888889	0.296296296296296	0.133333333333333	0.269230769230769
3149319	0.307692307692308	0.567567567567568	0.48	0.75	0.608695652173913
1817112	0.5625	0.531914893617021	0.739130434782609	0.714285714285714	0.368421052631579
3514973	0.0833333333333333	0	0.212121212121212	0.0555555555555556	0.05
3753730	0.272727272727273	0.176470588235294	0.0952380952380952	0.142857142857143	0.0384615384615385
2232966_1	0.416666666666667	0.257142857142857	0.35	0.166666666666667	0.208333333333333
2232966_2	0.416666666666667	0.257142857142857	0.35	0.166666666666667	0.208333333333333
1347351	0.733333333333333	0.447368421052632	0.612903225806452	0.428571428571429	0.363636363636364
2333940	0.222222222222222	0.352941176470588	0.230769230769231	0.294117647058824	0.2
72205	0	0.114285714285714	0	0.25	0.125
2270584	0.75	0.607142857142857	0.833333333333333	0.818181818181818	0.8
6712848	0.769230769230769	0.775510204081633	0.782608695652174	0.857142857142857	0.684210526315789
4661564	0.615384615384615	0.688888888888889	0.807692307692308	0.722222222222222	0.933333333333333
1755456	0.142857142857143	0.256410256410256	0.0689655172413793	0.181818181818182	0.0689655172413793
6584952	0.421052631578947	0.64	0.548387096774194	0.571428571428571	0.785714285714286
4250814	0.214285714285714	0.254901960784314	0.44	0.0714285714285714	0.517241379310345
2625923	0.111111111111111	0.257142857142857	0.0526315789473684	0	0.285714285714286
207516	0.357142857142857	0.0769230769230769	0.233333333333333	0.1	0.392857142857143
5555826	0.4375	0.636363636363636	0.6	0.333333333333333	0.703703703703704
2320395	0.333333333333333	0.511111111111111	0.578947368421053	0.523809523809524	0.333333333333333
2366491	0.785714285714286	0.666666666666667	0.606060606060606	0.923076923076923	0.741935483870968
613760	1	0.714285714285714	0.894736842105263	0.842105263157895	0.962962962962963
4081166_1	0.785714285714286	0.53125	0.625	0.590909090909091	0.777777777777778
4081166_2	0.785714285714286	0.53125	0.625	0.590909090909091	0.777777777777778
1940576	0.8	0.8	0.833333333333333	0.666666666666667	0.894736842105263
4401054	0.642857142857143	0.36	0.3	0.210526315789474	0.380952380952381
785385	0.166666666666667	0.285714285714286	0.214285714285714	0.153846153846154	0.105263157894737
1691788	0.666666666666667	0.454545454545455	0.588235294117647	0.714285714285714	0.4
6179453	0.466666666666667	0.583333333333333	0.538461538461538	0.470588235294118	0.482758620689655
6926524	0.6	0.78125	0.722222222222222	0.6	0.481481481481481
3340509	0.538461538461538	0.277777777777778	0.588235294117647	0.388888888888889	0.625
1722867	0.529411764705882	0.64	0.653846153846154	0.45	0.818181818181818
3705706	0	0.276595744680851	0.25	0.285714285714286	0.1
6802501	0.764705882352941	0.531914893617021	0.761904761904762	0.333333333333333	0.75
4926927	0.583333333333333	0.783783783783784	0.571428571428571	0.571428571428571	0.555555555555556
4460142	0.166666666666667	0.351351351351351	0.5	0.454545454545455	0.466666666666667
3964782	0.384615384615385	0.428571428571429	0.5	0.285714285714286	0.272727272727273
5223314	0.636363636363636	0.454545454545455	0.428571428571429	0.4	0.384615384615385
3284723	0.8	0.825	0.884615384615385	1	0.866666666666667
5636589	0.375	0.490196078431373	0.444444444444444	0.772727272727273	0.48
5036792	1	0.901960784313726	0.758620689655172	0.772727272727273	0.619047619047619
3174607	0.214285714285714	0.333333333333333	0.285714285714286	0.363636363636364	0.193548387096774
1783939	0.5625	0.638888888888889	0.523809523809524	0.666666666666667	0.321428571428571
974324	0.272727272727273	0.171428571428571	0.32	0.3	0.368421052631579
6058497	0.117647058823529	0.255813953488372	0.269230769230769	0.476190476190476	0.210526315789474
5278057	0.428571428571429	0.4375	0.375	0.578947368421053	0.56
6601032	0.7	0.75	0.846153846153846	0.555555555555556	0.777777777777778
1948467	0.833333333333333	0.727272727272727	0.827586206896552	0.894736842105263	0.65
2473025	0.666666666666667	0.680851063829787	0.9	0.95	0.76
1714071	0.3125	0.421052631578947	0.457142857142857	0.333333333333333	0.173913043478261
1919941	0.5625	0.457142857142857	0.333333333333333	0.411764705882353	0.580645161290323
3349833	1	0.620689655172414	0.764705882352941	0.7	0.6
3478523	0.0625	0.2	0.294117647058824	0.1	0.307692307692308
3314252	0.4	0.542857142857143	0.366666666666667	0.133333333333333	0.45
6267004	0.333333333333333	0.404255319148936	0.44	0.368421052631579	0.285714285714286
6894080_1	0.714285714285714	0.625	0.578947368421053	0.833333333333333	0.866666666666667
6894080_2	0.714285714285714	0.625	0.578947368421053	0.833333333333333	0.866666666666667
4037262	0.5	0.333333333333333	0.2	0.25	0.28
6148724_1	0	0.170212765957447	0.0769230769230769	0.266666666666667	0
6148724_2	0	0.170212765957447	0.0769230769230769	0.266666666666667	0
3848098	0.25	0.487179487179487	0.583333333333333	0.538461538461538	0.3125
5877095	0.8125	0.73469387755102	0.666666666666667	0.6875	0.75
4204896	1	0.818181818181818	0.91304347826087	0.631578947368421	0.857142857142857
6044868	0.666666666666667	0.647058823529412	0.75	0.833333333333333	0.736842105263158
5383158	0.5	0.615384615384615	0.413793103448276	0.466666666666667	0.333333333333333
4342562	0.6	0.581395348837209	0.76	0.8	0.84375
2189935	0.692307692307692	0.416666666666667	0.5	0.35	0.56
3054365	0.818181818181818	0.709677419354839	0.652173913043478	0.7	0.933333333333333
3973666	0.375	0.166666666666667	0.347826086956522	0.0666666666666667	0.411764705882353
696060_1	0	0.282051282051282	0.125	0.0909090909090909	0.111111111111111
696060_2	0	0.282051282051282	0.125	0.0909090909090909	0.111111111111111
5104431	0.0833333333333333	0.157894736842105	0.115384615384615	0.0555555555555556	0.266666666666667
4097739	0.388888888888889	0.523809523809524	0.357142857142857	0.625	0.541666666666667
6029552	0.428571428571429	0.549019607843137	0.307692307692308	0.647058823529412	0.551724137931034
4396701_1	0.214285714285714	0.204081632653061	0.107142857142857	0.176470588235294	0.323529411764706
4396701_2	0.214285714285714	0.204081632653061	0.107142857142857	0.176470588235294	0.323529411764706
1739414	0.846153846153846	0.5	0.344827586206897	0.45	0.5
1558615	0.642857142857143	0.462962962962963	0.516129032258065	0.5	0.64
5303232	0.4	0.333333333333333	0.428571428571429	0.227272727272727	0.12
2713258	1	0.775510204081633	0.84	1	1
6659253	0	0.145833333333333	0.05	0.0666666666666667	0.333333333333333
2217587	0.538461538461538	0.720930232558139	0.851851851851852	0.894736842105263	0.793103448275862
217069	0.3	0.40625	0.32	0.133333333333333	0.352941176470588
5224438	0.5625	0.583333333333333	0.565217391304348	0.45	0.611111111111111
4042388	0.5	0.431818181818182	0.3125	0.5	0.454545454545455
3942123	0.4375	0.232558139534884	0.277777777777778	0.25	0.5
6753708	0.181818181818182	0.313725490196078	0.1	0.157894736842105	0
5531381	0.111111111111111	0.409090909090909	0.25	0.3	0.259259259259259
1332824_1	0.9	0.684210526315789	0.9	0.764705882352941	0.882352941176471
1332824_2	0.9	0.684210526315789	0.9	0.764705882352941	0.882352941176471
58893	0.916666666666667	0.739130434782609	0.67741935483871	0.764705882352941	0.909090909090909
1286554	0.166666666666667	0.127659574468085	0.133333333333333	0.285714285714286	0.391304347826087
4484549_1	0.866666666666667	0.767441860465116	0.91304347826087	0.823529411764706	0.882352941176471
4484549_2	0.866666666666667	0.767441860465116	0.91304347826087	0.823529411764706	0.882352941176471
4192221	0.611111111111111	0.595744680851064	0.785714285714286	0.75	0.75
1754636	0.769230769230769	0.722222222222222	0.5	0.411764705882353	0.545454545454545
1800729	0.176470588235294	0.434782608695652	0.321428571428571	0.470588235294118	0.387096774193548
6036259	0.363636363636364	0.450980392156863	0.419354838709677	0.529411764705882	0.241379310344828
2901996	0.818181818181818	0.769230769230769	0.7	0.733333333333333	0.666666666666667
3679279	0.692307692307692	0.704545454545455	0.772727272727273	0.80952380952381	0.769230769230769
6549301	0.5	0.416666666666667	0.344827586206897	0.5	0.548387096774194
6303464	0.230769230769231	0.348837209302326	0.333333333333333	0.357142857142857	0.470588235294118
4893003	0.714285714285714	0.617021276595745	0.575757575757576	0.666666666666667	0.678571428571429
5295485	0.818181818181818	0.725	0.733333333333333	0.9375	0.689655172413793
5891121	0.727272727272727	0.466666666666667	0.607142857142857	0.538461538461538	0.68
3798397	0	0.375	0.5	0.470588235294118	0.434782608695652
2889604	0.357142857142857	0.266666666666667	0.185185185185185	0.15	0.294117647058824
228600	0.181818181818182	0.0731707317073171	0.166666666666667	0.0555555555555556	0.303030303030303
3137058	0.7	0.882352941176471	0.678571428571429	0.5	0.821428571428571
4619926_1	0.818181818181818	0.619047619047619	0.5	0.545454545454545	0.681818181818182
4619926_2	0.818181818181818	0.619047619047619	0.5	0.545454545454545	0.681818181818182
4619926_3	0.818181818181818	0.619047619047619	0.5	0.545454545454545	0.681818181818182
2830880	0.842105263157895	0.771428571428571	0.96	0.954545454545455	1
5404880	0	0.205128205128205	0.0303030303030303	0.125	0.12
3899207	0.285714285714286	0.456521739130435	0.545454545454545	0.35	0.277777777777778
3603451	0.111111111111111	0.347826086956522	0.272727272727273	0.2	0.0625
170191	0.5	0.75	0.730769230769231	0.727272727272727	0.733333333333333
6543892	0.222222222222222	0.4	0.5	0.571428571428571	0.392857142857143
5427823	0	0.258064516129032	0.166666666666667	0.25	0.0769230769230769
2138653	0.764705882352941	0.795918367346939	0.685714285714286	0.705882352941177	0.870967741935484
502354	0.722222222222222	0.760869565217391	0.619047619047619	0.6	0.458333333333333
2354261_1	0.25	0.238095238095238	0.457142857142857	0.352941176470588	0.227272727272727
2354261_2	0.25	0.238095238095238	0.457142857142857	0.352941176470588	0.227272727272727
6768680	0.5625	0.617021276595745	0.576923076923077	0.533333333333333	0.4
435291	0.1	0.2	0.0952380952380952	0	0
6085116	0.916666666666667	0.571428571428571	0.575757575757576	0.523809523809524	0.576923076923077
6141712	0.583333333333333	0.5	0.625	0.315789473684211	0.4375
2677591	0.105263157894737	0.256410256410256	0.142857142857143	0.391304347826087	0.111111111111111
6798411	0.473684210526316	0.571428571428571	0.625	0.571428571428571	0.32
4545482	0.153846153846154	0.481481481481481	0.379310344827586	0.473684210526316	0.294117647058824
1930784	0.666666666666667	0.854166666666667	0.866666666666667	0.846153846153846	0.875
4524461	0.4	0.529411764705882	0.655172413793103	0.642857142857143	0.5
844587	0.666666666666667	0.65	0.64	0.761904761904762	0.583333333333333
1879141	0	0.0888888888888889	0	0	0.181818181818182
3413589	0.181818181818182	0.292682926829268	0.208333333333333	0.0833333333333333	0.222222222222222
1036871	0.6	0.673913043478261	0.625	0.5	0.647058823529412
7072263	0.285714285714286	0.151515151515152	0.391304347826087	0.294117647058824	0.181818181818182
5991624	0.625	0.538461538461538	0.533333333333333	0.818181818181818	0.476190476190476
417523	0.909090909090909	0.804878048780488	0.740740740740741	0.705882352941177	0.652173913043478
4568819_1	0.1	0.351351351351351	0.391304347826087	0.181818181818182	0.266666666666667
4568819_2	0.1	0.351351351351351	0.391304347826087	0.181818181818182	0.266666666666667
2253417	0.5	0.446808510638298	0.545454545454545	0.521739130434783	0.642857142857143
5145083_1	0.583333333333333	0.454545454545455	0.515151515151515	0.684210526315789	0.736842105263158
5145083_2	0.583333333333333	0.454545454545455	0.515151515151515	0.684210526315789	0.736842105263158
5119644	0.3125	0.375	0.592592592592593	0.55	0.333333333333333
854519	0.444444444444444	0.571428571428571	0.5	0.684210526315789	0.411764705882353
1311625	1	0.75609756097561	0.896551724137931	1	0.863636363636364
6872446	0.8	0.829787234042553	1	0.9	1
2452237	0.1	0.0425531914893617	0.185185185185185	0.117647058823529	0.208333333333333
612829	0.5	0.418604651162791	0.53125	0.526315789473684	0.15
3087132	0.636363636363636	0.6875	0.714285714285714	0.636363636363636	0.625
518175	1	0.729166666666667	0.695652173913043	0.875	0.684210526315789
5841864	0.272727272727273	0.378378378378378	0.466666666666667	0.571428571428571	0.242424242424242
907614	0.8	0.675	0.6	0.571428571428571	0.555555555555556
2276355	0.636363636363636	0.666666666666667	0.75	0.714285714285714	0.851851851851852
1153954	1	0.815789473684211	0.894736842105263	1	1
6454511	0.5	0.419354838709677	0.368421052631579	0.4375	0.318181818181818
6979783	1	0.857142857142857	0.833333333333333	0.833333333333333	0.8
5307638	0.307692307692308	0.538461538461538	0.388888888888889	0.454545454545455	0.4
7126827	0.9	0.638888888888889	0.722222222222222	1	0.761904761904762
2019810	0.333333333333333	0.448275862068966	0.454545454545455	0.421052631578947	0.461538461538462
5255962	0.411764705882353	0.666666666666667	0.571428571428571	0.666666666666667	0.523809523809524
6714205	0.230769230769231	0.4375	0.529411764705882	0.571428571428571	0.565217391304348
6671090	0.4	0.215686274509804	0.448275862068966	0.294117647058824	0.227272727272727
4009877	0.555555555555556	0.441176470588235	0.666666666666667	0.5	0.708333333333333
2771857_1	0	0.173913043478261	0.129032258064516	0	0
2771857_2	0	0.173913043478261	0.129032258064516	0	0
1961043	0.833333333333333	0.684210526315789	0.736842105263158	0.666666666666667	0.958333333333333
1031329	0.529411764705882	0.536585365853659	0.516129032258065	0.454545454545455	0.5
6683493	0.692307692307692	0.458333333333333	0.371428571428571	0.333333333333333	0.535714285714286
3747172	1	0.647058823529412	0.888888888888889	0.727272727272727	0.740740740740741
4164282	0.142857142857143	0.2	0.193548387096774	0.411764705882353	0.2
4861659	0.5	0.380952380952381	0.580645161290323	0.571428571428571	0.315789473684211
4181748	0.666666666666667	0.625	0.586206896551724	0.6	0.724137931034483
1491438	0.5	0.485714285714286	0.333333333333333	0.3125	0.476190476190476
6698070	0.823529411764706	0.772727272727273	0.909090909090909	0.933333333333333	0.928571428571429
3613151	0	0.2	0.25	0.0909090909090909	0.241379310344828
1702101_1	0.9375	0.695652173913043	0.827586206896552	0.823529411764706	0.88
1702101_2	0.9375	0.695652173913043	0.827586206896552	0.823529411764706	0.88
3329444	0.785714285714286	0.67741935483871	0.821428571428571	0.833333333333333	0.785714285714286
6469200	0.307692307692308	0.26530612244898	0.208333333333333	0.181818181818182	0.208333333333333
6874029	0.944444444444444	0.767441860465116	0.612903225806452	0.666666666666667	0.7
2724720	0.222222222222222	0.162162162162162	0.307692307692308	0.0625	0.1
1773488	0.416666666666667	0.222222222222222	0.15625	0.333333333333333	0.277777777777778
3088064	0.142857142857143	0.238095238095238	0.294117647058824	0.3125	0.304347826086957
6584522_1	0.777777777777778	0.73469387755102	0.681818181818182	0.666666666666667	0.8
6584522_2	0.777777777777778	0.73469387755102	0.681818181818182	0.666666666666667	0.8
5193158	0.846153846153846	0.82051282051282	0.892857142857143	0.714285714285714	0.866666666666667
3944729	0.5	0.444444444444444	0.461538461538462	0.470588235294118	0.535714285714286
2655199	0.272727272727273	0.527777777777778	0.391304347826087	0.416666666666667	0.483870967741935
3562592_1	0.714285714285714	0.5	0.588235294117647	0.5	0.666666666666667
3562592_2	0.714285714285714	0.5	0.588235294117647	0.5	0.666666666666667
5364578	0.470588235294118	0.317073170731707	0.32	0.0714285714285714	0.178571428571429
3972091	0.555555555555556	0.75609756097561	0.645161290322581	0.714285714285714	0.708333333333333
3406207	0.0909090909090909	0.263157894736842	0.266666666666667	0.454545454545455	0.233333333333333
4947699	0.263157894736842	0.478260869565217	0.458333333333333	0.7	0.6
5870556	0.529411764705882	0.627906976744186	0.652173913043478	0.714285714285714	0.739130434782609
6881179	0.636363636363636	0.525	0.407407407407407	0.333333333333333	0.6
6818377	0.666666666666667	0.774193548387097	0.6	0.642857142857143	0.6
2844896	0.727272727272727	0.658536585365854	0.757575757575758	0.727272727272727	0.833333333333333
6304147	0.588235294117647	0.673469387755102	0.65625	0.619047619047619	0.592592592592593
2628160	0.692307692307692	0.604166666666667	0.419354838709677	0.647058823529412	0.655172413793103
4866940	0.470588235294118	0.264705882352941	0.333333333333333	0.285714285714286	0.428571428571429
5915785	0.357142857142857	0.24390243902439	0.484848484848485	0.384615384615385	0.478260869565217
6003550	0.222222222222222	0.435897435897436	0.444444444444444	0.2	0.555555555555556
4666677	0.777777777777778	0.770833333333333	0.761904761904762	0.9	0.7
1848629	1	0.794871794871795	0.928571428571429	0.842105263157895	0.75
1411490	0.75	0.75	0.909090909090909	0.789473684210526	0.916666666666667
4067138	0.444444444444444	0.303030303030303	0.24	0.25	0.3
5009900	0.363636363636364	0.166666666666667	0.12	0.25	0.28
1515167_1	0.444444444444444	0.35	0.583333333333333	0.307692307692308	0.291666666666667
1515167_2	0.444444444444444	0.35	0.583333333333333	0.307692307692308	0.291666666666667
6929198	0.666666666666667	0.716981132075472	0.545454545454545	0.611111111111111	0.5
4597187	0.7	0.580645161290323	0.518518518518518	0.681818181818182	0.708333333333333
5874990	0.555555555555556	0.457142857142857	0.62962962962963	0.470588235294118	0.3
2232369	0.578947368421053	0.7	0.636363636363636	0.470588235294118	0.724137931034483
6419109	0.555555555555556	0.638297872340426	0.764705882352941	0.631578947368421	0.75
3558762	0.285714285714286	0.375	0.318181818181818	0.4	0.352941176470588
1030710	0.333333333333333	0.369565217391304	0.384615384615385	0.347826086956522	0.2
5849590	0.642857142857143	0.735294117647059	0.6	0.458333333333333	0.764705882352941
3976606	0.916666666666667	0.783783783783784	0.827586206896552	0.666666666666667	0.678571428571429
5106664	0.777777777777778	0.604166666666667	0.769230769230769	0.761904761904762	0.708333333333333
6061772_1	0.777777777777778	0.653846153846154	0.36	0.555555555555556	0.575757575757576
6061772_2	0.777777777777778	0.653846153846154	0.36	0.555555555555556	0.575757575757576
853483	0.8	0.475	0.481481481481481	0.583333333333333	0.555555555555556
385728_1	0	0.285714285714286	0.269230769230769	0.176470588235294	0.166666666666667
385728_2	0	0.285714285714286	0.269230769230769	0.176470588235294	0.166666666666667
4634337	0.615384615384615	0.552631578947368	0.451612903225806	0.454545454545455	0.708333333333333
916859	1	0.84375	0.961538461538462	0.8125	0.964285714285714
2821465	0.611111111111111	0.444444444444444	0.482758620689655	0.571428571428571	0.523809523809524
7126727	0.5625	0.548387096774194	0.590909090909091	0.888888888888889	0.615384615384615
1520268	0.142857142857143	0.377358490566038	0.214285714285714	0.384615384615385	0.407407407407407
5790709	0.833333333333333	0.673913043478261	0.724137931034483	0.857142857142857	0.588235294117647
4877464	0.5	0.486486486486487	0.419354838709677	0.541666666666667	0.521739130434783
871530	0.7	0.477272727272727	0.575757575757576	0.523809523809524	0.588235294117647
506197	0.75	0.75	0.666666666666667	0.764705882352941	0.884615384615385
6515192	0.352941176470588	0.446808510638298	0.444444444444444	0.45	0.5625
6304692	0.666666666666667	0.6875	0.645161290322581	0.8125	0.666666666666667
6501796	0.411764705882353	0.27906976744186	0.173913043478261	0.166666666666667	0.151515151515152
759811	0.384615384615385	0.348837209302326	0.4375	0.333333333333333	0.558823529411765
2540488	0.947368421052632	0.692307692307692	0.678571428571429	0.857142857142857	0.666666666666667
5102154	0.8	0.657894736842105	0.709677419354839	0.777777777777778	0.714285714285714
4205243	0.6	0.714285714285714	0.730769230769231	0.888888888888889	0.64
53454	0.454545454545455	0.658536585365854	0.739130434782609	0.8	0.689655172413793
807105	0.727272727272727	0.516129032258065	0.714285714285714	0.578947368421053	0.666666666666667
1800821	0.153846153846154	0.1	0.0967741935483871	0.0909090909090909	0.310344827586207
5238765	0.444444444444444	0.4375	0.382352941176471	0.428571428571429	0.428571428571429
4997637	0.944444444444444	0.704545454545455	0.777777777777778	0.8	0.857142857142857
1511876	0.470588235294118	0.325	0.296296296296296	0.315789473684211	0.354838709677419
1962347	1	0.87037037037037	0.818181818181818	1	0.96551724137931
3991286	0.1	0.333333333333333	0.478260869565217	0.375	0.34375
6922477	0.8125	0.777777777777778	0.84	0.933333333333333	0.958333333333333
4836605	0.333333333333333	0.702127659574468	0.666666666666667	0.733333333333333	0.615384615384615
4568715	0.411764705882353	0.5	0.424242424242424	0.461538461538462	0.454545454545455
6927528	0.263157894736842	0.384615384615385	0.266666666666667	0.266666666666667	0.3
4799540	0.571428571428571	0.652173913043478	0.787878787878788	0.636363636363636	0.652173913043478
3356219_1	0.8	0.609756097560976	0.705882352941177	0.75	0.619047619047619
3356219_2	0.8	0.609756097560976	0.705882352941177	0.75	0.619047619047619
2184977	0.625	0.461538461538462	0.612903225806452	0.5	0.428571428571429
1135290	0.444444444444444	0.44	0.379310344827586	0.578947368421053	0.434782608695652
6651005	0.545454545454545	0.577777777777778	0.409090909090909	0.333333333333333	0.5
3320795	0.666666666666667	0.551724137931034	0.416666666666667	0.6	0.571428571428571
3447473	0.933333333333333	0.789473684210526	0.740740740740741	0.894736842105263	0.826086956521739
2693156	0.25	0.477272727272727	0.433333333333333	0.363636363636364	0.529411764705882
4707116	0.333333333333333	0.375	0.344827586206897	0.434782608695652	0.357142857142857
6449162	0.777777777777778	0.611111111111111	0.727272727272727	0.75	0.576923076923077
3080348	0.636363636363636	0.585365853658537	0.590909090909091	0.444444444444444	0.428571428571429
3464587	0.375	0.485714285714286	0.36	0.411764705882353	0.482758620689655
3307079	0.928571428571429	0.757575757575758	0.76	0.75	0.714285714285714
2158845	0.1	0.232558139534884	0.346153846153846	0.157894736842105	0.166666666666667
4781177	0.8125	0.844444444444444	0.774193548387097	0.733333333333333	0.620689655172414
1675098	0.416666666666667	0.35	0.310344827586207	0.4	0.379310344827586
6158330	0.384615384615385	0.428571428571429	0.222222222222222	0.555555555555556	0.466666666666667
6735777	0.857142857142857	0.7	0.821428571428571	0.772727272727273	0.75
5082646_1	0.75	0.5	0.633333333333333	0.611111111111111	0.6
5082646_2	0.75	0.5	0.633333333333333	0.611111111111111	0.6
2735055	0.8	0.75	0.884615384615385	0.75	0.869565217391304
3018458	0.818181818181818	0.84	0.71875	1	0.823529411764706
980878	0.466666666666667	0.694444444444444	0.566666666666667	0.421052631578947	0.52
6070890	0.333333333333333	0.157894736842105	0.277777777777778	0.117647058823529	0.266666666666667
5235756	0.444444444444444	0.595238095238095	0.535714285714286	0.478260869565217	0.428571428571429
6505145	0.263157894736842	0.24390243902439	0.173913043478261	0.217391304347826	0.264705882352941
7004916	0.0769230769230769	0.222222222222222	0.217391304347826	0.125	0.2
6902609	0.5	0.511111111111111	0.483870967741935	0.444444444444444	0.5
6571302	0.166666666666667	0.315789473684211	0.214285714285714	0.19047619047619	0.111111111111111
6586629	0.0833333333333333	0.19047619047619	0.08	0.235294117647059	0.0476190476190476
6980117	0.636363636363636	0.666666666666667	0.615384615384615	0.583333333333333	0.666666666666667
6001371	0.6	0.714285714285714	0.75	0.647058823529412	0.727272727272727
2060468	0.5	0.431818181818182	0.45	0.4375	0.258064516129032
6152466	0.7	0.595238095238095	0.53125	0.6	0.666666666666667
1692016	0.75	0.803921568627451	0.758620689655172	0.736842105263158	0.944444444444444
4518358	0.545454545454545	0.323529411764706	0.421052631578947	0.5	0.346153846153846
6950374	0.833333333333333	0.638888888888889	0.692307692307692	0.555555555555556	0.529411764705882
3822298	0.352941176470588	0.230769230769231	0.258064516129032	0.294117647058824	0.125
3405719	0.153846153846154	0.377777777777778	0.137931034482759	0.1875	0.258064516129032
5911503	0.307692307692308	0.340425531914894	0.4	0.333333333333333	0.5625
1396625	0.928571428571429	0.75	0.823529411764706	0.666666666666667	0.655172413793103
3658212	0.181818181818182	0.333333333333333	0.433333333333333	0.533333333333333	0.433333333333333
5286288	0.692307692307692	0.596153846153846	0.617647058823529	0.75	0.615384615384615
2394078	0.636363636363636	0.657894736842105	0.628571428571429	0.684210526315789	0.647058823529412
3669781	0.1875	0.365853658536585	0.407407407407407	0.428571428571429	0.230769230769231
5609074	0.461538461538462	0.487179487179487	0.310344827586207	0.333333333333333	0.5
1799136	0.666666666666667	0.679245283018868	0.666666666666667	0.7	0.607142857142857
5940620	1	0.90625	0.954545454545455	1	1
827266	0.866666666666667	0.804878048780488	0.892857142857143	0.769230769230769	0.666666666666667
4208513	0.181818181818182	0.333333333333333	0.413793103448276	0.238095238095238	0.285714285714286
3240694	0.416666666666667	0.375	0.478260869565217	0.333333333333333	0.523809523809524
4780690	0.222222222222222	0.282608695652174	0.25	0.125	0.277777777777778
2526166	0.909090909090909	0.909090909090909	0.772727272727273	0.857142857142857	0.826086956521739
5896896	0.266666666666667	0.207547169811321	0.185185185185185	0.181818181818182	0.296296296296296
5714236	0.181818181818182	0.274509803921569	0.36	0.368421052631579	0.230769230769231
6676994	0.666666666666667	0.604166666666667	0.695652173913043	0.666666666666667	0.645161290322581
4467085	1	0.884615384615385	0.96	1	0.904761904761905
2308894	0.142857142857143	0.224489795918367	0.230769230769231	0.260869565217391	0.136363636363636
2793257	0.8	0.826086956521739	0.80952380952381	0.791666666666667	0.92
2030354	0.642857142857143	0.613636363636364	0.608695652173913	0.75	0.724137931034483
3860813	0	0.0625	0	0	0
997053	0.9375	0.723404255319149	0.846153846153846	0.833333333333333	0.733333333333333
2805553_1	0.333333333333333	0.333333333333333	0.272727272727273	0.260869565217391	0.35
2805553_2	0.333333333333333	0.333333333333333	0.272727272727273	0.260869565217391	0.35
5457610	0.611111111111111	0.615384615384615	0.451612903225806	0.588235294117647	0.484848484848485
1209056	0.294117647058824	0.555555555555556	0.4	0.5	0.441176470588235
6519673	0.6875	0.571428571428571	0.705882352941177	0.625	0.545454545454545
6124359	0.588235294117647	0.568181818181818	0.52	0.565217391304348	0.5
4395011	0.555555555555556	0.622222222222222	0.571428571428571	0.75	0.583333333333333
504032	0.333333333333333	0.212121212121212	0.181818181818182	0.210526315789474	0.307692307692308
5967657	0.222222222222222	0.217391304347826	0.136363636363636	0.375	0.242424242424242
5842317	0.666666666666667	0.590909090909091	0.620689655172414	0.578947368421053	0.709677419354839
5502371	0.764705882352941	0.714285714285714	0.8125	0.769230769230769	0.695652173913043
4521671	0.692307692307692	0.822222222222222	0.758620689655172	0.777777777777778	0.833333333333333
772040	0.5	0.525	0.608695652173913	0.625	0.461538461538462
3803548	0.235294117647059	0.12	0.192307692307692	0.181818181818182	0.153846153846154
1253619	0.7	0.685714285714286	0.772727272727273	0.666666666666667	0.636363636363636
4885463	0.611111111111111	0.604651162790698	0.666666666666667	0.636363636363636	0.733333333333333
