0.0632911392405063
0.12469406938494
0.504587155963302
0.511811023622047
0.219073327776216
0.551557645934262
0.283929361407346
0.0228310502283105
0.417139334102942
0.311086417003463
0.376008020246089
0.308720117760584
0.226650638812856
0.210500907259743
0.114946580598088
0.153453057533425
0.224051492629602
0.12675778062182
0.215993233077364
0.152629098960604
0.0515098810244001
0.0515098810244001
0.0675584488674917
0.266320022314294
0.285208976311804
0.285208976311804
0.102666922216332
0.213333618450237
0.203949535622707
0.218062260082558
0.253941713295906
0.0953527261503112
0.229062256962006
0.289261050275319
0.113229303955427
0.175522691573358
0.201239706435681
0.115381329367475
0.159155103198528
0.194211514751511
0.161748209583135
0.24573510676832
0.116435894471558
0.158457503815997
0.238539512834737
0.176747527683661
0.154922172085266
0.238751698800521
0.22105119916457
0.235380757509829
0.0689740744947218
0.175722489740591
0.152070951153502
0.162175036720057
0.253020992817436
0.20868033037999
0.261962257939815
0.0868632347258602
0.154397805124989
0.0775116625604741
0.207295240828249
0.253469361986136
0.326162220173833
0.23303266763867
0.100204432754682
0.112552141639526
0.18963040608743
0.124031360597697
0.124031360597697
0.225579369703223
0.117392278762862
0.185988281842331
0.104579591948631
0.0723201544767441
0.228267485684338
0.0616756722868463
0.0658859740148987
0.0313902455209103
0.147802502467882
0.169364173563566
0.0861178517716125
0.249956660212435
0.230224778807279
0.230224778807279
0.111532763908108
0.128401567747039
0.131916789833095
0.102296388856488
0.0648771594542025
0.0295743280318502
0.247601116772215
0.155799173302111
0.0632017133795841
0.184603299293009
0.184603299293009
0.184603299293009
0.138683734298841
0.173677410904071
0.173677410904071
0.175239368981457
0.140919457615916
0.234004723898526
0.221540544111656
0.155898052213169
0.20832930311378
0.164365088027396
0.087095314797059
0.257413405015229
0.133906933699481
0.155836801386984
0.0856630358158736
0.179856992678444
0.112662278349654
0.124897216455538
0.18857923853337
0.185389000458434
0.101262019230769
0.101793203816967
0.146108862928315
0.171647464338691
0.288919555158698
0.0828753545435428
0.078287958826281
0.150228403549209
0.113337859805689
0.0844797093009156
0.162031355182203
0.0976250284584192
0.25149895817042
0.161593835753458
0.115242479943191
0.0673631629495534
0.103697736639967
0.190980661837066
0.13476754659181
0.161981183706784
0.167910927220395
0.112668519229149
0.0923834249800748
0.145683215731485
0.250203834753896
0.117619501558408
0.235342087654734
0.0994834071614653
0.0673600570830279
0.15021337181461
0.0270019880737334
0.0644250398348475
0.152806363860764
0.131572365174436
0.131572365174436
0.0530676689832645
0.0530676689832645
0.0150001079926116
0.0866910098961812
0.215651795263463
0.293423771615343
0.186074705089082
0.186074705089082
0.0920948069303483
0.187681419108731
0.217389051711027
0.0957426835224133
0.0918903790128313
0.151992477790732
0.224045891461337
0.106430270875395
0.196091556372455
0.0551319387895141
0.125397133336003
0.059152103640034
0.183017167455736
0.131745996111877
0.131745996111877
0.202104948360083
0.131113247019526
0.156847084851822
0.0975527747696921
0.0975527747696921
0.0975527747696921
0.143741890009857
0.0660168330761507
0.157710060778212
0.128861420388418
0.0621253916171977
0.0883585855233039
0.284820651461764
0.176421462533659
0.176421462533659
0.101733509944563
0.128196605745286
0.0884786040414889
0.0580799479305893
0.0672776292404211
0.179221474224484
0.161528012506407
0.161528012506407
0.0765892261090443
0.0658834112993697
0.195104473749689
0.195104473749689
0.080276450745156
0.220326762625685
0.136229513209393
0.121193571604706
0.192678731492676
0.0626847076073698
0.136091737847086
0.0717600387772274
0.0631108815480937
0.064695314760269
0.17593756875676
0.158363436690953
0.0850372594253942
0.0670532431575111
0.0556311141652104
0.0997267659800685
0.0635723651036461
0.175430616358983
0.175430616358983
0.175430616358983
0.11135885296408
0.0995866868672136
0.138884393998937
0.155998131841508
0.192362301465401
0.222162391359353
0.0812874768351139
0.0697225977642359
0.18286585914864
0.0219503985070979
0.102053393152069
0.0249438696693582
0.0138726521391005
0.0583507246943158
0.22857668892452
0.147254233115965
0.114452690584401
0.0497209986800625
0.0631648373580949
0.130555378838516
0.161395345435277
0.0875230394913553
0.127759923837258
0.0533938374098569
0.0701030685184094
0.11697028284621
0.193350383631714
0.0740931763075141
0.0366919811995116
0.0310015958692911
0.0547106994308166
0.0591896861693282
0.0903620250700025
0.252376922496666
0.133956628209206
0.0578302246945898
0.127164149645105
0.0526521069981107
0.183608134664897
0.108602503395571
0.0738132442865197
0.150787509497961
0.0885835458817477
0.0610637003186628
0.131685315687777
0.0407145152309361
0.102044863319856
0.0846897821522964
0.0886741722097503
0.0750349008923144
0.167798152295633
0.167798152295633
0.158899139805252
0.0480111565962919
0.0639525954445481
0.108689440004785
0.172772099251386
0.043401087332386
0.0422803019399044
0.0731139797143485
0.0879557935002984
0.107676077819957
0.0529554785443253
0.0529554785443253
0.0559902677239397
0.135174726151142
0.0947025514821616
0.0854111848142251
0.0854111848142251
0.0294067319340876
0.0294067319340876
0.178580083247804
0.116270040407613
0.0375650941298785
0.0227824466995613
0.0227824466995613
0.0178845107765763
0.119405339660556
0.137978116195695
0.0463968780357024
0.106319267278853
0.0574197837528442
0.10128271229129
0.128544998591308
0.125611649427089
0.121880042027762
0.0450706420718199
0.136164600994953
0.0856582126463382
0.127996046725727
0.154342542008457
0.0700250546310736
0.0646757884152116
0.196013732292999
0.0140609141662305
0.06347939392699
0.06347939392699
0.0846732742595481
0.124734957203317
0.0804912372659773
0.155084674844655
0.0748605684562648
0.136518837546884
0.143224556682886
0.0905742131038959
0.0424360267816597
0.0801663996438219
0.0611359921847888
0.0225773583492723
0.117620860814188
0.0347632040336138
0.0596542465732683
0.100360942907645
0.0790860485094883
0.194256052968296
0.0881312587126939
0.0503201140179267
0.155712444349275
0.129852280647806
0.0923010982649563
0.0905391739144717
0.202870033972512
0.0840106430864686
0.108636437239174
0.132596848095327
0.0699784139716028
0.0699784139716028
0.0773645404352954
0.111937786409003
0.0733382888451844
0.0975082548410863
0.0975082548410863
0.0975082548410863
0.0306054138681397
0.0391025067880359
0.085834701147709
0.0320852980909489
0.117851510172438
0.117851510172438
0.0200305575065731
0.13213547666476
0.203059969306326
0.126422633302614
0.103715023561582
0.198811774759106
0.104297381937207
0.169600830136627
0.0559122571509853
0.0961287677996678
0.073482649697439
0.119802816624089
0.119802816624089
0.111261587629072
0.0537867035972946
0.1232540274426
0.169014632257675
0.130397647677042
0.0891925844775216
0.0693308760887434
0.0883443250222694
0.0739379754743896
0.0962957950115035
0.105425531914893
0.0407011600843553
0.102374111658513
0.128112959086508
0.018422923159019
0.116668363353587
0.0653872578954036
0.121746434853243
0.0495507956737852
0.0495507956737852
0.0733554874426793
0.0218987550800309
0.0786207249247998
0.0743498879951685
0.0971731378213686
0.0592879370622188
0.0675672649895983
0.0276706889815844
0.118853996778015
0.0968739535842364
0.0781705718041021
0.0728654395294339
0.00576217916490074
0.0742995651692426
0.139388805355593
0.0334644632619595
0.0434145869419411
0.138484865490131
0.140137895910959
0.190387158965901
0.190387158965901
0.0358543158855327
0.092725996959074
0.0615765665633617
0.0901698834875395
0.0957438865761295
0.0866351502320954
0.107897249389699
0.0932721402626428
0.0859582853169028
0.0627322837974638
0.0522103042025674
0.0522103042025674
0.0922947245556835
0.0203784830563532
0.122636984124232
0.0465755577294919
0.021525706094138
0.0800944915435559
0.0514273323662191
0.073944455266351
0.153004255625625
0.129820578725087
0.116454473395073
0.0935441707896511
0.0532559988307782
0.0773409403230776
0.121695087426565
0.0583648797242654
0.0583648797242654
0.0433579286299521
0.111132350027329
0.0309292720349312
0.0738250353868367
0.0103504689136408
0.0594581776059597
0.0853762871714168
0.0825323512827464
0.107555311338147
0.157976458203494
0.0387882534451632
0.0773857838166726
0.0395130090980016
0.0416569206026303
0.0547513191606208
0.0928675504635608
0.13841695205961
0.0269553086836291
0.0748749836417932
0.0262281411926663
0.0888628669990979
0.031659801313739
0.0595831758731881
0.0561998223560604
0.0995501080254918
0.0542617299248477
0.0431939890308681
0.133650874074524
0.078866261699381
0.0986529795898698
0.0155702106347411
0.0790602454942032
0.0790602454942032
0.0618977993502075
0.144255970877996
0.144255970877996
0.0861461589120139
0.0165570371220935
0.142523523018869
0.0276514873443073
0.0440035224387729
0.0700857972418167
0.0699587176219611
0.0706517802192369
0.112129940437016
0.0972054915634324
0.0972054915634324
0.0580029973625889
0.0499077888484385
0.0687409111286399
0.0376087280173042
0.0376087280173042
0.142880186821331
0.0282264729999729
0.0774852619660032
0.163518377910308
0.162718076625361
0.107252368140237
0.0500463262132284
0.0153167960918202
0.0240839452594724
0.065348623116865
0.103293525405574
0.0588172001312291
0.0661552235403413
0.0661552235403413
0.0714374060102014
0.0763138191085809
0.0252089036116041
0.0252089036116041
0.0369271823538473
0.0945019717337242
0.0584153539967134
0.0480862990590216
0.0180232697880476
0.0130862523813121
0.0262872381198933
0.032024605862628
0.0130026675650992
0.0578695404244843
0.0461300037311866
0.182273019043691
0.0371421027340082
0.074694114372336
0.107192167589191
0.0669536271068322
0.0669536271068322
0.0669536271068322
0.106170227006524
0.0773082376158903
0.0565114988281493
0.0846563599406572
0.0519852792769296
0.0715030340193754
0.0974611037669181
0.030513474876377
0.0603085317584335
0.0459748302565272
0.0459748302565272
0.0275843404863263
0.0955632249785076
0.110403643772103
0.0601288199839333
0.0931275850062355
0.0581994021038105
0.0815513936147189
0.0521374143508157
0.0453813917080207
0.0187335369894921
0.12840538869089
0.0363617952874915
0.0187754583995106
0.0478968034516269
0.0746545343883033
0.054035112883721
0.0748213727636553
0.0748213727636553
0.0209376603334213
0.0563430410985946
0.0563430410985946
0.0682123527638523
0.0475005168507282
0.12012846286513
0.101974669985059
0.0393275780699729
0.10519675301135
0.00673424395341805
0.115633289372048
0.0784479537462633
0.0437028740115839
0.0351222793521477
0.129507364144235
0.0197533430864538
0.0524097226530992
0.0299941051854805
0.132542161069203
0.0114260276498439
0.0467098749798541
0.0814801756729281
0.0496005573435734
0.0512227552332614
0.125355274653573
0.125355274653573
0.0840248285597022
0.00426175777684179
0.0820868761699015
0.125514029904748
0.0618425372603362
0.0553425831841268
0.0135789045229229
0.0337623205400484
0.0464374181603899
0.08833511528898
0.0576699111807231
0.0576699111807231
0.0221184087770696
0.014563247287971
0.0849656838173025
0.0673940347147815
0.0496809208564443
0.0261925159183479
0.0172287358193567
0.0172287358193567
0.0333993746772401
0.00517387165323042
0.039251294826633
0.0388215679895901
0.0388215679895901
0.117199705947266
0.0278282829518232
0.0869333293313268
0.108302872502471
0.0298584737321624
0.0655703680820326
0.0227624190144462
0.0208017425333764
0.00614891458739638
0.048444327152691
0.0350691379616366
0.0412441520765872
0.101747779925582
0.0310916569652457
0.0865745402642546
0.048006861669215
0.0313377977391736
0.0508580300316877
0.060902685731211
0.060902685731211
0.0324179568816828
0.0306026840645888
0.0611495294112539
0.044129113403926
0.0348660160052371
0.00906893851736924
0.0246872839862934
0.0643015898648211
0.0629364129672697
0.0262643972615191
0.096233835128175
0.096233835128175
0.0715241321665002
0.0877597537228492
0.0877597537228492
0.0485517479981391
0.0894033419854419
0.0178820881090117
0.0862316288015376
0.0666928542281684
0.0642019740786047
0.00870712764070665
0.0285611919672369
0.0337679533496136
0.0223201612639337
0.0211966773119753
0.0671963159830585
0.0341771251395213
0.0900701856503231
0.0165935410808342
0.0605009580994032
0.0773788372029617
0.0357441019123643
0.0676046215797874
0.0024318441118564
0.0540041774522241
0.0210443952462227
0.105269469643391
0.0876335687756183
0.0519695891883198
0.108763369875445
0.00482576695552646
0.0127928679536208
0.0277174563193679
0.0321767562080547
0.0321767562080547
0.0317592696680549
0.0220101683069959
0.0406655374254086
0.034227326486158
0.0444221169423995
0.0486261540286308
0.00682900524651222
0.0369531036218233
0.035638317044152
0.0142407108687801
0.0413269136210617
0.0550256827894993
0.0409969624940164
0.00762037230941642
0.0625955467819642
0.0219007143351811
0.0338653029819263
0.0338653029819263
0.0267503557945891
0.076391374960296
0.0444990853099522
0.0452572911364584
0.0189446517877007
0.00807790664928224
0.0295525931834816
0.00273780027108684
0.0355348267398085
0.0588811652827037
0.00544196675996737
0.0180400100859971
0.0348629866257397
0.0184995180284193
0.0452179043959803
0.0374305029707275
0.0648108967633588
0.0378867035699946
0.0554939556137872
0.0444933326329463
0.072458722592089
0.0746958232821863
0.0186146066419008
0.00207159843742519
0.0536087331754779
0.0330406357222368
0.00535060898760118
0.0644688033015662
0.0497224032844413
0.0383454742206221
0.0241078610151859
0.0232188059703206
0.0271175683062867
0.0149967742153589
0.0323513504891102
0.00509752343395189
0.0599719517551284
0.0196971954914168
0.0192680244909335
0.0191369789299926
0.0632911392405063
0.0519622606293272
0.00758686671050512
0.00758686671050512
0.0236347170435386
0.0404377528650168
0.0209791276650924
0.00546110634322833
0.0261188391328664
0.0239383541202702
0.0409850013937771
0.0127654035921645
0.0116576072788691
0.0183579054415789
0.0199986208786441
0.0127885942651689
0.0121549766160515
0.0120684590432614
