0.385737458989401
0.272515317891207
0.302529238581199
0.331921291649004
0.331921291649004
0.317671933588725
0.350840279891192
0.337118371783433
0.279711456692678
0.19685574076412
0.139754171161226
0.231323489155749
0.288974883417876
0.271477720635081
0.285112682078318
0.12984164927992
0.25861563291724
0.363997361343937
0.205321510186273
0.131879909378896
0.133895382254992
0.175419366721882
0.191893357371776
0.251245102633188
0.25697193466268
0.222315389285753
0.225740937390906
0.209215643834234
0.114531804336463
0.104787574346499
0.176931302726287
0.193238764052435
0.107607940516406
0.220920783651906
0.186616318772961
0.0812412162724368
0.15501216357048
0.15501216357048
0.11096065520013
0.150441416798962
0.128876398162013
0.176850643501825
0.109402476511974
0.181670534181739
0.183888248171776
0.279372174899348
0.117167573455888
0.19762526123614
0.116142779918482
0.201149819421594
0.159641871726626
0.1794443852041
0.173896505041155
0.240951546558996
0.151281921054452
0.205332045298836
0.134479626990329
0.214857988611254
0.23002593526309
0.137770428967202
0.094142111330642
0.0708602086279331
0.0708602086279331
0.168633030985159
0.108942794774368
0.116298209874264
0.108003967403676
0.108003967403676
0.138472270304762
0.151530465600324
0.183568061389161
0.206280884382034
0.146897415166978
0.087724456280197
0.128440412666937
0.137973643553798
0.129793430215914
0.102255873542433
0.102466748946826
0.166969646397329
0.0701981694357203
0.160283333326514
0.153489632763509
0.109329399568353
0.0960277809070835
0.065815093028469
0.065815093028469
0.065815093028469
0.141631025307563
0.0642103834012328
0.152554628572939
0.128701960430796
0.121276020064861
0.116581970919567
0.102923362674635
0.159507200251065
0.140703128327549
0.113787358026544
0.17526995416618
0.10915106484502
0.0344008200625068
0.0992421996331968
0.0661504622363762
0.0943538772176922
0.130119651272272
0.143993955917037
0.104696158026807
0.074672679748714
0.0459258685261562
0.105321752593489
0.0665169518977833
0.06697795772859
0.091682801908167
0.11690257776074
0.115228450358291
0.113095804195992
0.0382064383826727
0.0894274105760226
0.150343397829313
0.125600677741866
0.163522630997559
0.0975114249893168
0.13626502756943
0.116976600867424
0.0280817889015448
0.0643068804429085
0.0643068804429085
0.0737175167898843
0.0932512259194335
0.104657611874711
0.109708833078158
0.0736798281054531
0.0910315476394785
0.0624892578977828
0.0624892578977828
0.115078265789899
0.0642530447451222
0.0494823244288374
0.0568601998397024
0.0935078002957197
0.0585932422290166
0.0834247093793341
0.0834247093793341
0.100226927968583
0.100226927968583
0.084312093999946
0.084312093999946
0.0473869662411046
0.0704613844320095
0.10730962317728
0.0996692106529042
0.0460449028983498
0.0459450464268466
0.0459450464268466
0.0459450464268466
0.0381016636727769
0.0831646711812501
0.0671592665425084
0.0918936222922271
0.0519787468701869
0.0728517807191464
0.04114653066753
0.0483514757392694
0.063538153433717
0.0524720034814855
0.0698309090182373
0.0698309090182373
0.0483488659165449
