0.5706773149052
0.26987919504612
0.412051928835157
0.453711419073362
0.567528635416635
0.258718383526365
0.277449873147717
0.366240914543787
0.302224604663629
0.245857277785214
0.195492576292499
0.236276678717939
0.293686580336379
0.266258384427195
0.194929389895403
0.227350201382486
0.298315730630325
0.262711851912213
0.262711851912213
0.196037014123233
0.183553356048657
0.172764070005388
0.25848100734357
0.212448828345567
0.342271406719357
0.392168275735439
0.307879501236287
0.262295552789271
0.134331425869428
0.318436771214829
0.31578947368421
0.234733557270794
0.257969296960677
0.23037388777797
0.224399929780193
0.176385192469029
0.428571428571429
0.220746489332815
0.184811670053599
0.259712665359036
0.191646191646191
0.176373616120202
0.369728975367484
0.198384921493864
0.297624904490728
0.193125383921017
0.195424472832503
0.186922164011213
0.311731654113439
0.16473845922473
0.154683932237837
0.257026466274268
0.227807041810393
0.352128287979359
0.157768155078725
0.261806984602818
0.283036448776365
0.313708099860682
0.185751999394136
0.405109825337663
0.303890033000025
0.282006432105943
0.377867395936579
0.149294745645038
0.243905592876542
0.108618791146827
0.189619079999943
0.195538854555559
0.199418070742915
0.182502037454619
0.205771886523115
0.109159477091081
0.161339156602156
0.265650126850976
0.215492848498913
0.201494106904839
0.187417638631328
0.205953714918727
0.155725077616521
0.238396571886912
0.283380260418046
0.263686768447519
0.217058654230317
0.264370906037162
0.121351674998877
0.158478000395133
0.0764151392895893
0.219479439271068
0.225677919137949
0.127549326905858
0.143480466768138
0.0995735412033329
0.196055290589772
0.206684460329985
0.247208753893629
0.192030964412429
0.157638656624488
0.182926659820649
0.182926659820649
0.126912931260509
0.104286781469803
0.299639686342158
0.0933042706257752
0.148016932988208
0.0881027769034522
0.0881027769034522
0.0653140459172787
0.0987355964266948
0.161970352903997
0.135740388253415
0.288131498957319
0.0611474075093821
0.0996866917491443
0.20617386113055
0.0481365443964792
0.176981282357627
0.148628187269093
0.112267461182074
0.212563941769317
0.147810124119139
0.0973915428118114
0.168987574540069
0.158584342103538
0.177391158304692
0.142012806864585
0.105049203373946
0.154880821006286
0.165598218503273
0.107506279723994
0.137332761569542
0.120845070090987
0.0972913868947693
0.131657511169706
0.0858181798465273
0.177472164860664
0.0654964531903677
0.060240724039445
0.176780925833397
0.0605687822738813
0.0970616126914433
0.0486655309352892
0.104829330039209
0.0749180893665105
0.0604771511277773
0.196833566484339
0.05609243697479
0.0467899159663866
0.118404223262177
0.0254322579815893
