1
0.114285714285714
1
0.0597014925373134
1
0.0245398773006135
0.114285714285714
0.0149812734082397
0.0135593220338977
0.0930232558139535
0.235294117647059
0.235294117647059
0.363636363636363
0.363636363636363
0.068488701220361
1
1
0.0803817086337198
1
0.114285714285714
1
1
0.990433358975876
0.266666666666667
0.0228571428571428
1
1
1
1
1
0.18856835395886
1
0.942841968136998
0.288698181818182
1
0.16
0.846997887275949
1
1
1
1
0.417488372093023
1
1
0.834726339191125
1
1
1
1
1
1
1
1
1
1
1
0.336336646443784
0.998374464312103
1
1
1
0.995680612118968
1
0.812455767869781
0.967869160296782
1
1
1
1
0.90193623494009
0.979206709767604
0.992893138648404
0.992893138648404
1
0.987633262260128
0.995680612118968
1
0.986460194560254
0.986460194560254
1
0.852785305630834
1
1
1
1
0.980601579259665
0.980957112104653
0.888202528029708
0.0742250160204297
0.983688567647982
0.978141145744621
0.978141145744621
0.972089343290923
1
0.988717948717949
0.977142857142857
0.982120051085568
0.982120051085568
0.982656756241662
1
1
1
0.976885484084005
0.992852816474864
0.995680612118968
0.995680612118968
1
1
0.99108734402852
0.883205456095482
0.848484848484849
0.994544039611648
0.994544039611648
1
0.0854413925230055
0.959559379227179
0.857022708158116
0.978499936684188
0.978499936684188
0.978499936684188
0.982656756241662
0.977777777777778
0.982373678025852
0.77656090051916
0.983333333333333
0.983333333333333
0.985964912280702
0.976588628762542
0.985115697310819
0.977478110221473
0.976370620416715
1
0.988544926324494
1
1
0.982132122708285
0.997796047459272
0.976335361730899
1
1
0.984336698658025
0.777391946169429
0.994555353901996
0.976335361730899
0.976335361730899
0.912715116998886
0.955940015597429
0.918181586395044
0.694599033346133
1
0.995039682539682
0.995039682539682
0.976404976404976
0.976069122858114
0.804668523915793
0.995039682539682
0.977777777777778
1
0.982120051085568
0.982120051085568
0.974251865501471
0.974251865501471
1
1
0.978448275862069
0.983333333333333
0.976971974711246
0.976370620416715
0.976370620416715
1
0.976112412177986
1
0.745493689963683
0.991087344028521
0.99608551641072
0.990202717955664
0.981684981684982
0.981684981684982
0.977229926382469
1
0.979055835130602
0.979055835130602
1
0.979127134724858
0.792716518057413
0.977669739716293
0.977669739716293
0.990202717955664
1
0.980315413836767
0.99108734402852
0.998544739429695
0.998544739429695
0.976547381316335
0.976588628762542
0.976588628762542
0.980601579259665
1
0.986460194560254
0.779844264386108
0.977777777777778
1
1
0.978933429637655
0.980192416525184
0.93024995820629
0.97637558685446
0.981891643709826
0.980769230769231
0.980769230769231
1
0.919582449411578
0.92105160411657
0.83434803339676
0.976881419510259
0.976881419510259
0.976068376068376
0.959049617017831
0.875685025042314
0.860493150684931
0.986460194560254
0.986460194560254
0.980192416525184
0.981497188452235
0.972438079510184
0.986460194560254
0.980080463153763
0.980080463153763
0.993548837047111
0.995182595182595
0.788985533899828
0.983333333333333
0.984749455337691
0.959937813920115
1
0.898798846153233
0.988412261139534
1
0.810229007567445
0.727089060378233
0.989478986409842
0.975877286622103
0.975877286622103
1
1
1
0.984336698658025
0.984336698658025
1
0.987750612469376
0.98244776119403
0.727393808598353
0.970719527277134
0.86065371988757
0.875258324410896
0.797514631352674
0.978376963043486
0.870504949609009
0.973136264852366
0.707258965724283
0.985115697310819
0.977777777777778
0.98406862745098
0.981497188452235
0.981497188452235
0.863239388340663
0.976946207818242
0.990038314176245
0.964792337512506
0.964792337512506
0.964792337512506
0.848288329185548
0.977777777777778
0.877840302015813
0.866724778639262
0.97994956819321
0.97994956819321
0.97994956819321
0.977777777777778
0.987633262260128
0.976470588235294
0.989547993557452
0.980601579259665
0.987012987012987
0.987012987012987
0.977777777777778
0.99608551641072
0.976299376299376
0.990038314176245
0.990038314176245
0.859990375912681
0.97637558685446
0.976885484084005
0.994176566503611
0.994176566503611
0.994176566503611
0.976815746193432
0.977777777777778
0.981684981684982
0.984366832976954
0.984366832976954
0.984366832976954
0.949524991978573
0.9
0.988093167106475
0.977777777777778
0.966291802346404
0.898120238943388
0.985964912280702
0.791704706580824
0.871282168766705
0.867155330556715
0.99724757351876
0.976069122858114
0.989632950406276
0.977777777777778
0.980873892085212
0.908358545623803
0.670646285497395
0.987750612469377
0.983967017865323
0.911945746457626
0.979978157990535
0.865296708750034
0.865296708750034
0.871549513797597
0.980192416525184
0.891808474176418
0.865512201617095
0.97751751542403
0.988717948717949
0.820821358395044
0.978351485814172
0.815479876160991
0.97979797979798
0.990322580645161
0.990322580645161
0.994094431481001
0.994094431481001
0.976815746193432
0.991939307728781
0.984749455337691
0.977229926382469
0.977229926382469
0.980192416525184
0.980080463153763
0.993966817496229
0.98244776119403
0.977777777777778
0.981891643709826
0.976370620416715
0.979127134724858
0.803160493827161
0.962143121653453
0.982219631891477
0.982219631891477
0.976916868442292
0.976916868442292
0.976190476190476
0.976851851851852
0.978787878787879
0.978787878787879
0.990202717955664
0.977777777777778
0.979055835130601
0.775316414180451
0.984749455337691
0.345661931751186
0.989632950406276
0.903642792327669
0.903642792327669
0.896993220836913
0.976973684210526
0.872604557672607
0.961644806806097
0.961644806806097
0.97502356183091
0.993581760705048
0.983060059788024
0.903187546330615
0.754818440024958
0.977478110221473
0.982228212459933
0.838644554811063
0.981684981684982
0.984749455337691
0.806889670800199
0.976190476190476
0.976190476190476
0.988090233991873
0.861841155234657
0.989008446141386
0.764016125454212
0.988090233991873
0.87510044172147
0.959479287599373
0.673145393587383
0.983060059788024
0.882205558856116
0.980957112104653
0.981024860476915
0.981024860476915
1
0.982124830251438
0.848228310653285
0.824838420823987
0.962373203657053
0.962373203657053
0.962373203657053
0.977023683280311
0.977023683280311
0.84925490629359
0.976851851851852
0.981325863678805
0.773381574852163
0.881150251435999
0.977777777777778
0.977777777777778
0.0223463687150838
0.787846670199611
0.787846670199611
0.902941176470588
0.976190476190476
0.95846113320974
0.900062241951747
0.976088986319165
0.965017491254373
0.880770053475936
0.861497627320712
0.976076555023923
0.976335361730899
0.977023683280311
0.752793471437539
0.889436540831187
0.962480291149167
0.977023683280311
0.978880519864126
0.967063063736442
0.967063063736442
0.982120051085568
0.982120051085568
0.982120051085568
0.862269586338047
0.980957112104653
0.977296181630547
0.976735092864125
0.976916868442292
0.974802569417461
0.978832191430617
0.978832191430617
0.669390321194598
0.976076555023923
0.976299376299376
0.978709466098919
0.840165150225006
0.901804557748004
0.893756292580406
0.976299376299376
0.780907668231612
0.780907668231612
0.901360690834375
0.976076555023923
0.97610513739546
0.97301004796102
0.982373678025852
0.87292044115319
0.977478110221473
0.848186320439031
0.848186320439031
0.890102470647985
0.980192416525184
0.880700694654182
0.880700694654182
0.978787878787879
0.861111111111111
0.978832191430617
0.978709466098919
0.779040905954324
0.977023683280311
0.977023683280311
0.74693554098029
0.858865615892999
0.980192416525184
0.782632411498391
0.97610513739546
0.976470588235294
0.976470588235294
0.89407364486632
0.832027816555504
0.832027816555504
0.941855067147255
0.941855067147255
0.97643831994977
0.884150685246302
0.884150685246302
1
0.976299376299376
0.976299376299376
0.997568548236262
0.948478744395726
0.948478744395726
0.948478744395726
0.978832191430617
0.7530405569344
0.965302544429314
0.809122315332041
0.976776917663617
0.981891643709826
0.977777777777778
0.991827570722946
0.929540746690358
0.978709466098919
0.926067184538036
0.926067184538036
0.835924326048266
0.888386365174446
0.902488182799434
0.902488182799434
0.902488182799434
0.978991596638655
0.978991596638655
0.936648380826427
0.981684981684982
0.988199467072707
0.988199467072707
0.830284194297713
0.844174108991214
0.844174108991214
0.977777777777778
0.861111111111111
0.738071389801297
0.879253441540855
0.879253441540855
1
0.965234801917356
0.965234801917356
0.741105472071104
0.980192416525184
0.878402903811252
0.977777777777778
0.704925467618649
0.704925467618649
0.978787878787879
0.964001521456545
0.976916868442292
0.976069481659429
0.976069481659429
0.897907530291609
0.897907530291609
0.976708437761069
0.976708437761069
0.977777777777778
0.977777777777778
1
0.809832759375178
0.9616551871355
0.95712828061489
0.982539682539683
0.980192416525184
0.980192416525184
0.837894721483573
0.837894721483573
0.837894721483573
1
0.976370620416715
0.96106494301718
0.976404976404976
0.798500468603561
0.959445842220904
0.966801070821378
0.88590359299054
0.976851851851852
0.976851851851852
0.983829787234043
0.961338936616629
0.794375129247949
0.983967017865323
0.773872188923926
0.773872188923926
0.714937598103246
0.958337647992821
0.757701845080486
0.977478110221473
0.985380116959064
0.714824589636305
0.955919226284498
1
0.976370620416715
0.820425531914894
0.986432771590946
0.976999460677009
0.976999460677009
0.959726249386598
0.980315413836767
0.728209439685788
0.728209439685788
0.870123127132473
0.976470588235294
0.985964912280702
0.976708437761069
0.977023683280311
0.798963595434518
0.976069481659429
0.948219605617818
0.959480588442612
0.948853067872201
0.713150643060477
0.713150643060477
0.958266833341281
0.958266833341281
0.958266833341281
0.894386780681266
0.792234947897395
0.983333333333333
0.983333333333333
0.86633679169992
0.755786350148368
0.739881789290597
0.883009941501774
0.883009941501774
0.883009941501774
0.968025668971356
0.978933429637655
0.86868620787827
0.687237026647966
0.977296181630547
0.977296181630547
0.960138253515538
0.918475597434947
0.920957365310308
0.978043539194618
0.978043539194618
0.978043539194618
0.958755836194956
0.978448275862069
0.727272727272727
0.743092745219677
0.743092745219677
0.759140045142206
0.980873892085212
0.981024860476915
0.976299376299376
0.978448275862069
0.844487543481188
0.870248513718105
0.958237205669125
0.957128280614891
0.669732913741629
0.835869705532208
0.977296181630547
0.81253957680573
0.960030602612688
0.797452279632856
0.972030327986007
0.788996312169839
0.667218117672124
0.870248513718106
0.867073694144237
0.862990105636425
0.872767087734951
0.963783736565525
0.8517421980445
0.884147423635897
0.863894238595909
0.913251131112911
0.978448275862069
0.743886968207226
0.98316213067881
0.815790433518966
0.725821807173497
0.870160307370429
0.837556767980539
0.979334955393349
0.698388487829935
0.796425246276515
0.724018551179045
0.853330031748278
0.772932330827067
0.949430553547361
0.949430553547361
0.829457291244818
0.895285359801489
0.895285359801489
0.802182143286778
0.80576045609781
0.857586666372197
0.870173415958112
0.809408719812739
0.943034349072271
0.978351485814172
0.944292535087803
0.772968624296058
0.94343180389692
0.897455087246784
0.763702204878675
0.751682524947784
0.810309957198627
0.810309957198627
0.617228605827785
0.853877251025061
0.641167725115205
0.877604172906299
0.648342687186031
0.806326540998608
0.806326540998608
0.911211320167937
0.874097471173125
0.921136793694153
0.899269963964973
0.694307807844403
0.710295005333414
0.710295005333414
0.694630526641245
0.775947066396468
0.88162069807176
0.951783868123783
0.739413397571734
0.739413397571734
0.67195836044242
0.67195836044242
0.67540479859034
0.620508839511959
0.755644436715648
0.755644436715648
0.956475100256504
0.956475100256504
0.71701399041599
0.86278737629563
0.86278737629563
0.86278737629563
0.665604266706098
0.828063879610271
0.84264103096944
0.753278746199454
0.853266923003243
0.701934097028389
0.785324472824473
0.729269353498313
0.800813521991019
0.596720239032813
0.61332842509253
0.814800094872403
0.814800094872403
0.683677831338938
0.672062290484267
0.594217347956132
0.916470539658945
0.698757763975155
0.742047089801292
0.654459993734682
0.86046111915928
0.845831317441526
0.597825886499391
0.863080707211787
0.842906066107499
0.654545454545455
0.874476278469137
0.738917039415552
0.619718309859156
0.760873998360908
0.603017410490024
0.603017410490024
0.826296061084056
0.722405360236733
0.554481819292628
0.615775086979276
0.754894870487972
0.555896233215752
0.685786263440097
0.825979900805005
0.778023666886321
0.639427603087931
0.739229680582189
0.739229680582189
0.739229680582189
0.675487267036563
0.675487267036563
0.68777898615417
0.638062623083068
0.619228617736915
0.728766437861923
0.675651722983696
0.587412587412588
0.726344645051517
0.704362201432743
0.584099063703858
0.584099063703858
0.623574144486692
0.63369553311897
0.643677734477751
0.554318520633108
0.769736764734706
0.603250132607888
0.571428571428572
0.836834756632139
0.646314113100586
0.594415194784514
0.600714793338208
0.607071505882638
0.721633130166152
0.596800845217358
0.661429831473543
0.532386914505477
0.70183592980192
0.622784810126583
0.53338421018959
0.438618805480922
0.687500000000001
0.655308522382379
0.655308522382379
0.741866137077089
0.576787203223444
0.488739229482873
0.61867223179125
0.61867223179125
0.67142528206309
0.726208664577776
0.726208664577776
0.556291390728477
0.647343499367222
0.637709412123057
0.563115714989505
0.689008733565176
0.687548177735342
0.438882668957916
0.588614393125671
0.514570130959253
0.548063598335753
0.704542189546626
0.531791907514451
0.61005102418848
0.571994293192398
0.615202453659673
0.846943281578436
0.531791907514451
0.638313817648836
0.559228259746394
0.642839615854621
0.532574714661271
0.569499148544377
0.549023971808782
0.549555707450444
0.638235639484612
0.542572627767262
0.578525912136112
0.562406015037594
0.489858166844594
0.568720850664588
0.531189803939877
0.579158784552637
0.525382755842063
0.529292929292929
0.522361359570662
0.419805733238569
0.541911508535594
0.506614953673777
0.814383523660164
0.519997575316724
0.813116848359412
0.510779654488715
0.49791542584872
0.49791542584872
0.341192309432711
0.422281648242797
0.512095852762252
0.508806519048923
0.487266843978955
0.556230337401966
0.54251012145749
0.498000989567255
0.476342857142857
0.434705286429008
0.518699552409311
0.440816326530612
0.66439661060817
0.788508397545684
0.418185082478021
0.418185082478021
0.387772458568327
0.533676474174008
0.481306977636562
0.48056859676578
0.439708943030206
0.591297233727054
0.486504279131007
0.460928700302241
0.32183908045977
0.450341222711714
0.439306358381503
0.113445016446411
0.548416374023967
0.413793103448276
0.331484303774518
0.634356954454677
0.450662982305545
0.476777748141945
0.41025641025641
0.44418832109544
0.366942966720278
0.410035485735471
0.424885849038877
0.263012883944651
0.369918668240012
0.344986553976181
0.318633960148496
0.443228454172366
0.470609223474971
0.37600947561107
0.297520661157025
0.422923973600204
0.380843364728297
0.37516029863856
0.382608695652174
0.383942536059781
0.424823752711497
0.373333333333333
0.344303797468354
0.405475224724041
0.420666301324081
0.738379255692402
0.40419093219997
0.392331203111976
0.409462462824593
0.472568655157584
0.35374149659864
0.656229147064837
0.383071255506904
0.354930420469849
0.595519363459095
0.296777589154383
0.468544750593023
0.347299552089597
0.430769230769231
0.428721174004192
0.428721174004192
0.302039403349794
0.448386723073311
0.419620483285256
0.417336245906104
0.372480484893688
0.318450447105418
0.363636363636363
0.045487211194896
0.341041765840704
0.355029585798816
0.372896706199595
0.3051302245651
0.351646607291673
0.542416091363225
0.417264191843812
0.333878568376774
0.302468438317739
0.377678361196138
0.364034426046409
0.347607030787124
0.347607030787124
0.46086442656495
0.35569178281808
0.579641125289687
0.342906649339397
0.281303602058319
0.328331143371318
0.402392990519916
0.383711866642274
0.286081730904176
0.270234900774884
0.314392821728299
0.367083553012559
0.321816833973602
0.465760982499281
0.342393101354274
0.251225983264819
0.293678463651536
0.242857142857143
0.343351757776615
0.288879042977404
0.32183908045977
0.277656503295116
0.334635075439174
0.273747431642169
0.350877192982456
0.296495320105278
0.300809552248793
0.256120114603853
0.47261663286004
0.225261579116523
0.321603403467578
0.308903590271008
0.252931586656626
0.194918686713523
0.319097502014504
0.303365009867821
0.237602500256951
0.550547556559702
0.314296361475077
0.320675105485232
0.261771545294554
0.269292811078843
0.341308865711075
0.137094721044803
0.266666666666667
0.607726163409191
0.291929056457294
0.341563692303769
0.122880689104199
0.278366457023061
0.216060226492352
0.268390840483643
0.232258064516129
0.266507381763984
0.325180158383167
0.250325779487016
0.23585545550228
0.225374573551959
0.356685428858986
0.261306532663316
0.388864202495217
0.2903690101995
0.233649772720245
0.281751645000354
0.256157635467981
0.220600237856493
0.281720392614934
0.232258064516129
0.210558901247801
0.208084169891135
0.18152242429566
0.256633632171973
0.256633632171973
0.369036119931795
0.337609059371781
0.207584701220991
0.243093922651934
0.269529468896311
0.279572738444088
0.176111822360274
0.218128136810738
0.218128136810738
0.33174249811418
0.277223606588781
0.267901082885121
0.218433793808022
0.186161157529308
0.201518515687823
0.227979274611399
0.227979274611399
0.260576386204528
0.248632964410605
0.307225921785246
0.23525614781655
0.23525614781655
0.23525614781655
0.193761031036952
0.223646458824929
0.189431247457278
0.21802709079587
0.246837051620702
0.242131488995511
0.214813087015077
0.239316239316239
0.231674776330247
0.255194506573291
0.181546227914368
0.181546227914368
0.206434129339318
0.181546227914368
0.193542871284901
0.198615970881124
0.183288409703504
0.187546589616963
0.292367281405011
0.202709240445089
0.195121951219512
0.231404958677686
0.383321024371744
0.213487273681449
0.179715626976722
0.351665239699435
0.2125606859685
0.183006535947712
0.191020401666514
0.225975725063059
0.211863752707573
0.215758783596572
0.175186953306525
0.245203702714351
0.244992743105951
0.171462125660599
0.270288094251213
0.18737901664731
0.157864959728653
0.151059666069867
0.180904522613065
0.212218022822349
0.207362128436236
0.211713352598469
0.133799704671708
0.133799704671708
0.170212765957447
0.166191471144239
0.115238163661183
0.192214515123537
0.2
0.163403035846616
0.175494239147485
0.163947295478096
0.213523131672598
0.129582584564307
0.188841201716738
0.145437504457054
0.224871301189354
0.250905559275082
0.250905559275082
0.173472617917062
0.144900910276764
0.138433212560701
0.137589378601978
0.151972172031909
0.192477177636846
0.182146087337961
0.121212121212121
0.153723262625366
0.181818181818182
0.167642637355376
0.168457664861294
0.164815103602235
0.121576792994832
0.248908296943231
0.167670608066235
0.196325909091289
0.15502988187728
0.121645796064401
0.163756889388299
0.139303482587065
0.178343949044586
0.145398049336983
0.15748031496063
0.163568773234201
0.147512864493996
0.183034759814843
0.161459523820195
0.221993405343961
0.203093341427694
0.0565748310381553
0.148399426660296
0.208889988260598
0.113417580021298
0.0927988828588659
0.151898734177215
0.144532903523607
0.151061173533084
0.197579397693147
0.150170648464164
0.0995867962514356
0.0876997398736527
0.123076923076923
0.146528157463094
0.126984126984127
0.13986013986014
0.130459182769274
0.0888320126611429
0.214865672152755
0.0883537092512311
0.129032258064516
0.0940081859093266
0.0944039016616784
0.102105548999673
0.0832798071333942
0.122033898305085
0.125435540069687
0.118811881188118
0.166417447857634
0.15005894970099
0.107439401557049
0.101083032490975
0.154788586738505
0.105263157894737
0.104291417165669
0.0910358960981
0.116236383148004
0.105167226749121
0.0716832513807648
0.0930232558139535
0.0651052004763795
0.0997466442972264
0.0997466442972264
0.0997466442972264
0.109746605911493
0.107391216564393
0.0593433329932304
0.0805369127516781
0.0713276667024938
0.0781435107214999
0.0828700569923488
0.090702275368265
0.0626959247648901
0.0741382125653495
