TARA_7	TARA_9	TARA_18	TARA_80
4993698	0.980769230769231	1	0.75	0
4318906_1	0.0408163265306122	0.027027027027027	0	1
4318906_2	0.0408163265306122	0.027027027027027	0	1
4318906_3	0.0408163265306122	0.027027027027027	0	1
1331493_1	1	1	1	0.166666666666667
1331493_2	1	1	1	0.166666666666667
2232444	0.981818181818182	1	0.0909090909090909	0.933333333333333
877544	0.909090909090909	0.947368421052632	1	0.0588235294117647
6340295	0.025	0	0.125	0.8125
4350986	0	0	0	0.428571428571429
2612469	1	0.96551724137931	0.235294117647059	1
366311	0.0754716981132075	0.0416666666666667	0.388888888888889	1
3140912_1	0.95	0.952380952380952	0.923076923076923	0.0625
3140912_2	0.95	0.952380952380952	0.923076923076923	0.0625
5121321_1	0.0208333333333333	0	0	0.75
5121321_2	0.0208333333333333	0	0	0.75
3140150	0.953488372093023	0.944444444444444	0.75	0.0625
5718841	0.0166666666666667	0	0	0.72
5401577	0.945454545454545	1	0.625	0.125
3649866_1	0.859649122807018	1	1	0
3649866_2	0.859649122807018	1	1	0
263989	0.109090909090909	0.2	0.0588235294117647	1
1761686	0.926829268292683	0.933333333333333	0.916666666666667	0
62987	0.962962962962963	0.529411764705882	0.733333333333333	0
671546_1	1	1	0.307692307692308	1
671546_2	1	1	0.307692307692308	1
699286	0	0	0	0.6
734415	0.962962962962963	0.956521739130435	1	0.181818181818182
90852	0.790697674418605	0.166666666666667	0	0
3906106	1	1	1	0.4
2271788	0.924528301886792	0.764705882352941	0.533333333333333	0
5042159	0	0.142857142857143	0.727272727272727	0
2587031	0.0181818181818182	0.133333333333333	0.8125	0.227272727272727
1841484	0.955555555555556	1	1	0.333333333333333
258444	1	0.96	0.52	1
65707	0.888888888888889	0.75	0.692307692307692	0
5107454_1	0.767857142857143	1	1	0
5107454_2	0.767857142857143	1	1	0
257233	0.942307692307692	1	0.2	0.733333333333333
2191100	0	0	0	0.5625
17053	0.919354838709677	1	1	0.235294117647059
3165809	0.108695652173913	0	0.315789473684211	0.916666666666667
294882	0.121951219512195	0.08	0.285714285714286	1
7550_1	0	0	0	0.529411764705882
7550_2	0	0	0	0.529411764705882
1495304	0.207547169811321	0.03125	0	0.923076923076923
3587085	0.223684210526316	0.08	0.125	1
2845279_1	0.929824561403509	0.676470588235294	0.85	0.0833333333333333
2845279_2	0.929824561403509	0.676470588235294	0.85	0.0833333333333333
483373	0.217391304347826	0.0526315789473684	0.176470588235294	1
1404648	0.823529411764706	0.64	0.954545454545455	0
2277754	0.942307692307692	1	1	0.333333333333333
857068_1	0.128205128205128	0.0625	0.0714285714285714	0.05
857068_2	0.128205128205128	0.0625	0.0714285714285714	0.05
3650583	0.985714285714286	0.933333333333333	0.3125	0.857142857142857
367001	0.975609756097561	0.826086956521739	0.333333333333333	1
5097110	0.333333333333333	0.863636363636364	1	1
2058565	0.78125	0.933333333333333	0.866666666666667	0.0952380952380952
750957	0.753424657534247	0.909090909090909	0.952380952380952	0.0625
1582180	0.712121212121212	0.956521739130435	0.818181818181818	0
4351297	1	0.958333333333333	0.466666666666667	1
273178	0.188679245283019	0.111111111111111	0.181818181818182	0.923076923076923
2125807_1	0.114285714285714	0.0588235294117647	0.117647058823529	0.916666666666667
2125807_2	0.114285714285714	0.0588235294117647	0.117647058823529	0.916666666666667
2125807_3	0.114285714285714	0.0588235294117647	0.117647058823529	0.916666666666667
2028325	0.418181818181818	1	1	0.2
1166761	0.166666666666667	0.48	0.818181818181818	0
5282116_1	0.804347826086957	0.764705882352941	1	0
5282116_2	0.804347826086957	0.764705882352941	1	0
20572	0.793650793650794	0.882352941176471	0.5	0
5503559	0.981481481481482	1	1	0.5
2034120	0.58695652173913	0.8	0.92	0
1075880_1	0.877551020408163	0.8125	1	0.111111111111111
1075880_2	0.877551020408163	0.8125	1	0.111111111111111
458486	0.414634146341463	1	1	0.866666666666667
4358874	0.859375	0.92	0.933333333333333	0.153846153846154
3561144	0.681159420289855	0.153846153846154	0	0
759761	0.745098039215686	0.285714285714286	0.105263157894737	1
1960855	0.173913043478261	0.142857142857143	0.1875	0.923076923076923
3236773	0.0232558139534884	0	0	0.5
1194847	0.356164383561644	0.136363636363636	0.1	1
5317437	0.714285714285714	0.846153846153846	0.941176470588235	0
1404926	1	1	1	0.583333333333333
4897430	0.701492537313433	0.84375	0.857142857142857	0
150549	0.315789473684211	0.0909090909090909	0.5	0.909090909090909
798517_1	0.191780821917808	0	0	0.8
798517_2	0.191780821917808	0	0	0.8
2190502	0.454545454545455	0.875	1	1
1271872	0.814814814814815	0.805555555555556	1	0
4142974	0.887096774193548	0.72	0.266666666666667	0.941176470588235
2556677	0.19047619047619	0.35	0.5	0.923076923076923
1808432	0.609756097560976	0.6875	0.823529411764706	0
2963595	0.377777777777778	0.176470588235294	0	0.733333333333333
766865	0.333333333333333	0.222222222222222	0.75	1
2054566	0.0625	0.0454545454545455	0.0909090909090909	0.6
3561741	0.351851851851852	0.181818181818182	0.705882352941177	1
3148839	0.459016393442623	1	0.923076923076923	1
437738	0.4	0.1	0.1	0.684210526315789
2812441	0.723404255319149	0.708333333333333	0.904761904761905	0
1812469	0.0612244897959184	0	0.4	0
5644773_1	0.816666666666667	0.652173913043478	1	0
5644773_2	0.816666666666667	0.652173913043478	1	0
521249	0.69811320754717	0.8	0.866666666666667	0
5902854	0.08	0.151515151515152	0.0909090909090909	0.833333333333333
5479271	0.262295081967213	0.217391304347826	0.105263157894737	0.909090909090909
519081_1	0.705882352941177	0.851851851851852	0.666666666666667	0
519081_2	0.705882352941177	0.851851851851852	0.666666666666667	0
5255290	0.716981132075472	0.5625	0.846153846153846	0
2994368	0.744186046511628	0.791666666666667	0.785714285714286	0
5940141	0.403846153846154	0.1875	0.0666666666666667	1
4990235	0.645569620253165	0.192307692307692	0	0
1254972_1	0.78125	0.888888888888889	0.909090909090909	0
1254972_2	0.78125	0.888888888888889	0.909090909090909	0
4280568	0.5125	0	0.2	1
812033	0.21875	0.1	0.571428571428571	0.571428571428571
1478631	0.418604651162791	0.8125	1	1
3216336	0.476190476190476	0.210526315789474	0.142857142857143	1
1137256	0.342105263157895	0.307692307692308	0.176470588235294	1
272207	0.434782608695652	0.818181818181818	0.91304347826087	1
1546036	0.5	0.4	0.25	1
2031495	0.260869565217391	0.0384615384615385	0.12	1
3401078	0.474576271186441	0.263157894736842	0.142857142857143	1
2135975	0.375	0.642857142857143	1	1
497115	0.647887323943662	0.821428571428571	0.888888888888889	0
568957	0.17910447761194	0.0606060606060606	0	0.631578947368421
4940190	0.711111111111111	0.730769230769231	0.928571428571429	0
5962863	0.581395348837209	0.352941176470588	0.214285714285714	0.941176470588235
839126	0.957446808510638	0.666666666666667	0.4375	1
651974	0.622950819672131	0.620689655172414	0.285714285714286	0
742491	0.181818181818182	0.037037037037037	0.0625	0.7
2682498	0.5	0.0645161290322581	0	0
2902475	0.35	0.135135135135135	0.285714285714286	1
1553398	0.380952380952381	0.0434782608695652	0.0909090909090909	0.909090909090909
2531537	0.355932203389831	0.1	0.1	0.916666666666667
2287511	0.297872340425532	0.266666666666667	0.375	1
1531051	0.26	0.444444444444444	0.0869565217391304	0.866666666666667
1312054_1	0.698412698412698	0.88	0.904761904761905	0.166666666666667
1312054_2	0.698412698412698	0.88	0.904761904761905	0.166666666666667
1312054_3	0.698412698412698	0.88	0.904761904761905	0.166666666666667
1150553	0.0363636363636364	0.291666666666667	0.235294117647059	0
3901517	0.666666666666667	0.72	0.846153846153846	0.2
41351	0.982758620689655	1	1	0.625
596215	0.581395348837209	0.1	0.117647058823529	0.125
4909605	0.263157894736842	0.303030303030303	0.227272727272727	1
458290	0.155555555555556	0	0	0
5139955	0.175438596491228	0.214285714285714	0.181818181818182	0.769230769230769
6566876_1	0.789473684210526	0.866666666666667	0.952380952380952	0.3
6566876_2	0.789473684210526	0.866666666666667	0.952380952380952	0.3
5034085	0.684210526315789	0.416666666666667	0.1875	0.117647058823529
2426944_1	0.491803278688525	0.333333333333333	0.133333333333333	1
2426944_2	0.491803278688525	0.333333333333333	0.133333333333333	1
6078381	0.271186440677966	0.478260869565217	0.260869565217391	1
1791380	0.90625	0.8	0.44	0.5
906152	0.671875	0.71875	0.761904761904762	0
3134188	0.666666666666667	0.777777777777778	0.666666666666667	0
1010337_1	0.166666666666667	0.241379310344828	0.272727272727273	1
1010337_2	0.166666666666667	0.241379310344828	0.272727272727273	1
3537534	0.732142857142857	0.538461538461538	0.8	0
114994	0.291666666666667	0.172413793103448	0	0.857142857142857
63779	0.186046511627907	0.347826086956522	0.772727272727273	0.526315789473684
843840	0.714285714285714	0.76	0.785714285714286	0
1154705	0.525	0.631578947368421	0.529411764705882	0
718670	0.587301587301587	0.8	0.533333333333333	0
3703671	0.634146341463415	0.346153846153846	0.736842105263158	1
1749106	0.441176470588235	0.631578947368421	0.933333333333333	0
2390673	0.114285714285714	0.04	0.0952380952380952	0
3697367	0.215686274509804	0.291666666666667	0.3125	0.846153846153846
1827758	0.776119402985075	0.952380952380952	0.928571428571429	0.277777777777778
752286	0.246376811594203	0.09375	0	0.526315789473684
4972818_1	0.309859154929577	0.4	0.272727272727273	1
4972818_2	0.309859154929577	0.4	0.272727272727273	1
5786136	0.34375	0.266666666666667	0.173913043478261	1
161599	0.266666666666667	0.241379310344828	0.307692307692308	0.8
1983430	0.478260869565217	0.176470588235294	0.1875	1
2055094	0.302631578947368	0.192307692307692	0.285714285714286	0.882352941176471
71025	0.315789473684211	0.192307692307692	0.285714285714286	0.916666666666667
4196726	0.541666666666667	0.85	0.8	0
506879	0.459459459459459	0.3125	0.133333333333333	0
1032737	0.134615384615385	0.142857142857143	0	0.428571428571429
5237328	0.385964912280702	0.25	0.136363636363636	1
463259	0.195121951219512	0.1875	0	0
242057	0.537313432835821	0.428571428571429	0	1
5607490	0.613636363636364	1	1	1
520368	0.618181818181818	0.35	0.933333333333333	1
781073	0.906666666666667	0.870967741935484	1	0.384615384615385
5737635	0.835820895522388	0.970588235294118	1	1
2170291	0.356164383561644	0.121212121212121	0.588235294117647	0.818181818181818
800014	0.072463768115942	0	0	0.25
2225978	0.659090909090909	0.642857142857143	0.684210526315789	0
3459310	0.44	0.25	0.0769230769230769	0
5820816	0.537313432835821	0.521739130434783	0.05	0
1155039	0.593220338983051	0.793103448275862	0.260869565217391	0
5209154	0.46	0.387096774193548	0.411764705882353	1
3238124	0.823529411764706	1	1	0.866666666666667
2986913	0.916666666666667	0.695652173913043	0.9	1
21806	0.636363636363636	0.470588235294118	0.666666666666667	0.0625
138849	0.302325581395349	0.458333333333333	0.285714285714286	1
3960587	0.46969696969697	0.625	0.782608695652174	1
282961	0.244897959183673	0.384615384615385	0.214285714285714	1
5944048	0.27906976744186	0.129032258064516	0	0
5444094	0.508474576271186	0.806451612903226	1	1
87009	0.380281690140845	0.766666666666667	0.384615384615385	0
4919514	0.589285714285714	0.476190476190476	0.8	0.0909090909090909
707552	0.765957446808511	0.6	0.785714285714286	0.0833333333333333
330459	0.563636363636364	0.481481481481481	0.944444444444444	0
839018	0.538461538461538	0.5	0.176470588235294	1
6362680	0.390625	0.782608695652174	0.545454545454545	0
3976146	0.555555555555556	0.5	0.315789473684211	1
4952433	0.876712328767123	1	1	0.625
2683377	0.403225806451613	0.7	0.666666666666667	0
2016657	0.115942028985507	0.0714285714285714	0.153846153846154	0.0434782608695652
471478	0.367647058823529	0.428571428571429	0.307692307692308	1
2002432	0.178571428571429	0	0.166666666666667	0.142857142857143
278088	0.229508196721311	0.205882352941176	0.133333333333333	0.714285714285714
2788365	0.647887323943662	0.866666666666667	1	0.304347826086957
3935736	0.755102040816326	1	0.96	0.466666666666667
1838585	0.431372549019608	0.15625	0	0
160827	0.391304347826087	0.5	0.478260869565217	1
946653_1	0.426229508196721	0.230769230769231	0.12	1
946653_2	0.426229508196721	0.230769230769231	0.12	1
313550	0.46551724137931	0.535714285714286	0.235294117647059	1
5003525	0.5	0.842105263157895	1	0.842105263157895
4456633	0.806451612903226	0.857142857142857	0.375	0.272727272727273
3645000	0.351851851851852	0.545454545454545	0.615384615384615	0.944444444444444
2733214	0.613333333333333	0.485714285714286	0.08	0.789473684210526
4411455	0.132075471698113	0	0.4	0
307390	0.5	0.8125	0.647058823529412	0
5327202	0.408163265306122	0	0.125	0.0476190476190476
5957530	0.488888888888889	0.473684210526316	0.315789473684211	1
2148615	0.770833333333333	0.9	0.75	0.384615384615385
3536685	0.745098039215686	1	0.769230769230769	1
1590613	0.588235294117647	0.529411764705882	0.666666666666667	0
5019	0.5	0.37037037037037	0.166666666666667	1
2549179	0.590163934426229	1	1	0.777777777777778
222207_1	0.516666666666667	0.227272727272727	0.173913043478261	0.909090909090909
222207_2	0.516666666666667	0.227272727272727	0.173913043478261	0.909090909090909
4902942_1	0.7	0.666666666666667	0.625	0
4902942_2	0.7	0.666666666666667	0.625	0
473431_1	0.140350877192982	0.133333333333333	0.25	0.0769230769230769
473431_2	0.140350877192982	0.133333333333333	0.25	0.0769230769230769
473431_3	0.140350877192982	0.133333333333333	0.25	0.0769230769230769
1792946	0.464788732394366	0.36	0.5	1
2012641	0.784313725490196	0.44	0.529411764705882	0.153846153846154
1380986_1	0.536231884057971	0.68	0.230769230769231	1
1380986_2	0.536231884057971	0.68	0.230769230769231	1
424826	0.901639344262295	0.909090909090909	1	1
2471852	0.144927536231884	0	0	0
667806	0.829268292682927	0.882352941176471	0.789473684210526	1
394720	0.406779661016949	0.393939393939394	0.214285714285714	0.916666666666667
300783	0.417910447761194	0.575757575757576	0.153846153846154	1
1001541	0.36	0.4	0.214285714285714	1
783764	0.292307692307692	0.238095238095238	0.0625	0.611111111111111
5479428	0.340425531914894	0.384615384615385	0.217391304347826	1
3246761	0.585714285714286	0.521739130434783	0.666666666666667	0
5077278	0.291666666666667	0.571428571428571	0.1	0
6074529	0.625	0.68	0.941176470588235	0.363636363636364
5192	0.87037037037037	0.954545454545455	1	0.5
1245949_1	0.217391304347826	0.368421052631579	0.260869565217391	0.45
1245949_2	0.217391304347826	0.368421052631579	0.260869565217391	0.45
1915896	0.484848484848485	0.842105263157895	0.434782608695652	0.19047619047619
2265619	0.4	0.571428571428571	0.411764705882353	1
251610	0.189655172413793	0	0	0.35
1509642	0.415094339622642	0.375	0.222222222222222	1
106626	0.508771929824561	0.25	0.105263157894737	0
5012913	0.292682926829268	0	0	0
250938	0.507042253521127	0.678571428571429	0.733333333333333	0
3219290	0.507462686567164	0.25	0.619047619047619	1
1598922	0.76271186440678	0.95	0.909090909090909	1
3629691	0.871428571428571	0.681818181818182	0.384615384615385	1
6188743	0.627906976744186	0.5	0.714285714285714	0.1
12836	0.571428571428571	0.607142857142857	0.545454545454545	0.04
263643	0.675675675675676	0.53125	0.142857142857143	1
5783186	0.660377358490566	0.96969696969697	1	1
5103666	0.574468085106383	0.758620689655172	0.916666666666667	0.111111111111111
4505386	0.507692307692308	0.607142857142857	0.789473684210526	0
6053328	0.589285714285714	0.4	0.478260869565217	0
1011817	0.732142857142857	0.766666666666667	1	0.909090909090909
2670502	0.793650793650794	0.730769230769231	0.571428571428571	0.315789473684211
5211701	0.525	0.5	0.230769230769231	1
3206482	0.352941176470588	0.642857142857143	0.545454545454545	0
928520	1	1	0.72	0.909090909090909
608411_1	0.303571428571429	0	0	0
608411_2	0.303571428571429	0	0	0
702026	0.826923076923077	0.548387096774194	0.807692307692308	1
1776320	0.344262295081967	0	0.0476190476190476	0
5137853	0.545454545454545	0.5	0.818181818181818	0
1865281	0.661016949152542	0.733333333333333	0.789473684210526	0.0833333333333333
3647932	0.476923076923077	0.483870967741935	0.833333333333333	1
2738575	0.352941176470588	0.235294117647059	0	0
5221408	0.6125	0.972972972972973	1	0.823529411764706
5505155	0.712328767123288	0.928571428571429	0.928571428571429	0.48
1694663	0.292682926829268	0.0526315789473684	0	0.0588235294117647
5368665	0.3125	0.264705882352941	0.533333333333333	1
6020130	0.555555555555556	0.318181818181818	0.428571428571429	0
3541754_1	0.697674418604651	0.875	0.941176470588235	0.4
3541754_2	0.697674418604651	0.875	0.941176470588235	0.4
31533	0.848101265822785	0.888888888888889	0.833333333333333	0.368421052631579
709242_1	0.786666666666667	0.9	0.923076923076923	0.363636363636364
709242_2	0.786666666666667	0.9	0.923076923076923	0.363636363636364
951683	0.283783783783784	0.260869565217391	0.307692307692308	0.7
1258959	0.262295081967213	0.357142857142857	0.25	0.777777777777778
2149071	0.109090909090909	0	0.0625	0.428571428571429
24311	0.731707317073171	0.904761904761905	0.666666666666667	0.380952380952381
360752	0.333333333333333	0.565217391304348	0.111111111111111	0
237630	0.649122807017544	1	1	0.916666666666667
5735705	0.508474576271186	0.5	0.409090909090909	1
5185545	0.513157894736842	0.45	0.181818181818182	1
3045590	0.148936170212766	0.45	0.0454545454545455	0
552469	0.622950819672131	0.375	0.588235294117647	0
4915499	0.072463768115942	0.45	0.25	0
50550	0.803571428571429	1	1	1
5562877	0.0377358490566038	0.333333333333333	0.28	0
1971148	0.566037735849057	0.612903225806452	0.391304347826087	0
2129433	0.370967741935484	0.583333333333333	0.421052631578947	1
5479594	0.454545454545455	0.458333333333333	0.285714285714286	1
1397085	0.416666666666667	0.541666666666667	0.8	0.0769230769230769
216962_1	0.372093023255814	0.0454545454545455	0.142857142857143	0.117647058823529
216962_2	0.372093023255814	0.0454545454545455	0.142857142857143	0.117647058823529
2102426	0.344827586206897	0	0.0625	0.0833333333333333
471988	0.39344262295082	0.35	0.36	1
481348	0.160714285714286	0	0	0.411764705882353
1113557	0.552238805970149	0.24	0.421052631578947	0.928571428571429
5231828	0.7	0.724137931034483	0.8	0.904761904761905
2280159	0.578947368421053	0.53125	0.476190476190476	1
1560170	0.692307692307692	0.777777777777778	0.727272727272727	0.291666666666667
6182929	0.338709677419355	0.566666666666667	0.294117647058824	0
1823662_1	0.471428571428571	0.48	0.4	1
1823662_2	0.471428571428571	0.48	0.4	1
1823662_3	0.471428571428571	0.48	0.4	1
1821056	0.0344827586206897	0	0.0909090909090909	0.32
677067	0.413793103448276	0.55	0.25	0
56950	0.392857142857143	0.424242424242424	0.705882352941177	0.866666666666667
6486118	0.125	0.0526315789473684	0	0.0476190476190476
1815915	0.290909090909091	0.3125	0.230769230769231	0.846153846153846
948680_1	0.111111111111111	0.0714285714285714	0.461538461538462	0.05
948680_2	0.111111111111111	0.0714285714285714	0.461538461538462	0.05
759490	0.296296296296296	0	0	0.0454545454545455
1495334	0.866666666666667	0.842105263157895	0.769230769230769	1
2705014	0.5	0.3125	0.571428571428571	1
648051	0.425531914893617	0.545454545454545	0.470588235294118	1
653177	0.9	0.694444444444444	0.846153846153846	0.933333333333333
4368806	0.423728813559322	0.48	0.714285714285714	0
96862_1	0.433962264150943	0.12	0	0.285714285714286
96862_2	0.433962264150943	0.12	0	0.285714285714286
772757	0.824324324324324	0.692307692307692	0.4375	1
1776041	0.644444444444444	0.818181818181818	1	1
3237100	0.280701754385965	0.153846153846154	0.4	0.75
1952988	0.1875	0.08	0.25	0.48
637195	0.532258064516129	0.636363636363636	0.352941176470588	0
2395160	0.525423728813559	0.333333333333333	0.578947368421053	1
5267186	0.796296296296296	1	1	1
5273247	0.754098360655738	0.558823529411765	0.6	0.25
194609	0.547945205479452	0.814814814814815	0.692307692307692	1
5387443	0.207792207792208	0.222222222222222	0.0526315789473684	0.727272727272727
3901258	0.863636363636364	0.75	0.857142857142857	0.866666666666667
446163	0.30188679245283	0	0	0.277777777777778
2020423	0.321428571428571	0.303030303030303	0.5	0
1202664	0.140625	0	0	0.25
3892627	0.781818181818182	0.555555555555556	0.9375	0.875
287137	0.333333333333333	0.217391304347826	0.277777777777778	0.818181818181818
1963496	0.39344262295082	0.24	0.5	0
6584303	0.507246376811594	0.645161290322581	0.666666666666667	0
1155040	0.593220338983051	0.571428571428571	0.409090909090909	0
755358	0.422535211267606	0.695652173913043	0.307692307692308	0
2026174	0.0394736842105263	0	0.0476190476190476	0.125
33998	0.841269841269841	0.75	0.846153846153846	0.933333333333333
751870	0.289473684210526	0.235294117647059	0	0
746898	0.810344827586207	0.857142857142857	1	0.882352941176471
440862	0.862068965517241	1	0.888888888888889	1
165208	0.0793650793650794	0.0416666666666667	0.0416666666666667	0.0666666666666667
743847	0.381818181818182	0	0.0555555555555556	0.2
3674148	0.436363636363636	0.46875	0.263157894736842	1
267252	0.271186440677966	0	0	0.133333333333333
384523	0.853658536585366	0.846153846153846	0.944444444444444	0.769230769230769
5479557_1	0.403508771929825	0.346153846153846	0.24	0.769230769230769
5479557_2	0.403508771929825	0.346153846153846	0.24	0.769230769230769
5549367	0.219512195121951	0	0.375	0.333333333333333
4211418	0.555555555555556	0.545454545454545	0.388888888888889	1
2001082_1	0.839285714285714	0.958333333333333	0.833333333333333	0.944444444444444
2001082_2	0.839285714285714	0.958333333333333	0.833333333333333	0.944444444444444
3155199	0.225806451612903	0.0555555555555556	0	0.476190476190476
1548817	0.682539682539683	0.88	1	0.941176470588235
1216724	0.0943396226415094	0.0357142857142857	0	0.153846153846154
2669186	0.902439024390244	0.823529411764706	0.928571428571429	1
3311417	0.559322033898305	0.733333333333333	0.44	1
125655	0.692307692307692	0.774193548387097	0.8	0.428571428571429
4921160	0.116883116883117	0.117647058823529	0.272727272727273	0.0476190476190476
1004506	0.156862745098039	0.387096774193548	0.166666666666667	0
5101773	0.5625	0.3125	0.6875	1
329163	0.648148148148148	0.857142857142857	0.916666666666667	0.714285714285714
5485138	0.290322580645161	0.458333333333333	0.473684210526316	0.421052631578947
1574748	0.232558139534884	0.181818181818182	0.0625	0.0869565217391304
3131272	0.102941176470588	0.217391304347826	0	0
773932	0.25	0.0277777777777778	0	0
221463	0.176470588235294	0	0.333333333333333	0.130434782608696
1635262	0.82	1	1	1
3907302	0.866666666666667	0.925925925925926	1	1
3534710	0.305084745762712	0.0689655172413793	0.04	0
4927183	0.220338983050847	0.269230769230769	0.15	0
738358	0.173333333333333	0.275862068965517	0.380952380952381	0
5734071	0.520547945205479	0.482758620689655	0.708333333333333	1
788650	0.625	0.774193548387097	0.857142857142857	1
404016	0.583333333333333	0.590909090909091	0.217391304347826	0.416666666666667
2057710	0.648148148148148	0.862068965517241	0.9375	1
4978168	0.818181818181818	0.88	0.5625	1
2337620	0.10958904109589	0.227272727272727	0.409090909090909	0
5626770	0.0517241379310345	0.25	0	0
953297	0.194029850746269	0	0	0.153846153846154
3243945	0.693333333333333	0.966666666666667	1	0.9
4933288	0.5	0.514285714285714	0.153846153846154	0.8
2376216	0.754385964912281	1	1	0.941176470588235
5122946	0.260869565217391	0.133333333333333	0	0
2726903	0.15625	0	0	0.363636363636364
718653	0.461538461538462	0.5	0.357142857142857	1
520886	0.295454545454545	0.285714285714286	0.0952380952380952	0
550003	0.169811320754717	0.409090909090909	0.0526315789473684	0
73056	0.903225806451613	0.740740740740741	0.842105263157895	1
6215992	0.676470588235294	0.478260869565217	0.411764705882353	0.285714285714286
1314467	0.684210526315789	0.590909090909091	0.583333333333333	1
69933	0.796610169491525	1	1	1
5443765	0.709677419354839	0.869565217391304	0.833333333333333	0.45
5134992	0.5	0.620689655172414	0.789473684210526	0.777777777777778
1545653_1	0.703703703703704	0.947368421052632	0.866666666666667	1
1545653_2	0.703703703703704	0.947368421052632	0.866666666666667	1
5607780	0.847222222222222	1	0.916666666666667	1
99428_1	0.882352941176471	0.875	0.6875	1
99428_2	0.882352941176471	0.875	0.6875	1
6648_1	0.532467532467532	0.5	0.315789473684211	1
6648_2	0.532467532467532	0.5	0.315789473684211	1
5175627	0.295454545454545	0.285714285714286	0.0588235294117647	0
894184	0.73134328358209	0.863636363636364	1	1
797739	0.745098039215686	0.764705882352941	1	0.588235294117647
3330800	0.905660377358491	0.96875	0.833333333333333	1
323538	0.6	0.714285714285714	0.818181818181818	1
5111803	0.537313432835821	0.571428571428571	0.565217391304348	1
5096628	0.786666666666667	0.956521739130435	1	1
3171908	0.164179104477612	0	0.181818181818182	0
4988764	0.333333333333333	0.0588235294117647	0.142857142857143	0.133333333333333
767616	0.493506493506494	0.458333333333333	0.473684210526316	0.941176470588235
327112	0.918367346938776	0.947368421052632	0.666666666666667	1
2231802	0.436619718309859	0.5	0.5625	0.117647058823529
4411648	0.885714285714286	0.851851851851852	1	1
1823822	0.791044776119403	0.619047619047619	0.958333333333333	1
1871761	0.8	0.681818181818182	0.590909090909091	1
3534786	0.169014084507042	0.0454545454545455	0.277777777777778	0.470588235294118
5046807	0.160714285714286	0.242424242424242	0.15	0.3125
4244261	0.16	0.235294117647059	0.222222222222222	0
2461260	0.819672131147541	0.909090909090909	0.6	0.894736842105263
103059	0.51219512195122	0.4	0.421052631578947	0.111111111111111
1959755	0.898550724637681	0.67741935483871	0.733333333333333	1
1377418	0.402597402597403	0.575757575757576	0.352941176470588	0.909090909090909
2478013	0.38	0.648648648648649	0.666666666666667	0.764705882352941
1010099	0.714285714285714	0.727272727272727	0.434782608695652	0.363636363636364
4958986	0.0649350649350649	0.235294117647059	0	0
3233778	0.323529411764706	0.444444444444444	0.533333333333333	0.352941176470588
5633630	0.238095238095238	0.0434782608695652	0.0714285714285714	0
630249_1	0.177777777777778	0	0	0
630249_2	0.177777777777778	0	0	0
478954	0.238805970149254	0.0689655172413793	0.0909090909090909	0.25
5695413	0.169491525423729	0.291666666666667	0	0
6341801	0.225806451612903	0.142857142857143	0.461538461538462	0
1167799	0.215189873417722	0.361111111111111	0	0.136363636363636
37837_1	0.723404255319149	0.958333333333333	0.904761904761905	1
37837_2	0.723404255319149	0.958333333333333	0.904761904761905	1
422497	0.807692307692308	1	1	1
2204393	0.08	0.130434782608696	0	0.333333333333333
1839293	0.793103448275862	0.842105263157895	1	0.56
4921219	0.245283018867925	0.0869565217391304	0	0.375
4450453	0.661538461538462	0.48	0.611111111111111	1
132009	0.666666666666667	0.761904761904762	0.923076923076923	1
147436	0.640625	0.730769230769231	0.736842105263158	0.444444444444444
5325108	0.5	0.433333333333333	0.5	0.0909090909090909
1566764	0.791044776119403	1	1	0.96
5239215	0.209677419354839	0	0	0.0625
148875	0.716666666666667	0.76	0.8	1
785939	0.447368421052632	0.421052631578947	0.333333333333333	0.0833333333333333
4376719	0.525641025641026	0.652173913043478	0.631578947368421	0.24
2612161	0.448717948717949	0.681818181818182	0.857142857142857	0.454545454545455
3128807	0.116883116883117	0	0.0909090909090909	0.0714285714285714
4464625	0.96969696969697	0.777777777777778	0.826086956521739	1
4991557	0.212765957446809	0.05	0.105263157894737	0.272727272727273
1040610_1	0.258620689655172	0.0588235294117647	0.272727272727273	0
1040610_2	0.258620689655172	0.0588235294117647	0.272727272727273	0
1780076	0.571428571428571	0.5	0.541666666666667	1
6494989	0.509090909090909	0.476190476190476	0.619047619047619	0.916666666666667
5156714	0.235294117647059	0	0.125	0.375
2239758	0.791666666666667	0.972972972972973	1	1
5609088_1	0.209677419354839	0.277777777777778	0.0714285714285714	0.0526315789473684
5609088_2	0.209677419354839	0.277777777777778	0.0714285714285714	0.0526315789473684
1957515	0.782051282051282	1	1	0.833333333333333
1694029	0.640625	0.647058823529412	0.619047619047619	1
1837689	0.133333333333333	0.333333333333333	0.0526315789473684	0.0588235294117647
328502	0.723684210526316	0.583333333333333	0.6875	1
4923400	0.531645569620253	0.607142857142857	0.684210526315789	0.230769230769231
1250643	0.740740740740741	0.903225806451613	1	0.954545454545455
778127	0.0746268656716418	0.294117647058824	0.0476190476190476	0
829757	0.642857142857143	0.8	0.857142857142857	1
291013	0.757575757575758	0.833333333333333	0.933333333333333	0.857142857142857
1025133	0.305084745762712	0.269230769230769	0.0909090909090909	0
5824853	0.654545454545455	0.636363636363636	0.8	1
325001	0.15	0	0	0
40857	0.219512195121951	0.352941176470588	0.285714285714286	0
533013	0.575757575757576	0.769230769230769	0.785714285714286	0.357142857142857
2644629	0.846153846153846	1	1	1
664286	0.164383561643836	0	0	0
5184819	0.175	0.0714285714285714	0.0526315789473684	0.2
5027485_1	0.448717948717949	0.388888888888889	0.615384615384615	0.166666666666667
5027485_2	0.448717948717949	0.388888888888889	0.615384615384615	0.166666666666667
747169	0.208955223880597	0	0	0.0833333333333333
2635507	0.159090909090909	0.333333333333333	0.2	0
703403	0.761194029850746	0.904761904761905	1	0.846153846153846
5472265	0.357142857142857	0.105263157894737	0.111111111111111	0.352941176470588
2397018	0.208955223880597	0	0	0.05
632266	0.05	0	0	0
321115_1	0.72	0.954545454545455	0.826086956521739	1
321115_2	0.72	0.954545454545455	0.826086956521739	1
4337468	0.85	1	1	0.705882352941177
1874767_1	0.821428571428571	0.821428571428571	0.842105263157895	1
1874767_2	0.821428571428571	0.821428571428571	0.842105263157895	1
632198	0.115942028985507	0.266666666666667	0.176470588235294	0
1057932	0.214285714285714	0.173913043478261	0.117647058823529	0.4375
296238	0.135593220338983	0	0	0.266666666666667
5153168_1	0.196428571428571	0.2	0.0555555555555556	0
5153168_2	0.196428571428571	0.2	0.0555555555555556	0
3749158	0.859649122807018	0.739130434782609	0.833333333333333	1
620585	0.30188679245283	0.12	0.0476190476190476	0.0769230769230769
1543779	0.673076923076923	0.806451612903226	0.714285714285714	0.909090909090909
257264	0.923076923076923	0.869565217391304	0.75	1
222125	0.907407407407407	0.72972972972973	0.904761904761905	1
38759_1	0.213114754098361	0	0	0.235294117647059
38759_2	0.213114754098361	0	0	0.235294117647059
673042	0.132352941176471	0	0.266666666666667	0
45841	0.153846153846154	0	0	0
1319523	0.772151898734177	0.935483870967742	0.9375	1
3529649	0.216666666666667	0.130434782608696	0	0
2316163	0.625	0.648648648648649	0.722222222222222	0.285714285714286
3235070	0.867924528301887	0.642857142857143	0.842105263157895	1
629148	0.147058823529412	0	0	0
1417020	0.354166666666667	0.264705882352941	0.0555555555555556	0.3
13249	0.1	0.363636363636364	0.157894736842105	0.142857142857143
159934	0.272727272727273	0.178571428571429	0	0.0526315789473684
669821	0.755102040816326	0.735294117647059	0.875	1
2626317	0.807017543859649	1	0.869565217391304	1
1832373	0.208333333333333	0.09375	0	0
5062049	0.903225806451613	0.75	1	1
1162317	0.5	0.5	0.3	0.529411764705882
396399_1	0.158730158730159	0.0666666666666667	0.15	0.111111111111111
396399_2	0.158730158730159	0.0666666666666667	0.15	0.111111111111111
2236159	0.839285714285714	1	1	0.952380952380952
4742289	0.15	0	0	0
1957179	0.833333333333333	1	1	0.823529411764706
2470815	0.811320754716981	0.833333333333333	0.916666666666667	1
5937327	0.2	0.0833333333333333	0	0
674702	0.862068965517241	1	1	1
641904	0.166666666666667	0	0	0
5343719	0.150684931506849	0.151515151515152	0	0
6469795_1	0.10958904109589	0.0571428571428571	0.111111111111111	0.0588235294117647
6469795_2	0.10958904109589	0.0571428571428571	0.111111111111111	0.0588235294117647
5627796	0.78125	0.756756756756757	0.923076923076923	1
4921037	0.71830985915493	0.964285714285714	0.923076923076923	0.80952380952381
389801	0.161290322580645	0	0	0.0526315789473684
5797818	0.126984126984127	0	0	0
6146278	0.782608695652174	0.833333333333333	1	1
2310270	0.836363636363636	0.962962962962963	1	1
1874483	0.280701754385965	0.363636363636364	0.157894736842105	0
2850625	0.257142857142857	0.290322580645161	0.0833333333333333	0.0833333333333333
1323885	0.2	0	0.111111111111111	0
5712714	0.296296296296296	0.222222222222222	0	0.230769230769231
1092872	0.788461538461538	1	0.75	1
5118761	0.793650793650794	0.909090909090909	1	1
691877	0.147540983606557	0	0.0476190476190476	0
2148553	0.238095238095238	0.111111111111111	0	0.0555555555555556
666325	0.150943396226415	0	0.142857142857143	0.0769230769230769
5314814_1	0.209302325581395	0.333333333333333	0.0869565217391304	0.0666666666666667
5314814_2	0.209302325581395	0.333333333333333	0.0869565217391304	0.0666666666666667
812526	0.588235294117647	0.4	0.4	0.272727272727273
265816	0.794871794871795	0.72	0.875	1
2775982	0.735294117647059	0.928571428571429	0.8125	0.777777777777778
2038428	0.212121212121212	0.03125	0.133333333333333	0
3739124	0.76056338028169	0.88	0.941176470588235	1
5176213	0.883333333333333	0.956521739130435	1	0.75
699974	0.194029850746269	0.0810810810810811	0	0
4909604	0.162790697674419	0.130434782608696	0	0
5611491	0.193548387096774	0.206896551724138	0	0
350907_1	0.206896551724138	0.16	0	0
350907_2	0.206896551724138	0.16	0	0
2475860	0.263888888888889	0.0571428571428571	0.222222222222222	0.25
5716287	0.87719298245614	1	1	1
4905032	0.26	0.28125	0.142857142857143	0.384615384615385
2373701	0.823529411764706	1	0.933333333333333	0.9375
190412	0.88	1	1	1
1809919	0.82	0.80952380952381	1	1
1213229	0.821428571428571	0.846153846153846	0.764705882352941	1
1119386_1	0.893333333333333	0.92	1	0.72
1119386_2	0.893333333333333	0.92	1	0.72
3934819	0.346938775510204	0.228571428571429	0.3125	0
5892678	0.890625	0.733333333333333	1	1
871280	0.857142857142857	0.967741935483871	1	1
6097953_1	0.876543209876543	0.96969696969697	1	0.75
6097953_2	0.876543209876543	0.96969696969697	1	0.75
777113	0.0952380952380952	0.227272727272727	0	0.166666666666667
672633	0.145454545454545	0.03125	0	0
570387	0.71875	0.838709677419355	0.857142857142857	0.846153846153846
4992650	0.754098360655738	0.891891891891892	0.857142857142857	1
2545522	0.288888888888889	0.193548387096774	0.235294117647059	0.2
6391241	0.133333333333333	0	0	0
289406	0.285714285714286	0.192307692307692	0	0.2
6137776	0.74468085106383	0.892857142857143	0.785714285714286	1
3233765	0.903846153846154	1	1	1
864551	0.16	0	0	0.12
414190	0.793103448275862	0.806451612903226	0.909090909090909	0.933333333333333
4178638_1	0.761194029850746	0.857142857142857	0.75	1
4178638_2	0.761194029850746	0.857142857142857	0.75	1
1595204	0.134615384615385	0.142857142857143	0.2	0
3741320	0.16	0	0.125	0.181818181818182
26090	0.695652173913043	0.727272727272727	0.8	0.4
5174624	0.803921568627451	0.933333333333333	0.785714285714286	1
2499786	0.191780821917808	0.115384615384615	0	0
275751	0.851063829787234	0.925925925925926	1	1
5491996	0.241935483870968	0.25	0.125	0
2714264	0.830769230769231	0.964285714285714	1	0.777777777777778
2333361	0.121621621621622	0	0	0
1810515_1	0.710526315789474	0.647058823529412	0.615384615384615	0.894736842105263
1810515_2	0.710526315789474	0.647058823529412	0.615384615384615	0.894736842105263
2702444	0.759259259259259	0.727272727272727	0.761904761904762	1
321734	0.147540983606557	0.25	0.0476190476190476	0
2744605	0.186666666666667	0	0.0625	0.166666666666667
774012	0.24	0.285714285714286	0.368421052631579	0.05
5299684	0.714285714285714	0.645161290322581	0.882352941176471	0.642857142857143
1149149	0.907407407407407	0.823529411764706	0.8	1
5444372	0.846153846153846	0.944444444444444	0.944444444444444	1
2153412	0.78125	0.925925925925926	0.818181818181818	1
2098817	0.806451612903226	0.931034482758621	1	0.882352941176471
5260781	0.156862745098039	0.0857142857142857	0	0
2835043	0.181818181818182	0.0882352941176471	0.0714285714285714	0
196529	0.183333333333333	0.0606060606060606	0.0666666666666667	0
503267	0.140625	0.260869565217391	0	0.105263157894737
4197310	0.862068965517241	0.863636363636364	0.769230769230769	1
5291470	0.709090909090909	0.882352941176471	0.888888888888889	0.681818181818182
5103034	0.261538461538462	0.0740740740740741	0.222222222222222	0.0909090909090909
5669288	0.695652173913043	0.8	0.9375	0.625
5695720_1	0.796296296296296	0.864864864864865	0.857142857142857	0.769230769230769
5695720_2	0.796296296296296	0.864864864864865	0.857142857142857	0.769230769230769
5695720_3	0.796296296296296	0.864864864864865	0.857142857142857	0.769230769230769
1977106	0.794871794871795	0.681818181818182	0.7	1
3306136	0.794871794871795	0.805555555555556	0.866666666666667	1
5161592_1	0.166666666666667	0	0.142857142857143	0
5161592_2	0.166666666666667	0	0.142857142857143	0
1050456	0.112903225806452	0.171428571428571	0	0
131730	0.26865671641791	0.206896551724138	0.1875	0
1776067	0.188679245283019	0.321428571428571	0.1875	0
5968836	0.826923076923077	0.846153846153846	0.722222222222222	1
1974193	0.92	0.84	1	1
5161469	0.844827586206897	1	1	0.875
577783	0.157894736842105	0.0303030303030303	0	0.0909090909090909
587235_1	0.144736842105263	0.264705882352941	0.291666666666667	0.0434782608695652
587235_2	0.144736842105263	0.264705882352941	0.291666666666667	0.0434782608695652
280483	0.875	0.91304347826087	0.904761904761905	1
6215946	0.867924528301887	0.8	1	1
1914106	0.126582278481013	0	0	0.0588235294117647
1478160_1	0.152542372881356	0.258064516129032	0.214285714285714	0
1478160_2	0.152542372881356	0.258064516129032	0.214285714285714	0
3227942	0.727272727272727	0.818181818181818	0.833333333333333	1
725717	0.301587301587302	0.214285714285714	0.478260869565217	0.266666666666667
5821229	0.918918918918919	0.78125	0.894736842105263	1
5797889	0.841269841269841	0.916666666666667	1	1
2734584	0.175438596491228	0.272727272727273	0.0666666666666667	0
222291	0.857142857142857	0.8	0.947368421052632	1
232660	0.892307692307692	1	1	1
839672	0.188679245283019	0.192307692307692	0.315789473684211	0
364673	0.796296296296296	0.95	0.909090909090909	0.923076923076923
4905842	0.791666666666667	0.875	0.916666666666667	0.947368421052632
655777	0.102564102564103	0.185185185185185	0.227272727272727	0
2629525	0.789473684210526	0.741935483870968	1	0.846153846153846
1339881	0.82	0.95	1	0.823529411764706
5613594	0.174603174603175	0.217391304347826	0.1875	0
367756	0.7	0.75	0.65	0.8125
3116135	0.8	0.892857142857143	0.882352941176471	1
282604_1	0.890909090909091	0.828571428571429	0.869565217391304	1
282604_2	0.890909090909091	0.828571428571429	0.869565217391304	1
3903232	0.283333333333333	0.321428571428571	0.2	0
4327112	0.873015873015873	1	1	0.863636363636364
2305362	0.851351351351351	0.869565217391304	0.692307692307692	1
2135569	0.194805194805195	0.181818181818182	0.227272727272727	0
4226182	0.128205128205128	0.176470588235294	0	0
5986857	0.19047619047619	0.181818181818182	0.25	0
2674189	0.883116883116883	0.971428571428571	1	1
775240_1	0.879310344827586	0.952380952380952	1	1
775240_2	0.879310344827586	0.952380952380952	1	1
641669	0.785714285714286	0.884615384615385	0.866666666666667	1
5791575	0.765957446808511	0.833333333333333	0.909090909090909	1
4987802	0.230769230769231	0.161290322580645	0.0666666666666667	0.333333333333333
5129848	0.176470588235294	0.258064516129032	0	0.15
5621306	0.152777777777778	0.222222222222222	0.157894736842105	0
629103	0.887323943661972	1	1	0.933333333333333
4238220	0.898305084745763	0.777777777777778	0.923076923076923	0.8
791779	0.835443037974684	0.814814814814815	1	1
2137254	0.894736842105263	0.958333333333333	1	1
2174657	0.901639344262295	1	1	1
2461523_1	0.786666666666667	0.851851851851852	0.88	1
2461523_2	0.786666666666667	0.851851851851852	0.88	1
1817161	0.203389830508475	0.272727272727273	0.384615384615385	0.333333333333333
482202	0.0987654320987654	0.242424242424242	0.285714285714286	0.153846153846154
4919048	0.872727272727273	0.846153846153846	1	1
40596	0.135593220338983	0.2	0	0
111849	0.788461538461538	0.71875	0.846153846153846	1
811022	0.892307692307692	1	1	0.84
1777722	0.196078431372549	0.115384615384615	0.166666666666667	0
5629404	0.75	0.625	0.684210526315789	0.866666666666667
3670340	0.1	0.0714285714285714	0	0
2169100	0.822222222222222	0.9	0.882352941176471	1
742208	0.87037037037037	0.772727272727273	0.882352941176471	1
5618753	0.2	0.1	0.117647058823529	0
2299152	0.0810810810810811	0	0	0
5156234	0.148936170212766	0.0416666666666667	0.0666666666666667	0
339615	0.905405405405405	0.772727272727273	0.909090909090909	1
5266219	0.166666666666667	0.0625	0	0.2
1305341	0.257575757575758	0.277777777777778	0.3125	0.117647058823529
206270	0.859375	0.916666666666667	0.947368421052632	0.75
4199706	0.271186440677966	0.318181818181818	0.0769230769230769	0.428571428571429
2144403	0.225806451612903	0.142857142857143	0.125	0
532766	0.225806451612903	0.1875	0.1	0
3232020	0.130434782608696	0.0555555555555556	0.0625	0
5606240	0.0681818181818182	0	0	0
239966	0.918032786885246	1	1	1
1505629	0.841269841269841	0.84	0.782608695652174	1
3239512	0.853333333333333	0.933333333333333	1	0.9375
935200	0.898305084745763	1	0.928571428571429	1
2819905	0.844155844155844	0.862068965517241	0.947368421052632	1
2216172	0.135135135135135	0.0454545454545455	0.1	0
2001551_1	0.152173913043478	0.0769230769230769	0.136363636363636	0.25
2001551_2	0.152173913043478	0.0769230769230769	0.136363636363636	0.25
1127829	0.887096774193548	0.933333333333333	1	1
5340221	0.166666666666667	0.185185185185185	0.136363636363636	0
5148448	0.863636363636364	0.857142857142857	0.928571428571429	1
4225817	0.846153846153846	0.9375	1	0.888888888888889
6568832	0.123287671232877	0.0689655172413793	0.2	0.0588235294117647
6011137	0.175438596491228	0.117647058823529	0.0454545454545455	0
1863439	0.0377358490566038	0.107142857142857	0	0
5502454_1	0.888888888888889	0.806451612903226	0.85	1
5502454_2	0.888888888888889	0.806451612903226	0.85	1
5175473	0.557692307692308	0.527777777777778	0.625	0.611111111111111
1136736	0.821428571428571	0.875	0.894736842105263	1
4904727	0.893617021276596	0.933333333333333	1	1
1973062	0.879310344827586	0.785714285714286	0.75	0.9
5109718	0.145454545454545	0.2	0.1	0
99996	0.212765957446809	0.193548387096774	0.0476190476190476	0.1
384789	0.884615384615385	0.9	1	1
1312719	0.909090909090909	0.826086956521739	0.888888888888889	0.76
191424	0.0833333333333333	0	0	0.0588235294117647
4895282	0.904109589041096	0.838709677419355	0.95	1
455029	0.138888888888889	0.157894736842105	0	0.0714285714285714
3686228_1	0.112676056338028	0.0714285714285714	0	0
3686228_2	0.112676056338028	0.0714285714285714	0	0
3686228_3	0.112676056338028	0.0714285714285714	0	0
5110289	0.851851851851852	0.846153846153846	0.916666666666667	1
1118853	0.775	0.91304347826087	0.888888888888889	0.869565217391304
5184464	0.928571428571429	1	1	0.954545454545455
1767701	0.126984126984127	0.185185185185185	0.0476190476190476	0
1846039	0.0925925925925926	0.0625	0	0
504437	0.76271186440678	0.851851851851852	0.8	1
677122_1	0.0923076923076923	0.125	0.2	0
677122_2	0.0923076923076923	0.125	0.2	0
5457630_1	0.137931034482759	0.16	0	0.0909090909090909
5457630_2	0.137931034482759	0.16	0	0.0909090909090909
2694975	0.877551020408163	0.9	0.961538461538462	1
4328924	0.0571428571428571	0	0	0
2013868	0.893939393939394	0.925925925925926	0.894736842105263	1
4347374	0.129032258064516	0.0476190476190476	0	0.15
4746297	0.15	0.0833333333333333	0.0625	0
5160837	0.0588235294117647	0.105263157894737	0	0
77182	0.0921052631578947	0.105263157894737	0	0
5497110	0.0789473684210526	0.0357142857142857	0	0
4711	0.901639344262295	0.864864864864865	0.857142857142857	1
762195	0.12962962962963	0.133333333333333	0.16	0
4341603	0.919354838709677	0.862068965517241	0.958333333333333	1
5607676	0.850746268656716	0.942857142857143	0.88	0.947368421052632
686558	0.816666666666667	0.821428571428571	0.857142857142857	1
1487296	0.950819672131147	1	1	1
255462	0.935897435897436	1	0.933333333333333	1
130603	0.121212121212121	0.130434782608696	0.0666666666666667	0
86125	0.8	0.823529411764706	0.8	1
836853	0.9	0.863636363636364	1	0.941176470588235
1965902_1	0.05	0	0	0
1965902_2	0.05	0	0	0
2528002	0.896551724137931	0.947368421052632	0.933333333333333	1
2271793	0.863636363636364	0.833333333333333	0.9375	0.8
457431	0.145161290322581	0.185185185185185	0.1875	0.2
1283365	0.746268656716418	0.833333333333333	0.636363636363636	0.75
5223827	0.145833333333333	0.0588235294117647	0.125	0.166666666666667
107015	0.189189189189189	0.176470588235294	0.294117647058824	0.2
634598	0.0895522388059701	0.0555555555555556	0.0526315789473684	0
1124362	0.935483870967742	0.96551724137931	0.933333333333333	1
5341437	0.962962962962963	1	1	1
1956075	0.0869565217391304	0.1	0.125	0
556066	0.859375	0.892857142857143	0.882352941176471	1
4983617	0.223880597014925	0.206896551724138	0.222222222222222	0.238095238095238
785964	0.886075949367089	0.942857142857143	0.882352941176471	0.916666666666667
4923551	0.04	0.032258064516129	0	0
5106395	0.0588235294117647	0.0714285714285714	0.0833333333333333	0
2089413	0.925	0.947368421052632	1	0.947368421052632
