1
1
1
1
1
1
1
1
0.811429996615182
0.48
0.888777372458443
0.840097356577066
0.963912594301883
0.963912594301883
0.887881429816914
0.887881429816914
0.81009716611365
0.849717367893177
0.73374032704432
1
1
0.870351420126345
1
0.684596603348036
0.837209302325581
0.837209302325581
0.705882352941176
0.900843771792511
0.776028262719513
0.705882352941176
0.660203367189947
0.705105179496707
0.597931876583259
0.729729729729731
0.484526967285588
0.648852032283695
1
1
0.657160678782234
0.654545454545455
0.825211401117833
0.751026183986336
0.784289853205673
0.610169491525423
0.610169491525423
0.9035174960936
0.815585434729386
0.631582223171065
0.631582223171065
0.805834204309978
0.748976010871662
0.711636042464022
0.0166239188547487
0.0166239188547487
0.549659450183457
0.566908527302664
0.627023160153806
0.678638282931715
0.772509899034632
0.772996508546996
0.551171291888524
0.643389671712557
0.800631486409376
0.800631486409376
0.800631486409376
0.738791423001949
0.561758782692243
0.843979868370113
0.843979868370113
0.637846669676282
0.541033434650457
0.683303419495898
0.763868108987304
0.763868108987304
0.523093067371037
0.698324529187009
0.632338715328316
0.679384236084653
0.622430224213294
0.533828812089682
0.725322594594823
0.778964312547794
0.465116279069768
0.689004293377418
0.484323207310016
0.770233506760995
0.770233506760995
0.479666801642852
0.879645220195888
0.449726593974112
0.396087508397906
0.532912545719956
0.453806617332273
0.538020936203832
0.447750255720661
0.542758259271013
0.518394740446514
0.360655737704918
0.657048324159561
0.361290585989732
0.802050731831725
0.802050731831725
0.662612111292963
0.64592395007675
0.563453792042897
0.582501216778931
0.582501216778931
0.558019980716669
0.616576100005717
0.707954110349315
0.560077188057323
0.820580618060344
0.820580618060344
0.775344687753447
0.254206765762976
0.483826501934152
0.610636211205669
0.549531377171004
0.376109641778741
0.424890006285355
0.844968556427267
0.576357101425484
0.498475883091268
0.680969083608201
0.479053076707999
0.686468016093479
0.404154595720314
0.388328121252467
0.381421234660791
0.5177332562646
0.479856919293539
0.592332158595241
0.689759432630074
0.63743050572278
0.48045394838014
0.462184516999307
0.526426648539987
0.526426648539987
0.526426648539987
0.171963260426102
0.334557622524567
0.386151482925676
0.307773110929909
0.55068188359184
0.161849710982659
0.377032949517583
0.430981129879057
0.430981129879057
0.287382575291692
0.549381181808912
0.549381181808912
0.479992759132544
0.229612890591095
0.523270649681575
0.507739938080496
0.621393877689787
0.621393877689787
0.526153517471133
0.622475607964629
0.254868246629537
0.580817170729547
0.333764259356288
0.463607343385275
0.335365422338594
0.611394648618983
0.0465381349854034
0.344717352804184
0.504082558370688
0.311976280027559
0.463675984274699
0.463675984274699
0.571394806834063
0.292666347014097
0.599164963184922
0.408051498357056
0.445579881948126
0.612360042753763
0.231577312195058
0.223770565397667
0.60082156814701
0.141142971309033
0.675134267407013
0.427672955974843
0.453574862699198
0.460223319856855
0.133538324157301
0.360976111595167
0.187789893175403
0.439492653228187
0.247304527588635
0.425703594945709
0.510093001952424
0.346308522034609
0.116278131263536
0.156036530615436
0.311330142307782
0.448497168075158
0.254247565657264
0.541870076255899
0.192441889036316
0.379812448145234
0.414610154918891
0.35405990129293
0.435574283309783
0.602544611246341
0.464837204445014
0.440872392795543
0.348750462115392
0.286562649660978
0.424155575422608
0.027249857318052
0.410310546633344
0.0638280281107897
0.323609980535865
0.443635245202268
0.365967137712338
0.330266365406145
0.314943934760449
0.62091263096793
0.62091263096793
0.417232357917481
0.27406025059984
0.361439383364791
0.256908745485791
0.364084610740587
0.308311274717869
0.492032745691282
0.269007913432517
0.360827158289438
0.233906418562123
0.185173139978141
0.370708937080619
0.503602058319039
0.294319072697603
0.457906907446915
0.457906907446915
0.444521606277887
0.444521606277887
0.0410403815333378
0.0410403815333378
0.0410403815333378
0.334786161533113
0.27122738243692
0.429796695553812
0.429796695553812
0.0664287319970807
0.150375939849624
0.0765930544783667
0.365780871780253
0.505228875644526
0.481502724600053
0.248864733812343
0.490829035081328
0.368489405176443
0.34593380331715
0.247383821925789
0.368137883140251
0.050513322841364
0.050513322841364
0.289169044373373
0.326904750035921
0.244653828745291
0.466626417294537
0.286961769195271
0.31578947368421
0.447053434102011
0.402654095139512
0.121916962212801
0.366505649618059
0.295504391718368
0.292507732022063
0.521006042302027
0.325874439450967
0.502657492901317
0.458442236474535
0.283518681879162
0.123726836768552
0.189576486585782
0.415807963886703
0.339865542666034
0.207107024506529
0.328502415458938
0.328502415458938
0.213334651369749
0.310774211677737
0.467047223663726
0.434328191096156
0.32329641165258
0.248275862068965
0.250713141431334
0.252963186856035
0.1873964015488
0.452817840517757
0.257393840028627
0.29584048818242
0.29584048818242
0.308708909930614
0.354503175725455
0.354503175725455
0.183621111448835
0.25521837582055
0.286032579303736
0.215138491747198
0.332222832010265
0.285644472606342
0.299378021381071
0.467333322171457
0.303225061243695
0.342275496814988
0.259004491188223
0.206572769953051
0.207822159969088
0.325356575804145
0.338045306710264
0.390329628862093
0.36365346410503
0.14166429168561
0.14166429168561
0.21548260054459
0.402114869155364
0.308353600418369
0.341992363329649
0.0498316026008349
0.250629396022473
0.211883869879665
0.258227460815152
0.316905714043042
0.316905714043042
0.316905714043042
0.209736581508841
0.264785853585359
0.216337113508192
0.0500436846252859
0.33610109435965
0.261555345382068
0.261555345382068
0.258769175664616
0.0817921087008966
0.350804588187418
0.293969633768123
0.0845503375143469
0.367620041326362
0.217243908629631
0.217243908629631
0.290835559111956
0.250182047885174
0.274879891733748
0.152618571129461
0.330989586628907
0.331561273776655
0.214634146341464
0.1797129531714
0.203401532080656
0.408053173248989
0.0230012742820027
0.226749698936899
0.212846158276592
0.166926406926407
0.167275735505357
0.312498908908672
0.231818034286101
0.390823061693014
0.316555487421798
0.361610347644338
0.0544687767199183
0.0422981996580513
0.205628590136937
0.0652725427753823
0.090579083837511
0.00655771613187972
0.21726564660842
0.408278808481426
0.184852645291777
0.0410941425365435
0.214492309550734
0.214492309550734
0.158471071909809
0.294323426522033
0.0469260530874312
0.0469260530874312
0.298247065734668
0.175034455399327
0.0692286347033
0.0672798598461541
0.273145069918074
0.131154182654393
0.0758261679201457
0.173358372291436
0.354895722870272
0.0910878836476751
0.0286904760946406
0.0526663816206398
0.145707079903327
0.226865671641791
0.140805239465876
0.18848167539267
0.0848214285714284
0.203214557985692
0.102417123296116
0.160079718616597
0.2557299862245
0.16245404177725
0.124926175763094
0.19740220427968
0.226140785429014
0.201934550525486
0.202730602730603
0.130393297110283
0.193243294366891
0.279767928036312
0.192537829126415
0.176281445053906
0.262574625478607
0.337225990975642
0.150917876913058
0.248835208372168
0.105621780473655
0.107061743945095
0.187810803169446
0.214285714285715
0.177143479442414
0.0865098135524921
0.157803497054281
0.157803497054281
0.0981115693509878
0.139650050299085
0.139650050299085
0.350173412910032
0.350173412910032
0.173584747046531
0.182270097420486
0.165107319757843
0.080229842485034
0.169836115497032
0.221397269748316
0.17151001712667
0.126909513650738
0.0984061829949596
0.225569935837832
0.212731148694187
0.162500043303756
0.0967376611989917
0.227635931322689
0.175271686583904
0.177790093248641
0.0342467446249403
0.0894049638679305
0.130240840019173
0.130660549594943
0.154456393920785
0.256724311439022
0.114650260568907
0.143428068216621
0.177871509766288
0.0372185127324491
0.134759182015461
0.186046511627907
0.186046511627907
0.0671037868012357
0.198141729848239
0.227201225877772
0.155554462248707
0.160271028740041
0.160271028740041
0.202020202020202
0.171980467624021
0.206189589143979
0.190780517788553
0.228678934586774
0.16843361839194
0.0806182240307215
0.162832065136719
0.170007937625707
0.154280258264394
0.105929839530076
0.126292728739701
0.144244570258352
0.163197803270168
0.0386920464845706
0.122787581918148
0.0757897687543531
0.152785813423829
0.152785813423829
0.239678551526587
0.172468726347435
0.16984984984985
0.182290496316662
0.0913966318686864
0.0913966318686864
0.14688731284476
0.1678852833462
0.13901218947903
0.168043550223274
0.157683305797348
0.141563856558468
0.182302094021399
0.15113231439762
0.0401033788783687
0.151932083572079
0.161254901960784
0.155844155844156
0.139005130726943
0.171209230635636
0.16
0.171428571428572
0.0495483984040918
0.142811802769264
0.142811802769264
0.14394141620333
0.131708016290592
0.0941778728691657
0.114183123321397
0.161843951164053
0.0506329113924051
0.147572944902508
0.147572944902508
0.201600578443133
0.0665307075908736
0.0665307075908736
0.104111022853222
0.109008693174193
0.180735136355937
0.101762024171922
0.101762024171922
0.0955134357763751
0.110429998769731
0.0633079493800672
0.109073644917665
0.125647957712894
0.169164727601486
0.169164727601486
0.181225504394576
0.16
0.117512935479682
0.142333491673083
0.153985660522905
0.160358785152996
0.152671755725191
0.0926433379997539
0.0894860156555263
0.137895963571382
0.112347479855374
0.126062788694903
0.14026226323458
0.175984393449356
0.0451148348568158
0.0165768094911189
0.0165768094911189
0.116438663377439
0.155844155844156
0.125315970892379
0.07582847392005
0.136111843840675
0.142857142857143
0.173913043478261
0.108967368509353
0.0118697806305953
0.0118697806305953
0.115312179875153
0.0996701558201484
0.114209789546112
0.131147540983607
0.146557265474345
0.126481874912271
0.156051223829096
0.08364613806402
0.130808950086059
0.109636333947608
0.176328502415459
0.139327577204519
0.10424620434961
0.114213161349897
0.0584692179019995
0.106029474579783
0.106029474579783
0.0696024911786784
0.110981659706487
0.0453423586385554
0.110476174357709
0.111980898314812
0.13020994563411
0.131674539522116
0.108042214571929
0.148660898228265
0.139049217576972
0.139049217576972
0.0575994799363135
0.126696832579186
0.0502170438478727
0.0762307744650984
0.123711340206185
0.136314915759346
0.0830581888125154
0.134986522911051
0.134986522911051
0.14113058576148
0.18676682174567
0.109744240118368
0.139224621486524
0.139224621486524
0.0890557198403951
0.113105167647129
0.0278175991298096
0.0945087990371016
0.0107910548362662
0.137931034482758
0.103443918969514
0.106502656249314
0.0985221674876848
0.104454685099846
0.0420105949745644
0.100735375129457
0.100735375129457
0.068285731329274
0.0640349401445504
0.137208887633977
0.101299160218659
0.12462584860876
0.0964687165249086
0.106060488027816
0.117693164033472
0.125435540069687
0.0769506153134853
0.0769506153134853
0.104450824017176
0.124679316888502
0.0833740642565456
0.100965462053559
0.0628876741235738
0.0795707622737657
0.0662385275952854
0.0958596193469737
0.0772314044041495
0.10088938825418
0.0716886464117606
0.0819565616600722
0.1045675181943
0.0818871043705824
0.0735893631116449
0.0645644300126891
0.10256199902833
0.014840712275573
0.014840712275573
0.014840712275573
0.130218213716946
0.0769756697474159
0.113151364764268
0.113151364764268
0.110675432589106
0.0969705342761717
0.121327303753227
0.102266687718346
0.104018912529551
0.102754256172564
0.0751748208927804
0.0866359640546216
0.0866359640546216
0.0407358833930054
0.130814315999501
0.0821170033769017
0.0965024935238608
0.0965024935238608
0.0984359619380949
0.0607111580177627
0.0896559260450145
0.10254989873111
0.128824884282178
0.090072455376995
0.110671936758893
0.118017779654802
0.0486280695350439
0.0440393955225326
0.0896017919992127
0.0957172655505129
0.090323427345813
0.077889374937521
0.0244026770591814
0.0709681651634194
0.0581484688350324
0.0581484688350324
0.127937636134357
0.0942076404446829
0.127043031758826
0.0818821658888272
0.115449585774904
0.0888745246088907
0.0874085483249903
0.0806451107150884
0.0806451107150884
0.0762613656623283
0.0939897539100686
0.0797308636460971
0.0930149194075567
0.0769583091237094
0.0708253825695238
0.040187630959784
0.128639497992203
0.0698952590490914
0.100840336134454
0.0752505263157894
0.0752505263157894
0.0291929538451848
0.0454788519192653
0.102590968936189
0.131104445628035
0.1057236634644
0.102933419248057
0.0709020370758157
0.0546286808225534
0.0630182421227197
0.0611992836966051
0.0828795182982873
0.0721262440543645
0.0827586206896552
0.0654453925206805
0.0946183953033264
0.0892252268581981
0.0399661657053434
0.0660904890848531
0.108472097832414
0.0804052377566641
0.0902146277735266
0.0490247438458212
0.069364161849711
0.0836820083682007
0.0752377541134059
0.0562838955255598
0.0640055926357727
0.0677735688508351
0.0543998521637517
0.039611530881129
0.039611530881129
0.070979909025181
0.0655668330743545
0.0557093273582005
0.0581561916061101
0.0418073006270187
0.0775905706732852
0.0731080515278268
0.0682508887172769
0.0682508887172769
0.008509425857863
0.0610515992984928
0.0666431722344418
0.0368437936312177
0.072585555961515
0.0510938207941619
0.0766550522648081
0.0348307148132926
0.0520527538009902
0.0663845778475459
0.0615298259861178
0.0707870936635744
0.0707870936635744
0.0707870936635744
0.0591278693898364
0.0306251773950562
0.0440976093150002
0.0827633378932968
0.0578324512297034
0.0868953619483976
0.0735183412446931
0.0735183412446931
0.0573162824319495
0.0573162824319495
0.0516866488911419
0.0579710144927536
0.0374953022010763
0.0655235824748901
0.0558310492878531
0.0661722529327264
0.0698193002691273
0.0505365342977468
0.0505817530016632
0.0544883709375529
0.0566250593301258
0.0264110694225955
0.0671430774767364
0.0497925311203327
0.0450976060846252
0.0492369159637472
0.0758351450545854
0.0500914862045495
0.0506329113924051
0.0506329113924051
0.0349402816175939
0.0283456542280209
0.00383849045665581
0.0340529558023815
0.020076662103789
0.0170580683712754
0.029089882008431
0.0246388566774873
0.0373831775700932
0.0410587761302648
0.0470387028190621
0.000940177613048708
0.00957979298654322
0.0250922971028096
0.0270517574364743
0.0235581448170489
