0.0731089544121832
0.0731089544121832
0.322655930059774
0.0619433713744791
0.251479544978536
0.14686256339988
0.0645712677053061
0.204452469657837
0.18907508970192
0.247987659480575
0.247987659480575
0.182223692955387
0.156883927655006
0.135059325694059
0.137349518475993
0.0702705895452082
0.0877040593748381
0.0700188620688189
0.22674710096877
0.132773109243698
0.184630647700524
0.0561389102214839
0.0561389102214839
0.367537405255408
0.169595431701328
0.156852314450439
0.197035881675216
0.106752828196845
0.181199558573053
0.244770912907928
0.165438739687954
0.154119025072799
0.202419537231259
0.140584426681369
0.180050619098427
0.133373920697046
0.133373920697046
0.236477534826975
0.103209592103464
0.215926066849252
0.215926066849252
0.122148590328887
0.122148590328887
0.122786807045948
0.247176686953109
0.139032931753009
0.214441327596969
0.204538862692127
0.204538862692127
0.0859057032775133
0.120069056414013
0.0993475512242569
0.216644719662736
0.113590086734582
0.0706392998482249
0.140505798344796
0.107198898003934
0.0150919141325688
0.196404736522104
0.193330748136602
0.193330748136602
0.0968325146974103
0.0478202669543398
0.140675885605235
0.0943196701273132
0.0510622457132867
0.128596743979196
0.128596743979196
0.128596743979196
0.103478335666859
0.103478335666859
0.103478335666859
0.0810651424423877
0.126987594188702
0.221569552661409
0.0110861561174052
0.065138888888889
0.132671400322526
0.132671400322526
0.0929061789655793
0.0834264935765478
0.162982870310405
0.162982870310405
0.149919511733311
0.153002739734524
0.155027273559874
0.00301073104380861
0.0960397743366125
0.154114888877101
0.111208986478744
0.152300874241094
0.0622933366684417
0.0572426843798189
0.0759780946351878
0.0753188176258191
0.12623609867261
0.160059498514241
0.115764020854984
0.0542902380003273
0.0542902380003273
0.0542902380003273
0.0737507219649007
0.0737507219649007
0.0526010513228012
0.070422717105501
0.215794891843205
0.0689130944818354
0.031429143786273
0.092408151299754
0.0432708410564514
0.140383147569626
0.0855647344925783
0.0696893771763363
0.120734113788665
0.0506162339519282
0.0506162339519282
0.115771996097118
0.0926410735720716
0.0605159636366633
0.049375178648708
0.0479398262146387
0.0801394102097224
0.165450081165681
0.098181418339454
0.0607378800835575
0.0307102295026329
0.0663953000468909
0.0922876221249908
0.0329388389973243
0.047960236198751
0.0596329323056555
0.0823589899720453
0.018465977118577
0.104825013206905
0.0610914245530814
0.0976852643059579
0.0976852643059579
0.030103272240393
0.0468711409485774
0.096766483047211
0.137883985192118
0.158644288662932
0.0784520933977458
0.0672437767025727
0.0709311124025524
0.148190508430951
0.0230223375852222
0.0847069198967118
0.163060421157555
0.0833209838000549
0.0984946183910541
0.0984946183910541
0.0461784708253938
0.102254198526096
0.0411013839129274
0.1044252616105
0.0383317023860273
0.113631021612342
0.113631021612342
0.0595352089299441
0.1067419075138
0.147870646128545
0.0627458336714267
0.127110356169738
0.0497163487466219
0.115772556377308
0.0366890435320018
0.0207841214943471
0.0346300124660237
0.0346300124660237
0.11502312114473
0.0557433199172655
0.073028861261752
0.0954394276534009
0.101873941690277
0.0723147368199925
0.0292756199396999
0.0277552344625873
0.0701643352826706
0.0977965297901596
0.01022708367007
0.0188053993574625
0.026192700163027
0.100944690546271
0.0470797341064763
0.0475893392270593
0.0686779482768892
0.0694796616220983
0.0776889042654734
0.0392022938499376
0.0615235666692974
0.0212356102211534
0.0183838980997853
0.0677453454683664
0.112795280459242
0.116945806301681
0.0156543429068657
0.0156543429068657
0.0540093148198605
0.0826685788489528
0.0782036473017725
0.0961344344317547
0.117887426043893
0.033221343297689
0.0164698298484643
0.128522470156445
0.0825998235427943
0.0825998235427943
0.137749019432222
0.125496791168587
0.00775502674405841
0.0358806671336127
0.0358806671336127
0.0724848377001466
0.0724848377001466
0.0417486838425227
0.0477408196022866
0.0664250758477552
0.0580847651472376
0.115341176673171
0.0661356963859188
0.0661356963859188
0.0704878588667483
0.0704878588667483
0.131947402891646
0.034556878909962
0.0130759002459481
0.112903267029998
0.0518562332000562
0.0742603949388726
0.0307037495548695
0.0620917046294573
0.0500262408365752
0.0127978471053597
0.0222238738857811
0.0349471237547001
0.0933539148109373
0.00489544036981203
0.0552001154739426
0.0423412757545028
0.114608849946611
0.0288339549647309
0.0186337819047867
0.0330089390667288
0.0445123806004046
0.0635864079501338
0.0533610468110604
0.0572477891072769
0.078699741305064
0.0525237133452027
0.0550917665090967
0.0918729747394859
0.0634440950622233
0.0387718735527137
0.056938087192952
0.0466799563731577
0.00210468340994105
0.0274570406425087
0.0420779532349261
0.0714539032398386
0.0257419654870345
0.0377819797319765
0.0409226190476191
0.0669948578591448
0.0184082107978446
0.0184082107978446
0.0489493078529308
0.0558750039652048
0.0271325450677802
0.0618026555506437
0.0882732756019488
0.0656857423721295
0.0339913654632973
0.0223205395975452
0.0511207160905316
0.0998324177698795
0.0328211324308634
0.0618764060661944
0.0821636011216109
0.059451711886305
0.0573577395757172
0.0425252293622465
0.0437603201042852
0.0474653913454474
0.0425175466635334
0.0270715751810767
0.0270715751810767
0.0270715751810767
0.0415447264271538
0.0609292180115378
0.068568391418918
0.0649706178968463
0.0422129930521719
0.0164882611837339
0.0258064052040686
0.0841288767581822
0.0335227873753188
0.029540811232103
0.0707122861753961
0.0707122861753961
0.0768377272211334
0.0768377272211334
0.074484180184378
0.0912439430696182
0.0403948408744306
0.103979003860959
0.0293943531711916
0.0649809164934019
0.0208815428093514
0.069190977165968
0.00415473392906216
0.0400250882284502
0.0440260403286401
0.0466888302570152
0.0344923380640032
0.089085841964865
0.0491655878197195
0.0491655878197195
0.052094112059168
0.0168471171029745
0.063156117804312
0.00542019285704191
0.0584698252075513
0.0203593414050874
0.0147910312873508
0.0274167803310453
0.0616286025903209
0.0546356609219211
0.00722539153298892
0.035026913536164
0.0471034056816852
0.0471034056816852
0.0463341506144846
0.0262916212208789
0.00737459760647068
0.0922139677272764
0.0922139677272764
0.0526716136231374
0.0804989686233691
0.0772079241480694
0.0105583255316468
0.0105583255316468
0.0105583255316468
0.0424968847335411
0.0120150621156784
0.0339243070820225
0.023774359732421
0.0361471747240033
0.0361471747240033
0.0406444957927656
0.0607864013678964
0.0512321676298378
0.057125355682436
0.0233397161564641
0.06584703142779
0.0514648038373336
0.0851584383985757
0.0851584383985757
0.0851584383985757
0.0273262115594979
0.0368871141902307
0.0306440267957704
0.0165617751971924
0.0287107462561867
0.0287107462561867
0.00269000791270452
0.0049813117291464
0.0678370080030165
0.0440030299606696
0.0842195525349126
0.0485782392053325
0.0791591885306191
0.0791591885306191
0.0147571611294518
0.0147571611294518
0.0611735152786339
0.0720013062567459
0.0220241538186377
0.00520184626149059
0.0148694905288563
0.0301965708927119
0.0380977559754578
0.0178733472208367
0.0380737562813402
0.0235056116337182
0.040511213399565
0.0191637026410782
0.0541915525751091
0.0301807164389474
0.0221991411018514
0.0221991411018514
0.0585589107740217
0.0277803749835135
0.0252111202594539
0.0406079261644108
0.0449096355870128
0.025192299377628
0.0633794190605212
0.00866670074358744
0.0121485738145591
0.031320544786732
0.0532686510583871
0.00764852548535761
0.00764852548535761
0.0263861957595114
0.0252075423266961
0.0410592952567797
0.0103092562807525
0.035622824853721
0.0204672218856642
0.0194552417332462
0.044202042719876
0.0452396158860011
0.0143567586222913
0.024797908243823
0.0113707375037577
0.039686990700579
0.00199459248732242
0.0137140999133097
0.0112329525780663
0.00717406704403572
0.0132813337165409
