TARA_72	TARA_142	TARA_143	TARA_144
1451819	1	1	1	0.466666666666667
237166	0.984962406015038	1	0.964912280701754	0.411764705882353
1238434	0.87	0.869565217391304	1	1
1442846	0.926229508196721	1	0.96969696969697	1
232429	0.745614035087719	1	1	0.4375
2343748	1	0.941176470588235	0.785714285714286	0.692307692307692
5563344	0.895652173913044	0.947368421052632	0.854545454545454	0.916666666666667
5476155	0.119266055045872	0.5	0.354838709677419	0.0625
3326296	0.223529411764706	0.636363636363636	0.436363636363636	0.1
2604178	0.221238938053097	0.52	0.106382978723404	0.0769230769230769
5355707	0.888888888888889	0.782608695652174	0.815384615384615	0.9
6058169	0.882978723404255	0.933333333333333	0.674418604651163	1
6538989	0.819148936170213	0.842105263157895	0.91044776119403	1
5142770	0.930693069306931	0.869565217391304	0.890909090909091	1
1433640	0.238938053097345	0.0555555555555556	0.444444444444444	0.666666666666667
5760475	0.431578947368421	0.0909090909090909	0.233333333333333	0.0909090909090909
3132220	0.275229357798165	0.25	0.130434782608696	0.0909090909090909
2719423	0.674418604651163	0.882352941176471	0.907407407407407	0.8
6816971	0.13953488372093	0.0625	0.0217391304347826	0
1335960	0.362637362637363	0.434782608695652	0.4	0.631578947368421
6357429	0.765765765765766	1	0.857142857142857	0.833333333333333
4861266_1	0.112244897959184	0.285714285714286	0.277777777777778	0.388888888888889
4861266_2	0.112244897959184	0.285714285714286	0.277777777777778	0.388888888888889
1224200	0.693181818181818	0.933333333333333	0.936170212765957	0.923076923076923
670503	0.904761904761905	1	0.827586206896552	0.9
5961568	0.758620689655172	0.923076923076923	0.720930232558139	0.923076923076923
770885	0.365591397849462	0.315789473684211	0.215384615384615	0.722222222222222
862635	0.921259842519685	0.8	0.927272727272727	0.923076923076923
5546493	0.901785714285714	0.91304347826087	0.878787878787879	1
6166300	0.715686274509804	0.882352941176471	0.807017543859649	0.684210526315789
6057298	0.122641509433962	0.238095238095238	0.225806451612903	0.5
5511213	0.206896551724138	0.08	0.129032258064516	0
6568770	0.321428571428571	0.238095238095238	0.140625	0.166666666666667
4243273	0.893805309734513	0.6	0.916666666666667	1
1128104	0.894230769230769	0.896551724137931	0.793650793650794	0.846153846153846
1505864	0.0555555555555556	0.142857142857143	0.296875	0.133333333333333
6078606	0.805555555555556	1	0.838235294117647	0.894736842105263
2937412	0.141176470588235	0	0.19047619047619	0.235294117647059
5982315	0.841666666666667	0.944444444444444	0.983333333333333	0.909090909090909
3215114	0.181818181818182	0.263157894736842	0.0483870967741935	0.222222222222222
5852260	0.362068965517241	0.105263157894737	0.2	0.5
6194259	0.902654867256637	0.666666666666667	0.821428571428571	0.8125
3349551	0.174757281553398	0.157894736842105	0.202898550724638	0.1
2719569	0.1	0.0454545454545455	0.222222222222222	0.157894736842105
136629	0.81981981981982	0.909090909090909	0.956521739130435	1
2105544	0.947368421052632	0.909090909090909	0.754098360655738	1
1432807	0.141414141414141	0.105263157894737	0.03125	0
7110778	0.701149425287356	0.565217391304348	0.859375	0.785714285714286
736492	0.71	0.75	0.730769230769231	0.9
1513092	0.274725274725275	0.65	0.274193548387097	0.222222222222222
3032985	0.907407407407407	1	0.945205479452055	1
357205	0.461538461538462	0.666666666666667	0.695652173913043	0.769230769230769
6782907	0.100840336134454	0	0.163934426229508	0.272727272727273
6165315	0.761467889908257	0.8	0.578947368421053	0.75
486543_1	0.132743362831858	0	0.240740740740741	0
486543_2	0.132743362831858	0	0.240740740740741	0
486543_3	0.132743362831858	0	0.240740740740741	0
7105282	0.859649122807018	0.736842105263158	0.76056338028169	0.923076923076923
579603	0.513274336283186	0.714285714285714	0.672131147540984	0.0909090909090909
1798463	0.774509803921569	0.666666666666667	0.926470588235294	0.8
7095018	0.877551020408163	0.833333333333333	0.898550724637681	0.888888888888889
4994953	0.83695652173913	0.55	0.80952380952381	1
1580381	0.117021276595745	0.0869565217391304	0.135593220338983	0.352941176470588
3315883_1	0.311475409836066	0	0.171052631578947	0
3315883_2	0.311475409836066	0	0.171052631578947	0
6816544	0.893805309734513	0.75	0.9	0.923076923076923
3444788	0.652542372881356	0.904761904761905	0.608695652173913	0.875
2656661	0.25	0.238095238095238	0.150943396226415	0.0833333333333333
5926960	0.575221238938053	0.888888888888889	0.470588235294118	0.5
1411693	0.42	0.185185185185185	0.311475409836066	0.352941176470588
5635959	0.326086956521739	0.363636363636364	0.442307692307692	0.0555555555555556
663108	0.369747899159664	0.722222222222222	0.523809523809524	0.647058823529412
6290428	0.818181818181818	0.7	0.711111111111111	0.692307692307692
6508	0.871794871794872	0.842105263157895	1	0.818181818181818
820651_1	0.571428571428571	0.307692307692308	0.543478260869565	0.769230769230769
820651_2	0.571428571428571	0.307692307692308	0.543478260869565	0.769230769230769
690141	0.831775700934579	0.807692307692308	0.794117647058823	0.933333333333333
25819	0.798245614035088	0.739130434782609	0.695652173913043	0.933333333333333
7909	0.881188118811881	0.857142857142857	0.942307692307692	1
328121	0.909836065573771	0.91304347826087	0.923076923076923	1
5589993	0.554347826086957	0.545454545454545	0.766666666666667	0.714285714285714
6337114	0.837606837606838	0.952380952380952	0.810810810810811	0.5
6429870	0.571428571428571	0.866666666666667	0.722222222222222	0.857142857142857
5426779	0.28448275862069	0.266666666666667	0.482758620689655	0.533333333333333
4623949	0.483870967741935	0.8125	0.581395348837209	0.769230769230769
1373765	0.336	0.565217391304348	0.446153846153846	0.153846153846154
3297484	0.571428571428571	0.608695652173913	0.544117647058823	0.642857142857143
5358222	0.186813186813187	0.0588235294117647	0.130434782608696	0
3915474	0.15929203539823	0.428571428571429	0.306451612903226	0.111111111111111
2135537	0.757009345794392	0.777777777777778	0.604651162790698	1
940151	0.747368421052632	0.615384615384615	0.684210526315789	0.928571428571429
3004700	0.214876033057851	0.0740740740740741	0.230769230769231	0
3802283	0.130769230769231	0.0714285714285714	0.181818181818182	0
2387587	0.707317073170732	0.875	0.732394366197183	0.3
2504289_1	0.137931034482759	0	0	0
2504289_2	0.137931034482759	0	0	0
6058856	0.86	0.533333333333333	0.69811320754717	0.692307692307692
6279914	0.604651162790698	0.611111111111111	0.588235294117647	0.222222222222222
3431165	0.147540983606557	0	0.0714285714285714	0.2
285041	0.151515151515152	0.19047619047619	0.173076923076923	0.117647058823529
5822887	0.854368932038835	0.857142857142857	0.735294117647059	0.9
3853995	0.571428571428571	0.923076923076923	0.6	0.714285714285714
1640477	0.690909090909091	0.941176470588235	0.833333333333333	0.75
4552192_1	0.838709677419355	0.772727272727273	0.916666666666667	1
4552192_2	0.838709677419355	0.772727272727273	0.916666666666667	1
3044039	0.241758241758242	0.555555555555556	0.298245614035088	0.181818181818182
3766590	0.0833333333333333	0.19047619047619	0.213114754098361	0.4
4865680	0.745454545454545	0.375	0.790322580645161	0.733333333333333
4820786_1	0.376344086021505	0.529411764705882	0.224137931034483	0.214285714285714
4820786_2	0.376344086021505	0.529411764705882	0.224137931034483	0.214285714285714
4704003	0.292307692307692	0.0454545454545455	0.257575757575758	0
6440217	0.330275229357798	0.576923076923077	0.446428571428571	0.692307692307692
1586340	0.271028037383178	0.363636363636364	0.242857142857143	0.0833333333333333
3852642	0.0630630630630631	0.0476190476190476	0.0793650793650794	0
4750072	0.704545454545455	0.833333333333333	0.533333333333333	0.428571428571429
1050275	0.809090909090909	0.84	0.818181818181818	0.647058823529412
5202048	0.333333333333333	0.227272727272727	0.166666666666667	0.388888888888889
3507991	0.794117647058823	0.476190476190476	0.759259259259259	0.888888888888889
1768231	0.873134328358209	1	0.745762711864407	0.8
199709	0.808988764044944	0.904761904761905	0.72	0.727272727272727
914386	0.336206896551724	0.105263157894737	0.4375	0.153846153846154
5854309	0.793814432989691	1	0.914893617021277	1
959395	0.11214953271028	0	0	0
100676	0.902439024390244	0.826086956521739	0.716216216216216	0.857142857142857
2275940	0.36036036036036	0.235294117647059	0.309090909090909	0
6623808	0.510204081632653	0.526315789473684	0.468085106382979	0.866666666666667
5807441	0.15	0.0416666666666667	0.114754098360656	0
5935867	0.9	0.9	0.862068965517241	1
4942222	0.383928571428571	0.538461538461538	0.446428571428571	0.6
1627232	0.12280701754386	0.1	0.0819672131147541	0
524669_1	0.623853211009174	0.36	0.523076923076923	0.714285714285714
524669_2	0.623853211009174	0.36	0.523076923076923	0.714285714285714
1395158	0.75	0.678571428571429	0.879310344827586	0.909090909090909
2636498	0.875	0.916666666666667	0.979166666666667	0.666666666666667
206564	0.879310344827586	1	1	1
2391552	0.327272727272727	0.19047619047619	0.407407407407407	0.0714285714285714
6195304	0.71875	0.842105263157895	0.627450980392157	0.588235294117647
355313	0.133333333333333	0.1	0.258620689655172	0.0769230769230769
5061441	0.094017094017094	0.0357142857142857	0.149253731343284	0
6038744	0.0943396226415094	0.307692307692308	0.115942028985507	0
6258844	0.802083333333333	0.692307692307692	0.782608695652174	0.625
5215632	0.724137931034483	0.588235294117647	0.796296296296296	0.764705882352941
502133	0.651162790697674	0.523809523809524	0.781818181818182	0.888888888888889
569405_1	0.351063829787234	0.608695652173913	0.379310344827586	0.157894736842105
569405_2	0.351063829787234	0.608695652173913	0.379310344827586	0.157894736842105
1221729	0.186813186813187	0.428571428571429	0.115384615384615	0.111111111111111
6950605	0.282051282051282	0.105263157894737	0.210526315789474	0
6268668_1	0.36	0.521739130434783	0.35	0.461538461538462
6268668_2	0.36	0.521739130434783	0.35	0.461538461538462
4698953	0.878260869565217	0.941176470588235	0.846153846153846	0.578947368421053
6866007	0.148936170212766	0.333333333333333	0.214285714285714	0
3366761	0.6	0.608695652173913	0.649122807017544	0.384615384615385
5790441	0.216981132075472	0.210526315789474	0.27027027027027	0
5869062	0.710526315789474	0.896551724137931	0.720588235294118	0.8
2028110_1	0.742857142857143	0.555555555555556	0.614035087719298	0.722222222222222
2028110_2	0.742857142857143	0.555555555555556	0.614035087719298	0.722222222222222
1522517	0.711111111111111	0.916666666666667	0.58695652173913	0.833333333333333
2087600	0.892857142857143	1	1	1
5442093	0.075	0	0.0625	0.153846153846154
5116136	0.80952380952381	0.55	0.829787234042553	0.846153846153846
5093857	0.518181818181818	0.333333333333333	0.310344827586207	0.4
315488	0.188524590163934	0.173913043478261	0.241935483870968	0
374726_1	0.547619047619048	0.409090909090909	0.327272727272727	0.357142857142857
374726_2	0.547619047619048	0.409090909090909	0.327272727272727	0.357142857142857
4430821	0.67032967032967	0.869565217391304	0.660377358490566	0.888888888888889
6216090	0.770642201834862	0.896551724137931	0.859154929577465	0.916666666666667
6711656	0.778947368421053	0.62962962962963	0.80327868852459	0.466666666666667
3861569	0.5625	0.321428571428571	0.613333333333333	0.75
341380	0.833333333333333	0.933333333333333	0.666666666666667	0.9
3063793	0.280701754385965	0.142857142857143	0.192982456140351	0.5625
5178715	0.34020618556701	0.421052631578947	0.232142857142857	0.4
3509403	0.77	0.689655172413793	0.936507936507937	0.75
4302616	0.349514563106796	0.517241379310345	0.321428571428571	0.5
5727061	0.900900900900901	1	0.868852459016393	0.6875
6811149	0.592233009708738	0.692307692307692	0.733333333333333	0.833333333333333
1954862	0.181818181818182	0.0333333333333333	0.125	0
5066311	0.24812030075188	0.0952380952380952	0.142857142857143	0
414593	0.145631067961165	0.0869565217391304	0.108695652173913	0
5229084_1	0.276785714285714	0.19047619047619	0.391304347826087	0
5229084_2	0.276785714285714	0.19047619047619	0.391304347826087	0
1218302	0.906976744186046	0.9375	0.885245901639344	1
2924295	0.830357142857143	0.931034482758621	0.82	0.916666666666667
568817	0.16304347826087	0.153846153846154	0.115384615384615	0.307692307692308
2413332	0.827586206896552	1	0.842857142857143	1
893698	0.490196078431373	0.705882352941177	0.630434782608696	0.888888888888889
3378047_1	0.747572815533981	0.642857142857143	0.782608695652174	1
3378047_2	0.747572815533981	0.642857142857143	0.782608695652174	1
4098786	0.425287356321839	0.545454545454545	0.409090909090909	0.692307692307692
2429163	0.8125	0.888888888888889	0.835616438356164	0.454545454545455
478362	0.441666666666667	0.583333333333333	0.603174603174603	0.5625
2034535	0.471153846153846	0.166666666666667	0.28169014084507	0.315789473684211
3590478	0.224299065420561	0.16	0.134615384615385	0.181818181818182
2915609	0.314606741573034	0.285714285714286	0.4375	0.388888888888889
4930837	0.424778761061947	0.346153846153846	0.551724137931034	0.4
5451610	0.842696629213483	0.695652173913043	0.75	0.818181818181818
1295064	0.896907216494845	1	1	1
5021020	0.625	0.6	0.6	0.266666666666667
1285341	0.595744680851064	0.533333333333333	0.653061224489796	0.461538461538462
245594	0.726495726495726	0.652173913043478	0.733333333333333	0.888888888888889
5742142	0.173228346456693	0.176470588235294	0.0769230769230769	0.222222222222222
2947375	0.275510204081633	0.142857142857143	0.222222222222222	0.0833333333333333
5852015	0.213675213675214	0	0.127659574468085	0
5593154	0.818181818181818	0.875	0.962264150943396	1
5097804	0.582608695652174	0.904761904761905	0.6	0.583333333333333
2915638	0.75	0.944444444444444	0.677966101694915	0.941176470588235
2179842	0.288888888888889	0.0625	0.214285714285714	0
3339603	0.191489361702128	0.375	0.142857142857143	0.307692307692308
5093739	0.513761467889908	0.333333333333333	0.436619718309859	0.25
41862	0.48695652173913	0.608695652173913	0.68	0.857142857142857
3846860	0.645833333333333	0.736842105263158	0.6875	0.9
2275355	0.947826086956522	0.91304347826087	0.80952380952381	0.941176470588235
1251610	0.798165137614679	1	0.721311475409836	0.928571428571429
2800777_1	0.422413793103448	0.1875	0.417910447761194	0.727272727272727
2800777_2	0.422413793103448	0.1875	0.417910447761194	0.727272727272727
6670753	0.774193548387097	0.782608695652174	0.630434782608696	1
6363466	0.5	0.391304347826087	0.490566037735849	0.615384615384615
5634151	0.623853211009174	0.470588235294118	0.575757575757576	0.916666666666667
4347189_1	0.280898876404494	0	0.25	0.153846153846154
4347189_2	0.280898876404494	0	0.25	0.153846153846154
2095866	0.955056179775281	1	0.857142857142857	1
4898794	0.158878504672897	0	0.220338983050847	0
2908501	0.15	0.04	0.0384615384615385	0
5664324	0.19047619047619	0.285714285714286	0.16	0
5486859	0.857142857142857	0.862068965517241	0.733333333333333	1
2194579	0.0909090909090909	0.117647058823529	0.0857142857142857	0.0588235294117647
2671290	0.458823529411765	0.666666666666667	0.58	0.888888888888889
5112896	0.720430107526882	0.444444444444444	0.590163934426229	0.8
1078196	0.410714285714286	0.615384615384615	0.36986301369863	0.333333333333333
411488	0.552	0.217391304347826	0.442857142857143	0.454545454545455
1937011	0.16	0.25	0.288888888888889	0
5546534	0.862068965517241	0.846153846153846	0.88	0.933333333333333
3672231	0.561224489795918	0.5	0.638297872340426	0.705882352941177
169481	0.191666666666667	0.333333333333333	0.229508196721311	0.153846153846154
3637881	0.397849462365591	0.4	0.474576271186441	0.428571428571429
2601519	0.30952380952381	0.08	0.3	0.0769230769230769
3105495	0.129310344827586	0	0.0285714285714286	0
5769822_1	0.467391304347826	0.8	0.629032258064516	0.588235294117647
5769822_2	0.467391304347826	0.8	0.629032258064516	0.588235294117647
3548700	0.264150943396226	0.230769230769231	0.3	0.0833333333333333
2714223	0.453703703703704	0.736842105263158	0.515151515151515	0.75
2053876	0.156521739130435	0.1875	0.298507462686567	0
1226553	0.382978723404255	0.388888888888889	0.375	0.7
2699347	0.760869565217391	0.866666666666667	0.896551724137931	0.923076923076923
214042	0.173913043478261	0	0.203125	0.2
3228862	0.11214953271028	0	0.0158730158730159	0
1290122	0.858490566037736	0.8	0.847222222222222	0.818181818181818
1217361	0.0535714285714286	0.0869565217391304	0.181818181818182	0
280744	0.151785714285714	0.0454545454545455	0.142857142857143	0.142857142857143
2453052	0.857142857142857	0.888888888888889	0.821428571428571	1
6659978_1	0.597938144329897	0.411764705882353	0.588235294117647	0.846153846153846
6659978_2	0.597938144329897	0.411764705882353	0.588235294117647	0.846153846153846
6659978_3	0.597938144329897	0.411764705882353	0.588235294117647	0.846153846153846
6673408	0.107843137254902	0.0476190476190476	0.211538461538462	0
5979062	0.821782178217822	1	0.916666666666667	1
5438781	0.553398058252427	0.555555555555556	0.528301886792453	0.777777777777778
2268273	0.44	0.45	0.433333333333333	0.769230769230769
5415030	0.46	0.647058823529412	0.529411764705882	0.529411764705882
723057	0.285714285714286	0.409090909090909	0.254545454545455	0.0666666666666667
130589	0.736	0.8	0.850746268656716	0.933333333333333
2426174	0.607692307692308	0.521739130434783	0.714285714285714	0.647058823529412
3122326	0.11965811965812	0	0.0181818181818182	0
6864778	0.229885057471264	0.130434782608696	0.25	0.25
3353411	0.0530973451327434	0.05	0.169811320754717	0.2
820663_1	0.755905511811024	0.892857142857143	0.916666666666667	0.916666666666667
820663_2	0.755905511811024	0.892857142857143	0.916666666666667	0.916666666666667
35878	0.785046728971963	1	0.89041095890411	0.833333333333333
6204828	0.295238095238095	0.166666666666667	0.311688311688312	0
6345104	0.801980198019802	0.833333333333333	0.880952380952381	1
2219703	0.881188118811881	1	0.779661016949153	0.777777777777778
2481591_1	0.16504854368932	0.136363636363636	0.0925925925925926	0
2481591_2	0.16504854368932	0.136363636363636	0.0925925925925926	0
6336851	0.796116504854369	0.782608695652174	0.673076923076923	0.785714285714286
3785413	0.609195402298851	0.642857142857143	0.773584905660377	0.8
3655858	0.760869565217391	0.869565217391304	0.640625	0.846153846153846
6685922	0.747474747474748	0.647058823529412	0.613636363636364	0.846153846153846
6044068	0.777777777777778	0.842105263157895	0.691176470588235	1
4800719_1	0.0813008130081301	0.266666666666667	0.0615384615384615	0
4800719_2	0.0813008130081301	0.266666666666667	0.0615384615384615	0
4800719_3	0.0813008130081301	0.266666666666667	0.0615384615384615	0
6976250	0.654867256637168	0.727272727272727	0.724137931034483	0.333333333333333
5044184_1	0.552631578947368	0.260869565217391	0.402985074626866	0.526315789473684
5044184_2	0.552631578947368	0.260869565217391	0.402985074626866	0.526315789473684
4338437	0.898876404494382	1	0.868852459016393	1
446664	0.222222222222222	0.2	0.0625	0.333333333333333
3500260	0.224299065420561	0.166666666666667	0.117647058823529	0
6124045	0.751937984496124	0.764705882352941	0.555555555555556	0.777777777777778
5972688	0.773913043478261	0.703703703703704	0.745762711864407	0.5625
1338728	0.966101694915254	0.96	0.852459016393443	0.888888888888889
5627598	0.553191489361702	0.730769230769231	0.693877551020408	0.583333333333333
672710	0.4	0.481481481481481	0.340909090909091	0.153846153846154
3612656	0.771929824561403	0.590909090909091	0.84	0.941176470588235
2881885	0.813432835820896	0.952380952380952	0.919354838709677	1
6669864	0.294736842105263	0.19047619047619	0.346938775510204	0.181818181818182
3732144	0.141414141414141	0.0588235294117647	0.15625	0.0833333333333333
1802066	0.384615384615385	0.4	0.270833333333333	0.666666666666667
6701112	0.641509433962264	0.818181818181818	0.815384615384615	0.571428571428571
6338719	0.346153846153846	0.545454545454545	0.292307692307692	0.181818181818182
2895904	0.775	0.833333333333333	0.755555555555556	0.941176470588235
3146072	0.826923076923077	0.952380952380952	0.92156862745098	0.882352941176471
1861537	0.927083333333333	0.954545454545455	0.879310344827586	1
3571031	0.691588785046729	0.842105263157895	0.646153846153846	0.875
1329813	0.909836065573771	0.833333333333333	0.925373134328358	0.733333333333333
4223605	0.130434782608696	0.214285714285714	0.137931034482759	0.416666666666667
3019902	0.238095238095238	0.133333333333333	0.164383561643836	0.466666666666667
2763886	0.099236641221374	0.173913043478261	0.0149253731343284	0.0666666666666667
2944135	0.217054263565891	0.08	0.161764705882353	0.153846153846154
6194754	0.158415841584158	0.15	0.27536231884058	0.153846153846154
7077051	0.154545454545455	0.0833333333333333	0.0689655172413793	0.333333333333333
6562584	0.149122807017544	0.173913043478261	0.28125	0.285714285714286
665984	0.339130434782609	0.454545454545455	0.245901639344262	0.388888888888889
480927	0.796296296296296	0.8	0.946428571428571	0.933333333333333
2699028	0.544	0.380952380952381	0.5	0.727272727272727
4440724	0.10989010989011	0.0526315789473684	0.117647058823529	0
4879556	0.731958762886598	0.823529411764706	0.73469387755102	0.636363636363636
820780	0.410526315789474	0.269230769230769	0.4	0.153846153846154
6979939	0.797872340425532	0.941176470588235	0.886363636363636	1
1629399	0.330357142857143	0.1875	0.4	0.3
2507819	0.576	0.75	0.709090909090909	0.571428571428571
3475336	0.75	0.80952380952381	0.927272727272727	0.764705882352941
200362	0.931818181818182	0.857142857142857	0.964912280701754	0.909090909090909
2702093	0.651685393258427	0.583333333333333	0.727272727272727	0.909090909090909
1019557	0.158333333333333	0.08	0.298507462686567	0.0833333333333333
2746552	0.726315789473684	0.85	0.641791044776119	0.846153846153846
6824	0.5	0.434782608695652	0.383333333333333	0.727272727272727
3392846	0.8	0.666666666666667	0.6875	1
6252189	0.897058823529412	0.884615384615385	1	1
1109879	0.0707070707070707	0.19047619047619	0.0943396226415094	0
482691_1	0.653543307086614	0.88	0.617647058823529	0.8
482691_2	0.653543307086614	0.88	0.617647058823529	0.8
6800997	0.761904761904762	0.80952380952381	0.911111111111111	0.888888888888889
5060167	0.454545454545455	0.277777777777778	0.326530612244898	0.388888888888889
2831548	0.802197802197802	0.9375	0.681818181818182	0.916666666666667
5273205	0.112903225806452	0	0.0810810810810811	0
2877549_1	0.134615384615385	0.0454545454545455	0.0704225352112676	0.266666666666667
2877549_2	0.134615384615385	0.0454545454545455	0.0704225352112676	0.266666666666667
3987749	0.635514018691589	0.590909090909091	0.597014925373134	0.230769230769231
5809303	0.128	0.148148148148148	0.192982456140351	0.210526315789474
3982278	0.864	0.851851851851852	0.849056603773585	1
405762	0.169642857142857	0.125	0.267857142857143	0
2085507	0.898148148148148	0.95	0.901960784313726	0.833333333333333
5516606	0.138211382113821	0.25	0.134615384615385	0.0909090909090909
1569902	0.886363636363636	0.952380952380952	0.803571428571429	1
5622020	0.810606060606061	1	0.842105263157895	0.9
3781993	0.646551724137931	0.48	0.563380281690141	0.533333333333333
2606244	0.133333333333333	0.148148148148148	0.1	0.142857142857143
4549451	0.152380952380952	0.15	0.236111111111111	0
5103196	0.776785714285714	0.869565217391304	0.694444444444444	0.846153846153846
3526116_1	0.932038834951456	0.833333333333333	0.923076923076923	0.75
3526116_2	0.932038834951456	0.833333333333333	0.923076923076923	0.75
2777869_1	0.283333333333333	0.333333333333333	0.226666666666667	0.0909090909090909
2777869_2	0.283333333333333	0.333333333333333	0.226666666666667	0.0909090909090909
2308496	0.728971962616822	0.777777777777778	0.91304347826087	0.833333333333333
4945660	0.824175824175824	0.8	0.807692307692308	0.833333333333333
2086293	0.727272727272727	0.777777777777778	0.711864406779661	1
718696	0.821138211382114	0.590909090909091	0.7	0.8125
2003517	0.606060606060606	0.793103448275862	0.542372881355932	0.846153846153846
5425654	0.752808988764045	0.7	0.833333333333333	0.714285714285714
3801665	0.320388349514563	0.133333333333333	0.319148936170213	0
5133746	0.4	0.346153846153846	0.465753424657534	0.611111111111111
2950282	0.107142857142857	0.0714285714285714	0.216666666666667	0
2132297	0.739583333333333	0.5	0.771929824561403	0.8125
6264485	0.546218487394958	0.521739130434783	0.523809523809524	0.111111111111111
6676615	0.816	0.884615384615385	0.757575757575758	1
4631879	0.3125	0.266666666666667	0.450980392156863	0.384615384615385
2459989	0.861386138613861	0.8	0.810810810810811	1
501303	0.796296296296296	0.894736842105263	0.866666666666667	1
2219475	0.674157303370786	0.6	0.806451612903226	0.75
2270146	0.154471544715447	0	0.0882352941176471	0
2736347	0.103092783505155	0.181818181818182	0.0652173913043478	0.266666666666667
4555708_1	0.840425531914894	0.909090909090909	0.875	1
4555708_2	0.840425531914894	0.909090909090909	0.875	1
4555708_3	0.840425531914894	0.909090909090909	0.875	1
517029	0.770833333333333	0.91304347826087	0.807692307692308	0.888888888888889
6336759	0.236559139784946	0.466666666666667	0.232558139534884	0.1
2470890	0.612612612612613	0.777777777777778	0.733333333333333	0.888888888888889
4001166	0.185483870967742	0.1	0.126760563380282	0.272727272727273
6619573_1	0.745454545454545	0.583333333333333	0.791666666666667	0.8
6619573_2	0.745454545454545	0.583333333333333	0.791666666666667	0.8
225572	0.295454545454545	0.357142857142857	0.326530612244898	0.0833333333333333
728145	0.87719298245614	0.916666666666667	0.963636363636364	0.866666666666667
6053568	0.422222222222222	0.230769230769231	0.404255319148936	0.166666666666667
3581525	0.132743362831858	0.0357142857142857	0.078125	0
2954062	0.268817204301075	0.05	0.239130434782609	0.153846153846154
2360073	0.413461538461538	0.166666666666667	0.461538461538462	0.285714285714286
5526430	0.276595744680851	0.388888888888889	0.181818181818182	0.272727272727273
5648125	0.156521739130435	0.08	0.258620689655172	0.263157894736842
3927388	0.352941176470588	0.230769230769231	0.26865671641791	0.333333333333333
4218894	0.931034482758621	1	1	1
5098524	0.836734693877551	0.615384615384615	0.875	0.888888888888889
6679414	0.784090909090909	0.708333333333333	0.803921568627451	0.636363636363636
2069202	0.901515151515151	0.789473684210526	0.763636363636364	0.9375
3045484	0.461538461538462	0.619047619047619	0.588235294117647	0.5
3860109	0.233333333333333	0.222222222222222	0.1	0.166666666666667
1006623	0.741379310344828	0.814814814814815	0.605263157894737	0.866666666666667
6341573	0.263736263736264	0.315789473684211	0.24	0.0909090909090909
1321450	0.355371900826446	0.391304347826087	0.285714285714286	0.428571428571429
5904476	0.966101694915254	0.941176470588235	0.864864864864865	0.875
3542511	0.584	0.526315789473684	0.542857142857143	0.611111111111111
4409972	0.615384615384615	0.863636363636364	0.666666666666667	0.692307692307692
7001688	0.754716981132076	0.761904761904762	0.711538461538462	0.866666666666667
5014909	0.574468085106383	0.411764705882353	0.411764705882353	0.666666666666667
5828203	0.102362204724409	0.0454545454545455	0.0491803278688525	0
802051	0.723577235772358	0.722222222222222	0.692307692307692	0.538461538461538
7110047	0.462264150943396	0.48	0.557142857142857	0.5625
4654611	0.297297297297297	0.166666666666667	0.162790697674419	0.0833333333333333
2045779	0.24390243902439	0.1875	0.37037037037037	0.2
1909269	0.813559322033898	0.8	0.930555555555556	0.666666666666667
3137008	0.339449541284404	0.266666666666667	0.457627118644068	0.333333333333333
5629937	0.0865384615384615	0.0344827586206897	0	0
1346092	0.220183486238532	0.294117647058824	0.306122448979592	0.133333333333333
1530821	0.598039215686274	0.653846153846154	0.619047619047619	0.6875
7111281	0.745098039215686	0.888888888888889	0.741379310344828	0.6
254343_1	0.218487394957983	0.333333333333333	0.213114754098361	0.125
254343_2	0.218487394957983	0.333333333333333	0.213114754098361	0.125
6069259	0.858333333333333	0.684210526315789	0.839285714285714	0.714285714285714
1841996	0.801587301587302	1	0.80952380952381	0.888888888888889
1094202	0.0918367346938776	0	0.0161290322580645	0
6837595_1	0.226190476190476	0.105263157894737	0.12962962962963	0.285714285714286
6837595_2	0.226190476190476	0.105263157894737	0.12962962962963	0.285714285714286
772662_1	0.419117647058824	0.380952380952381	0.477611940298507	0.769230769230769
772662_2	0.419117647058824	0.380952380952381	0.477611940298507	0.769230769230769
6265894	0.133333333333333	0.25	0.216666666666667	0.0714285714285714
3281977	0.188034188034188	0.0769230769230769	0.15625	0
3224331	0.664	0.75	0.615384615384615	0.866666666666667
2038656	0.809090909090909	0.782608695652174	0.793650793650794	0.944444444444444
1502567	0.75	0.695652173913043	0.74	0.846153846153846
303860	0.341269841269841	0.294117647058824	0.23943661971831	0.0769230769230769
709502	0.298245614035088	0.368421052631579	0.204081632653061	0.307692307692308
5637367	0.083969465648855	0	0	0.0666666666666667
6028937	0.496124031007752	0.666666666666667	0.639344262295082	0.461538461538462
3848386	0.939655172413793	0.833333333333333	0.853333333333333	1
6029320	0.846153846153846	0.952380952380952	0.946666666666667	0.933333333333333
4014921	0.732758620689655	0.545454545454545	0.728813559322034	0.8
3060886	0.115702479338843	0.037037037037037	0.0714285714285714	0.0666666666666667
2105964	0.715686274509804	0.857142857142857	0.845070422535211	0.785714285714286
141691	0.0846153846153846	0.0555555555555556	0	0
503636	0.939130434782609	0.958333333333333	0.930555555555556	0.75
7092320	0.11340206185567	0	0.163636363636364	0
850908	0.900763358778626	0.863636363636364	0.984126984126984	1
501958	0.56701030927835	0.583333333333333	0.542857142857143	0.75
1559645	0.901785714285714	0.730769230769231	0.811320754716981	0.777777777777778
2999428	0.931297709923664	1	0.857142857142857	1
632529	0.114754098360656	0.235294117647059	0.0714285714285714	0
5032220	0.42156862745098	0.5	0.346153846153846	0.6
5479574	0.763440860215054	0.8	0.661016949152542	0.833333333333333
3487161	0.323529411764706	0.2	0.2	0.0909090909090909
238461	0.241666666666667	0.25	0.387755102040816	0.111111111111111
4042023	0.866141732283465	0.85	0.931034482758621	1
4021328	0.165137614678899	0.08	0.0677966101694915	0
901586	0.251968503937008	0.28	0.146666666666667	0.0666666666666667
7022336_1	0.423913043478261	0.458333333333333	0.483333333333333	0.214285714285714
7022336_2	0.423913043478261	0.458333333333333	0.483333333333333	0.214285714285714
4114661	0.938931297709924	0.944444444444444	0.95	1
3165863_1	0.784313725490196	0.846153846153846	0.803921568627451	1
3165863_2	0.784313725490196	0.846153846153846	0.803921568627451	1
2286179	0.870229007633588	0.947368421052632	0.941176470588235	0.8125
5843234	0.576923076923077	0.5	0.603448275862069	0.533333333333333
599943	0.245098039215686	0.307692307692308	0.326923076923077	0.1
703728	0.295454545454545	0.391304347826087	0.189655172413793	0.125
5738885	0.869158878504673	1	0.91304347826087	0.846153846153846
2655897	0.197802197802198	0.133333333333333	0.0983606557377049	0
6817268	0.759259259259259	0.869565217391304	0.885714285714286	0.928571428571429
5871042	0.752212389380531	0.92	0.67741935483871	0.818181818181818
1836013	0.309734513274336	0.375	0.253968253968254	0.176470588235294
5695471	0.719626168224299	0.727272727272727	0.833333333333333	0.888888888888889
5718873	0.871287128712871	0.9	0.758620689655172	0.909090909090909
1944535_1	0.176470588235294	0.0555555555555556	0.114754098360656	0.333333333333333
1944535_2	0.176470588235294	0.0555555555555556	0.114754098360656	0.333333333333333
4328611	0.900900900900901	0.72	0.851063829787234	0.894736842105263
4165435	0.368421052631579	0.173913043478261	0.333333333333333	0.266666666666667
1995789	0.633928571428571	0.769230769230769	0.623188405797101	0.6875
6895670	0.933333333333333	1	1	1
6285522	0.554455445544555	0.523809523809524	0.67741935483871	0.538461538461538
6658834	0.609090909090909	0.481481481481481	0.534246575342466	0.4
6595634	0.811023622047244	0.863636363636364	0.897959183673469	1
2727821	0.777777777777778	0.590909090909091	0.692307692307692	0.9
2723819	0.545454545454545	0.391304347826087	0.627118644067797	0.7
5211763	0.163461538461538	0.0526315789473684	0.0851063829787234	0.272727272727273
5469216	0.844660194174757	0.954545454545455	0.911764705882353	0.722222222222222
2276893	0.858823529411765	0.88	0.862745098039216	0.888888888888889
4108853	0.707964601769911	0.7	0.75	0.5
3981126	0.862068965517241	0.8125	0.821428571428571	1
4112664	0.811111111111111	0.80952380952381	0.823529411764706	0.866666666666667
135031_1	0.327272727272727	0.2	0.256756756756757	0
135031_2	0.327272727272727	0.2	0.256756756756757	0
3833861_1	0.787878787878788	0.944444444444444	0.764705882352941	0.875
3833861_2	0.787878787878788	0.944444444444444	0.764705882352941	0.875
3833861_3	0.787878787878788	0.944444444444444	0.764705882352941	0.875
868689	0.183673469387755	0.0526315789473684	0.125	0
2768985	0.414893617021277	0.411764705882353	0.306451612903226	0.25
7123009	0.447619047619048	0.64	0.552238805970149	0.5
5780379	0.195876288659794	0.0666666666666667	0.101694915254237	0.153846153846154
4474899	0.6484375	0.62962962962963	0.676470588235294	0.866666666666667
5951389	0.747747747747748	0.625	0.693877551020408	0.909090909090909
2652104	0.524271844660194	0.7	0.587301587301587	0.466666666666667
3279770	0.218045112781955	0.217391304347826	0.0727272727272727	0.0909090909090909
5568040	0.801980198019802	0.62962962962963	0.72	0.909090909090909
3274624	0.550847457627119	0.48	0.552631578947368	0.666666666666667
3772360	0.102564102564103	0	0.0384615384615385	0
6109940	0.846153846153846	0.76	0.892857142857143	0.666666666666667
524711	0.785714285714286	0.928571428571429	0.819444444444444	0.928571428571429
5171556	0.133928571428571	0	0.193548387096774	0.2
5504300	0.30188679245283	0.173913043478261	0.152173913043478	0.166666666666667
2741705	0.244186046511628	0.117647058823529	0.216666666666667	0.1
7062687	0.121739130434783	0.0476190476190476	0.197368421052632	0.285714285714286
5797698	0.68	0.730769230769231	0.728813559322034	0.833333333333333
6537170	0.908333333333333	0.818181818181818	0.910714285714286	1
8420	0.156862745098039	0.28	0.120689655172414	0.0909090909090909
131748	0.826086956521739	0.6	0.779411764705882	0.785714285714286
5322922	0.259842519685039	0.217391304347826	0.352112676056338	0.0714285714285714
4600843	0.788888888888889	0.857142857142857	0.870967741935484	1
1167165	0.292929292929293	0.105263157894737	0.333333333333333	0.411764705882353
6727940	0.0769230769230769	0.0625	0.166666666666667	0
3289211	0.583333333333333	0.571428571428571	0.603174603174603	0.8125
1714020	0.606299212598425	0.434782608695652	0.660377358490566	0.578947368421053
4352165	0.559633027522936	0.4375	0.637931034482759	0.5
4188867	0.208333333333333	0.25	0.0851063829787234	0.2
1649459	0.087719298245614	0.037037037037037	0.0625	0
5536805	0.793478260869565	0.8	0.711111111111111	0.545454545454545
2467439	0.701754385964912	0.909090909090909	0.685185185185185	0.888888888888889
4079689	0.380530973451327	0.434782608695652	0.353846153846154	0.157894736842105
4632127_1	0.826923076923077	0.807692307692308	0.903225806451613	0.769230769230769
4632127_2	0.826923076923077	0.807692307692308	0.903225806451613	0.769230769230769
2526493	0.81	0.916666666666667	0.885245901639344	1
2880193	0.345132743362832	0.3	0.226415094339623	0.1
6036143	0.860215053763441	0.866666666666667	0.952380952380952	0.8
3901182	0.0909090909090909	0	0.0384615384615385	0
2183738	0.21259842519685	0.0454545454545455	0.173913043478261	0
6666767	0.25	0.2	0.306451612903226	0.4375
163757	0.607476635514019	0.76	0.739130434782609	0.666666666666667
325864_1	0.350877192982456	0.368421052631579	0.320754716981132	0.105263157894737
325864_2	0.350877192982456	0.368421052631579	0.320754716981132	0.105263157894737
325864_3	0.350877192982456	0.368421052631579	0.320754716981132	0.105263157894737
6568434	0.341880341880342	0.217391304347826	0.378787878787879	0.222222222222222
3235003	0.636363636363636	0.444444444444444	0.613636363636364	0.529411764705882
625151	0.237623762376238	0.105263157894737	0.326923076923077	0.125
5587123	0.722772277227723	0.842105263157895	0.730769230769231	0.888888888888889
5848163	0.53448275862069	0.592592592592593	0.462686567164179	0.578947368421053
2037949	0.0980392156862745	0	0.0434782608695652	0
2079130	0.89247311827957	0.789473684210526	0.934426229508197	0.909090909090909
2718699	0.172932330827068	0.352941176470588	0.206349206349206	0.105263157894737
5942572	0.54639175257732	0.521739130434783	0.5	0.764705882352941
6568214	0.905511811023622	0.772727272727273	0.888888888888889	0.916666666666667
4403000	0.16504854368932	0.0833333333333333	0.162790697674419	0.3
4616238	0.121739130434783	0.037037037037037	0.161764705882353	0
2229456	0.902912621359223	0.80952380952381	0.783783783783784	0.833333333333333
2120522	0.0990990990990991	0.0526315789473684	0.176470588235294	0
4257751	0.239669421487603	0.125	0.125	0.25
588014	0.12	0	0.142857142857143	0
4331673	0.824561403508772	0.884615384615385	0.777777777777778	1
550011	0.841269841269841	0.9375	0.912280701754386	1
6785180	0.882352941176471	0.80952380952381	0.791044776119403	0.785714285714286
6154645	0.186991869918699	0.176470588235294	0.0967741935483871	0
88978	0.837837837837838	0.875	0.847826086956522	0.684210526315789
1016493	0.138888888888889	0.285714285714286	0.158730158730159	0.157894736842105
4468075	0.146788990825688	0.0588235294117647	0.0967741935483871	0
926986	0.387096774193548	0.52	0.383333333333333	0.333333333333333
4928647	0.480314960629921	0.321428571428571	0.578947368421053	0.4
5707693	0.638297872340426	0.761904761904762	0.578947368421053	0.818181818181818
1251948	0.106194690265487	0	0.155172413793103	0.0833333333333333
105988	0.798245614035088	0.956521739130435	0.887323943661972	0.882352941176471
3831633	0.221052631578947	0.210526315789474	0.181818181818182	0.363636363636364
3103401	0.85981308411215	0.966666666666667	0.855072463768116	0.846153846153846
789134	0.835294117647059	0.952380952380952	0.833333333333333	1
4039843	0.861702127659574	0.833333333333333	0.754385964912281	0.941176470588235
5492348	0.310924369747899	0.476190476190476	0.276923076923077	0.133333333333333
1521195_1	0.131578947368421	0	0.0983606557377049	0.153846153846154
1521195_2	0.131578947368421	0	0.0983606557377049	0.153846153846154
1347582	0.0991735537190083	0.136363636363636	0.2	0.111111111111111
3498980	0.205128205128205	0.363636363636364	0.320512820512821	0.153846153846154
1084892	0.779661016949153	0.538461538461538	0.712328767123288	0.666666666666667
6086235	0.119047619047619	0.181818181818182	0.0625	0
6122180	0.601769911504425	0.636363636363636	0.645161290322581	0.777777777777778
3950468_1	0.341666666666667	0.458333333333333	0.235294117647059	0.333333333333333
3950468_2	0.341666666666667	0.458333333333333	0.235294117647059	0.333333333333333
6392641	0.948717948717949	1	1	1
3883446	0.445454545454545	0.260869565217391	0.434210526315789	0.545454545454545
54482	0.191011235955056	0.263157894736842	0.156862745098039	0.285714285714286
6036448	0.864077669902913	0.954545454545455	0.784615384615385	0.916666666666667
485056	0.193548387096774	0.0526315789473684	0.133333333333333	0.0833333333333333
2026429	0.0731707317073171	0.117647058823529	0.0144927536231884	0
6493693	0.908333333333333	1	0.87719298245614	1
873257	0.841121495327103	0.777777777777778	0.878378378378378	1
2492685_1	0.584615384615385	0.777777777777778	0.596491228070175	0.75
2492685_2	0.584615384615385	0.777777777777778	0.596491228070175	0.75
2699546_1	0.43859649122807	0.238095238095238	0.356164383561644	0.368421052631579
2699546_2	0.43859649122807	0.238095238095238	0.356164383561644	0.368421052631579
1443081_1	0.59375	0.653846153846154	0.491803278688525	0.538461538461538
1443081_2	0.59375	0.653846153846154	0.491803278688525	0.538461538461538
1747321	0.836065573770492	0.904761904761905	0.866666666666667	0.933333333333333
5106167	0.116071428571429	0	0.0882352941176471	0
190056	0.912	0.947368421052632	0.836065573770492	1
6836376	0.202380952380952	0.166666666666667	0.142857142857143	0.0769230769230769
168474	0.8	0.833333333333333	0.826086956521739	0.833333333333333
1429668	0.127118644067797	0.0555555555555556	0.112903225806452	0.0588235294117647
1112636	0.311926605504587	0.388888888888889	0.360655737704918	0.153846153846154
4169013	0.138461538461538	0.0526315789473684	0.0735294117647059	0
3982565	0.210526315789474	0.157894736842105	0.235294117647059	0.133333333333333
2933893	0.827586206896552	0.888888888888889	0.936170212765957	0.928571428571429
935082	0.0803571428571429	0.0384615384615385	0.12987012987013	0
4607455	0.233333333333333	0.230769230769231	0.260869565217391	0.428571428571429
2546572	0.782945736434108	0.833333333333333	0.662162162162162	0.6875
4402971	0.911111111111111	0.857142857142857	0.808510638297872	0.857142857142857
150259	0.173076923076923	0.333333333333333	0.176470588235294	0.0769230769230769
3540051	0.0725806451612903	0.12	0.0144927536231884	0.0909090909090909
2818471	0.285714285714286	0.421052631578947	0.345454545454545	0.315789473684211
6221012	0.045045045045045	0	0	0
702295	0.827586206896552	0.909090909090909	0.859375	0.7
4941948_1	0.519083969465649	0.333333333333333	0.523076923076923	0.615384615384615
4941948_2	0.519083969465649	0.333333333333333	0.523076923076923	0.615384615384615
4941948_3	0.519083969465649	0.333333333333333	0.523076923076923	0.615384615384615
5263665	0.222222222222222	0.153846153846154	0.19047619047619	0.2
2169313	0.107843137254902	0.0588235294117647	0.184615384615385	0.0625
1563317	0.259615384615385	0.36	0.274193548387097	0.142857142857143
1617604	0.183908045977011	0.181818181818182	0.173076923076923	0
3418339	0.114035087719298	0.133333333333333	0.163636363636364	0.294117647058824
5427967	0.1875	0.142857142857143	0.224137931034483	0
3938133	0.0849056603773585	0	0.0327868852459016	0
3340327	0.895652173913044	0.823529411764706	0.923076923076923	1
2026186	0.884615384615385	1	0.953488372093023	0.916666666666667
7051469	0.833333333333333	0.909090909090909	0.897058823529412	1
1980543	0.840425531914894	0.777777777777778	0.854166666666667	0.692307692307692
1361915	0.795081967213115	0.785714285714286	0.833333333333333	0.615384615384615
6544469	0.415094339622642	0.52	0.476190476190476	0.333333333333333
5652304	0.0725806451612903	0	0.0704225352112676	0
297066	0.848739495798319	0.666666666666667	0.818181818181818	0.909090909090909
2963563	0.140495867768595	0.0666666666666667	0.19047619047619	0
1006136_1	0.866666666666667	0.8	0.911764705882353	0.909090909090909
1006136_2	0.866666666666667	0.8	0.911764705882353	0.909090909090909
1398812	0.232558139534884	0.185185185185185	0.25531914893617	0.111111111111111
2022665	0.45045045045045	0.4	0.478260869565217	0.272727272727273
5114288	0.876106194690266	0.833333333333333	0.767123287671233	0.764705882352941
4404971	0.160714285714286	0.1	0.150943396226415	0
5318572	0.0634920634920635	0.166666666666667	0.0285714285714286	0.0625
2763769	0.889908256880734	0.782608695652174	0.87719298245614	1
1946173	0.352941176470588	0.538461538461538	0.338709677419355	0.266666666666667
1594839_1	0.252032520325203	0.368421052631579	0.35	0.444444444444444
1594839_2	0.252032520325203	0.368421052631579	0.35	0.444444444444444
892836	0.0932203389830508	0.0714285714285714	0.163934426229508	0
5452029	0.910891089108911	0.894736842105263	0.855072463768116	0.933333333333333
3109189	0.132352941176471	0.136363636363636	0.0923076923076923	0
3369833	0.10377358490566	0	0.046875	0.0833333333333333
1988456	0.63302752293578	0.708333333333333	0.691176470588235	0.6875
5439808	0.258064516129032	0.260869565217391	0.196969696969697	0.333333333333333
5504499	0.5390625	0.526315789473684	0.46969696969697	0.769230769230769
2109092	0.579831932773109	0.666666666666667	0.692307692307692	0.75
1314324_1	0.68695652173913	0.857142857142857	0.672413793103448	0.545454545454545
1314324_2	0.68695652173913	0.857142857142857	0.672413793103448	0.545454545454545
1593463_1	0.725925925925926	0.9375	0.775862068965517	0.733333333333333
1593463_2	0.725925925925926	0.9375	0.775862068965517	0.733333333333333
292583	0.263636363636364	0.1	0.215686274509804	0.285714285714286
1102213	0.0578512396694215	0	0.0909090909090909	0
3924350_1	0.486725663716814	0.482758620689655	0.519230769230769	0.428571428571429
3924350_2	0.486725663716814	0.482758620689655	0.519230769230769	0.428571428571429
3456064	0.42	0.3	0.338983050847458	0.25
1233946	0.900826446280992	1	0.893939393939394	1
6274527	0.0804597701149425	0.0588235294117647	0.155172413793103	0.2
603785	0.870967741935484	0.966666666666667	0.819672131147541	0.875
2029606	0.823529411764706	0.916666666666667	0.875	0.722222222222222
47046	0.119047619047619	0.142857142857143	0.0416666666666667	0.153846153846154
284886	0.795454545454545	0.722222222222222	0.745762711864407	0.9375
6869350	0.11965811965812	0.142857142857143	0.0625	0
3904080	0.853932584269663	0.909090909090909	0.8	1
1546539	0.128440366972477	0.0384615384615385	0.12280701754386	0.25
2354285	0.0740740740740741	0.0416666666666667	0.150943396226415	0.111111111111111
2901402	0.0708661417322835	0.176470588235294	0.0714285714285714	0
6318434	0.566037735849057	0.5625	0.580645161290323	0.647058823529412
6110811	0.578947368421053	0.6	0.688888888888889	0.625
1446782	0.477941176470588	0.65	0.564516129032258	0.416666666666667
257383	0.818965517241379	0.928571428571429	0.836065573770492	0.875
3149041	0.281818181818182	0.277777777777778	0.25	0.166666666666667
4433522	0.617886178861789	0.45	0.527777777777778	0.666666666666667
3087031	0.768421052631579	0.684210526315789	0.8	0.6
5489896	0.809090909090909	0.9375	0.791666666666667	0.9375
3176507	0.851063829787234	0.75	0.759259259259259	0.75
6541516_1	0.818181818181818	0.80952380952381	0.791666666666667	1
6541516_2	0.818181818181818	0.80952380952381	0.791666666666667	1
6541516_3	0.818181818181818	0.80952380952381	0.791666666666667	1
3913884	0.0396039603960396	0	0	0
4533620	0.454545454545455	0.545454545454545	0.5	0.315789473684211
2346932	0.871559633027523	0.96	0.896103896103896	1
3007239	0.903225806451613	0.904761904761905	0.848484848484849	1
3270208	0.232142857142857	0.176470588235294	0.234042553191489	0
6050454	0.722222222222222	0.833333333333333	0.725806451612903	0.916666666666667
3872337	0.372881355932203	0.260869565217391	0.403225806451613	0.181818181818182
2292444	0.8203125	0.91304347826087	0.775862068965517	0.875
3951595_1	0.850467289719626	0.733333333333333	0.819672131147541	0.933333333333333
3951595_2	0.850467289719626	0.733333333333333	0.819672131147541	0.933333333333333
4522348	0.0769230769230769	0.230769230769231	0.116883116883117	0.0714285714285714
3324804	0.117647058823529	0.217391304347826	0.123287671232877	0.0833333333333333
4904696	0.163934426229508	0.310344827586207	0.183098591549296	0.0769230769230769
3470510	0.168	0.107142857142857	0.104477611940299	0.230769230769231
5456862_1	0.25	0.235294117647059	0.288888888888889	0.181818181818182
5456862_2	0.25	0.235294117647059	0.288888888888889	0.181818181818182
2533393	0.914529914529915	0.96551724137931	0.871794871794872	1
5766480	0.0891089108910891	0.176470588235294	0.0517241379310345	0.0588235294117647
5802519	0.0882352941176471	0	0.0615384615384615	0.125
1081493	0.772727272727273	0.823529411764706	0.761194029850746	0.736842105263158
638617	0.821428571428571	0.916666666666667	0.892857142857143	0.846153846153846
5637526	0.783582089552239	0.954545454545455	0.785714285714286	0.842105263157895
1100992_1	0.219298245614035	0.315789473684211	0.230769230769231	0.230769230769231
1100992_2	0.219298245614035	0.315789473684211	0.230769230769231	0.230769230769231
6527380	0.882352941176471	1	0.852459016393443	1
3785332	0.868131868131868	0.8125	0.859375	1
4924597	0.83495145631068	0.85	0.759259259259259	0.857142857142857
589466_1	0.830769230769231	0.947368421052632	0.793650793650794	0.8125
589466_2	0.830769230769231	0.947368421052632	0.793650793650794	0.8125
4791760	0.838383838383838	0.944444444444444	0.875	1
4291743	0.403225806451613	0.464285714285714	0.453125	0.555555555555556
735881	0.277777777777778	0.157894736842105	0.17910447761194	0.142857142857143
2473173	0.125984251968504	0.115384615384615	0.0408163265306122	0.0666666666666667
2748864	0.813008130081301	0.785714285714286	0.782608695652174	1
2978116	0.825	0.8	0.857142857142857	1
1178633	0.707964601769911	0.6	0.761194029850746	0.785714285714286
629524_1	0.717948717948718	0.8125	0.759259259259259	0.846153846153846
629524_2	0.717948717948718	0.8125	0.759259259259259	0.846153846153846
629524_3	0.717948717948718	0.8125	0.759259259259259	0.846153846153846
5567344	0.087378640776699	0.157894736842105	0.116666666666667	0
780776	0.265625	0.166666666666667	0.214285714285714	0.176470588235294
2976961	0.875	0.823529411764706	0.85	1
1349565	0.179487179487179	0.0689655172413793	0.192982456140351	0.1
5640532	0.8	0.740740740740741	0.761904761904762	0.875
128645_1	0.110169491525424	0.0526315789473684	0.0634920634920635	0
128645_2	0.110169491525424	0.0526315789473684	0.0634920634920635	0
704889	0.715909090909091	0.846153846153846	0.727272727272727	0.769230769230769
4120852	0.863636363636364	0.8125	0.833333333333333	0.769230769230769
2510025	0.365079365079365	0.277777777777778	0.269230769230769	0.176470588235294
3487042	0.865546218487395	0.92	0.939393939393939	0.941176470588235
765946	0.867256637168142	0.92	0.838235294117647	1
5468590	0.105263157894737	0.1875	0.09375	0.222222222222222
156392	0.161616161616162	0.111111111111111	0.208333333333333	0.1
5567782	0.08	0	0.0746268656716418	0
6663618_1	0.238938053097345	0.1	0.25	0.25
6663618_2	0.238938053097345	0.1	0.25	0.25
2709217	0.913461538461538	1	0.934210526315789	1
1443352_1	0.254901960784314	0.333333333333333	0.215384615384615	0.111111111111111
1443352_2	0.254901960784314	0.333333333333333	0.215384615384615	0.111111111111111
1443352_3	0.254901960784314	0.333333333333333	0.215384615384615	0.111111111111111
1379991	0.852713178294574	0.9375	0.909090909090909	0.916666666666667
5075076	0.69811320754717	0.833333333333333	0.761904761904762	0.777777777777778
6049349	0.285714285714286	0.111111111111111	0.289473684210526	0.307692307692308
497677	0.780952380952381	0.692307692307692	0.771929824561403	0.857142857142857
2395117	0.844827586206897	0.9375	0.807692307692308	0.9375
1550160	0.878504672897196	0.862068965517241	0.901639344262295	0.777777777777778
1294032	0.138888888888889	0.103448275862069	0.0845070422535211	0.1875
2568819	0.897727272727273	1	0.854166666666667	0.888888888888889
1221266	0.393700787401575	0.5	0.426470588235294	0.473684210526316
2965957	0.508620689655172	0.611111111111111	0.492307692307692	0.666666666666667
2813575	0.781609195402299	0.733333333333333	0.755102040816326	0.75
2676827	0.446153846153846	0.416666666666667	0.34375	0.375
5865180	0.830645161290323	0.857142857142857	0.903225806451613	0.823529411764706
1991715	0.925619834710744	1	0.929824561403509	1
1641983	0.856	0.75	0.8	0.75
2953597	0.930769230769231	0.909090909090909	0.983606557377049	0.9
5552017	0.032258064516129	0	0	0
5966881	0.844827586206897	0.8	0.854545454545454	1
3171219	0.863247863247863	0.857142857142857	0.939393939393939	0.9
3002009	0.858333333333333	0.842105263157895	0.802816901408451	0.9375
3437951	0.883928571428571	0.863636363636364	0.886792452830189	1
3046336	0.72	0.666666666666667	0.739130434782609	0.857142857142857
2218977	0.1875	0.173913043478261	0.153846153846154	0
5459186	0.117117117117117	0.0454545454545455	0.122448979591837	0
5496516	0.830357142857143	0.821428571428571	0.788461538461538	0.8125
6929247	0.962962962962963	1	1	1
6023647_1	0.762886597938144	0.764705882352941	0.744186046511628	0.818181818181818
6023647_2	0.762886597938144	0.764705882352941	0.744186046511628	0.818181818181818
97230	0.807339449541284	0.888888888888889	0.78125	0.9
2407935	0.36036036036036	0.357142857142857	0.359375	0.3
5883023	0.405405405405405	0.4	0.294117647058824	0.266666666666667
5777543	0.938775510204082	1	0.979591836734694	0.923076923076923
5743534	0.109090909090909	0.12	0.0983606557377049	0.25
3497014	0.861386138613861	0.947368421052632	0.935483870967742	0.894736842105263
2115842_1	0.141592920353982	0.037037037037037	0.135593220338983	0.0769230769230769
2115842_2	0.141592920353982	0.037037037037037	0.135593220338983	0.0769230769230769
2686603_1	0.196428571428571	0.3	0.215686274509804	0.142857142857143
2686603_2	0.196428571428571	0.3	0.215686274509804	0.142857142857143
93699	0.863636363636364	0.928571428571429	0.925925925925926	0.9375
459620	0.795454545454545	0.869565217391304	0.849056603773585	0.6875
5767628	0.683673469387755	0.722222222222222	0.627906976744186	0.7
1189586	0.247787610619469	0.16	0.285714285714286	0.0909090909090909
3486758	0.869918699186992	0.91304347826087	0.892307692307692	1
3747236	0.905660377358491	0.941176470588235	0.962264150943396	0.866666666666667
1788602	0.227642276422764	0.178571428571429	0.12962962962963	0.235294117647059
126542	0.935483870967742	1	0.971014492753623	1
4072392	0.675925925925926	0.764705882352941	0.597014925373134	0.636363636363636
3060162	0.383458646616541	0.368421052631579	0.470588235294118	0.315789473684211
6664939_1	0.737373737373737	0.68	0.74468085106383	0.692307692307692
6664939_2	0.737373737373737	0.68	0.74468085106383	0.692307692307692
2836538_1	0.15625	0.105263157894737	0.192982456140351	0.0909090909090909
2836538_2	0.15625	0.105263157894737	0.192982456140351	0.0909090909090909
6848211	0.0631578947368421	0.0588235294117647	0.132075471698113	0.0714285714285714
5441630	0.796875	0.95	0.815789473684211	0.857142857142857
1612682	0.872549019607843	0.894736842105263	0.857142857142857	1
1374391	0.778688524590164	0.884615384615385	0.758064516129032	0.923076923076923
1565833	0.207407407407407	0.157894736842105	0.183333333333333	0.0833333333333333
936082	0.897959183673469	1	0.941176470588235	0.888888888888889
4002852	0.284403669724771	0.133333333333333	0.264150943396226	0.2
4209701	0.878260869565217	0.956521739130435	0.913793103448276	1
2404360	0.278688524590164	0.181818181818182	0.291666666666667	0.214285714285714
5859920	0.84070796460177	0.736842105263158	0.849315068493151	0.9
6224819	0.130434782608696	0.136363636363636	0.078125	0.166666666666667
1520803	0.230769230769231	0.111111111111111	0.1875	0.214285714285714
6578420	0.112903225806452	0.125	0.0563380281690141	0.181818181818182
2972516	0.798165137614679	0.75	0.75	0.8125
5579887	0.128205128205128	0.08	0.0740740740740741	0.0833333333333333
3988086	0.226415094339623	0.25	0.161290322580645	0.333333333333333
575385	0.296	0.25	0.25	0.384615384615385
1750109	0.8	0.888888888888889	0.819672131147541	0.777777777777778
1595233	0.714285714285714	0.714285714285714	0.75	0.857142857142857
5639724	0.136363636363636	0.12	0.185714285714286	0.2
2926305	0.104	0.19047619047619	0.112676056338028	0.2
2001544	0.106796116504854	0.0625	0.0701754385964912	0
735728	0.9	0.884615384615385	0.942028985507246	1
6869708	0.173076923076923	0.142857142857143	0.142857142857143	0
94783	0.882352941176471	0.952380952380952	0.9375	0.846153846153846
7036533	0.0689655172413793	0	0.0285714285714286	0.0625
593756	0.178294573643411	0.0666666666666667	0.115384615384615	0.214285714285714
2658923	0.894736842105263	0.941176470588235	0.941176470588235	1
5573921	0.0833333333333333	0	0.0714285714285714	0
5901424	0.402173913043478	0.272727272727273	0.4	0.375
68232	0.731707317073171	0.739130434782609	0.721311475409836	0.666666666666667
2949413	0.205357142857143	0.125	0.17741935483871	0.157894736842105
2330878	0.0956521739130435	0.0384615384615385	0.0405405405405405	0.0625
5947920	0.333333333333333	0.375	0.246153846153846	0.333333333333333
6294863	0.838383838383838	0.875	0.888888888888889	0.866666666666667
2384962	0.830188679245283	0.833333333333333	0.836734693877551	0.916666666666667
2058584	0.142857142857143	0.1	0.119047619047619	0
3780669	0.161016949152542	0.0952380952380952	0.0888888888888889	0.142857142857143
3934059	0.0260869565217391	0	0	0
5592793	0.87719298245614	0.869565217391304	0.915254237288136	1
6009439	0.869565217391304	0.958333333333333	0.9	0.9
1784092	0.133858267716535	0.0476190476190476	0.12962962962963	0.0909090909090909
3215049	0.908045977011494	0.916666666666667	0.918367346938776	1
1090246	0.152173913043478	0.0769230769230769	0.142857142857143	0.0909090909090909
2111141	0.487603305785124	0.578947368421053	0.5	0.363636363636364
4466682	0.166666666666667	0.222222222222222	0.185185185185185	0.157894736842105
2615161	0.921739130434783	0.947368421052632	0.957142857142857	1
6139203	0.796875	0.785714285714286	0.796610169491525	0.833333333333333
1262089	0.785714285714286	0.681818181818182	0.808510638297872	0.8
3848741	0.85	0.823529411764706	0.905405405405405	0.944444444444444
6537897	0.851851851851852	0.941176470588235	0.813559322033898	0.857142857142857
784037	0.191304347826087	0.0952380952380952	0.158730158730159	0.2
4434060	0.801652892561983	0.789473684210526	0.736842105263158	0.857142857142857
4976791	0.841584158415842	0.777777777777778	0.841269841269841	0.8
3364779	0.153846153846154	0.125	0.103448275862069	0.142857142857143
7016146	0.885496183206107	0.956521739130435	0.946666666666667	0.888888888888889
3137624	0.0803571428571429	0.0833333333333333	0.0958904109589041	0
2366163	0.973684210526316	1	1	1
4336563	0.083969465648855	0.0625	0.0769230769230769	0.2
3355070	0.660377358490566	0.684210526315789	0.593220338983051	0.571428571428571
6864175	0.824427480916031	0.818181818181818	0.805970149253731	0.9375
3229278	0.327586206896552	0.217391304347826	0.359375	0.333333333333333
7030889	0.878504672897196	0.842105263157895	0.82089552238806	0.9375
5072704	0.0916666666666667	0.136363636363636	0.101449275362319	0
3082470	0.025	0	0	0
2221909	0.594827586206897	0.518518518518518	0.596491228070175	0.647058823529412
2893441	0.122137404580153	0.15	0.134328358208955	0.0588235294117647
5404866_1	0.45	0.32	0.453333333333333	0.5
5404866_2	0.45	0.32	0.453333333333333	0.5
4792406	0.6	0.588235294117647	0.666666666666667	0.526315789473684
6545647	0.864	0.842105263157895	0.875	0.866666666666667
3270441	0.114035087719298	0.0476190476190476	0.0727272727272727	0.0769230769230769
632046	0.245098039215686	0.275862068965517	0.235294117647059	0.214285714285714
3982634	0.93984962406015	1	0.949152542372881	1
2397162_1	0.862385321100917	0.782608695652174	0.82	0.866666666666667
2397162_2	0.862385321100917	0.782608695652174	0.82	0.866666666666667
2397162_3	0.862385321100917	0.782608695652174	0.82	0.866666666666667
6233008	0.0714285714285714	0.0454545454545455	0.0303030303030303	0
4132254	0.761061946902655	0.761904761904762	0.810344827586207	0.684210526315789
1489593	0.936	1	0.943396226415094	1
246156	0.590909090909091	0.6	0.635135135135135	0.684210526315789
1062451	0.872549019607843	0.818181818181818	0.836065573770492	0.777777777777778
4094422	0.205882352941176	0.285714285714286	0.245283018867925	0.363636363636364
4498116	0.895161290322581	0.96551724137931	0.902777777777778	0.928571428571429
1716774	0.0747663551401869	0.0526315789473684	0.0447761194029851	0
6437965	0.319587628865979	0.428571428571429	0.392857142857143	0.333333333333333
5897783	0.571428571428571	0.470588235294118	0.535211267605634	0.5625
4560894	0.828571428571429	0.863636363636364	0.862745098039216	0.923076923076923
1067671	0.127659574468085	0.19047619047619	0.133333333333333	0.0769230769230769
1034385	0.776859504132231	0.833333333333333	0.859375	0.769230769230769
1443548	0.847058823529412	0.722222222222222	0.811320754716981	0.777777777777778
1748244	0.0761904761904762	0	0.102040816326531	0.0714285714285714
4015484	0.238461538461538	0.25	0.261538461538462	0.25
4100308	0.289256198347107	0.416666666666667	0.323076923076923	0.277777777777778
6862051	0.258620689655172	0.176470588235294	0.279411764705882	0.3125
6751817	0.932773109243697	1	0.933333333333333	0.9375
3424716	0.290322580645161	0.277777777777778	0.333333333333333	0.411764705882353
6444007	0.833333333333333	0.782608695652174	0.830508474576271	0.9
4556101	0.198275862068966	0.266666666666667	0.228571428571429	0.166666666666667
2739276	0.8828125	0.846153846153846	0.9	0.909090909090909
2818666	0.890756302521008	0.909090909090909	0.904109589041096	0.846153846153846
6482468	0.861538461538462	0.875	0.827586206896552	0.916666666666667
1381956	0.198198198198198	0.285714285714286	0.246376811594203	0.214285714285714
5069859	0.868421052631579	0.866666666666667	0.825396825396825	0.846153846153846
2646478	0.87603305785124	0.833333333333333	0.92	0.888888888888889
789752	0.0917431192660551	0.1	0.0677966101694915	0
58194	0.151260504201681	0.230769230769231	0.2	0.2
1484712	0.802325581395349	0.923076923076923	0.791666666666667	0.764705882352941
3693293	0.203007518796992	0.181818181818182	0.158730158730159	0.0769230769230769
934367	0.186991869918699	0.214285714285714	0.213333333333333	0.142857142857143
4627139	0.242990654205607	0.206896551724138	0.266666666666667	0.181818181818182
1742562	0.305084745762712	0.25	0.285714285714286	0.176470588235294
3907516_1	0.140625	0.133333333333333	0.163934426229508	0.0625
3907516_2	0.140625	0.133333333333333	0.163934426229508	0.0625
1475492	0.797872340425532	0.75	0.788461538461538	0.692307692307692
2995691	0.715596330275229	0.620689655172414	0.711864406779661	0.8
5177739	0.862903225806452	0.882352941176471	0.848484848484849	0.833333333333333
7012486	0.803418803418803	0.84	0.807017543859649	0.875
6647190	0.0882352941176471	0.1	0.107692307692308	0.117647058823529
2623038	0.0737704918032787	0	0.0769230769230769	0.0769230769230769
3896866	0.155737704918033	0.222222222222222	0.19672131147541	0.166666666666667
4082446	0.231404958677686	0.19047619047619	0.17741935483871	0.266666666666667
5863286	0.363636363636364	0.291666666666667	0.359375	0.333333333333333
3996209	0.0849056603773585	0.0384615384615385	0.0952380952380952	0.0714285714285714
528863	0.851851851851852	0.818181818181818	0.828125	0.923076923076923
3865804	0.927927927927928	0.892857142857143	0.898305084745763	0.923076923076923
6592117	0.172727272727273	0.1875	0.140350877192982	0.0909090909090909
3825774	0.102040816326531	0.0952380952380952	0.0638297872340425	0.0769230769230769
1910681	0.201492537313433	0.176470588235294	0.23728813559322	0.266666666666667
4461939	0.0909090909090909	0.0869565217391304	0.116666666666667	0.153846153846154
5214187	0.867256637168142	0.866666666666667	0.824561403508772	0.8125
3064377	0.895522388059702	0.875	0.880597014925373	0.866666666666667
5292388	0.855769230769231	0.909090909090909	0.854838709677419	0.923076923076923
1403528	0.188976377952756	0.178571428571429	0.132075471698113	0.176470588235294
727063_1	0.322314049586777	0.333333333333333	0.327868852459016	0.285714285714286
727063_2	0.322314049586777	0.333333333333333	0.327868852459016	0.285714285714286
2807280	0.2	0.15	0.164179104477612	0.176470588235294
6536620	0.905511811023622	0.857142857142857	0.901639344262295	0.866666666666667
4692513	0.572649572649573	0.619047619047619	0.578947368421053	0.692307692307692
2645454	0.831932773109244	0.80952380952381	0.836734693877551	0.823529411764706
1454638	0.182539682539683	0.125	0.146666666666667	0.181818181818182
1366376	0.706422018348624	0.72	0.67741935483871	0.785714285714286
538039	0.307086614173228	0.235294117647059	0.307692307692308	0.266666666666667
1280448	0.158333333333333	0.148148148148148	0.135135135135135	0.0714285714285714
1851713	0.895652173913044	0.923076923076923	0.866666666666667	0.909090909090909
493815	0.863157894736842	0.888888888888889	0.830769230769231	0.833333333333333
5089575	0.321100917431193	0.357142857142857	0.306451612903226	0.307692307692308
