TARA_145	TARA_150	TARA_151	TARA_68	TARA_80
5585609	0	1	0.833333333333333	1	1
2052445	0	0.0784313725490196	0	0.818181818181818	0.90625
6491144	0.5	0	0	0	0
4116097_1	0.538461538461538	1	1	1	1
4116097_2	0.538461538461538	1	1	1	1
777153	0	0	0	0.142857142857143	0.521739130434783
5825741	0.4	0.0212765957446809	0	0	0
4064203_1	1	0.95	1	0.941176470588235	0.477272727272727
4064203_2	1	0.95	1	0.941176470588235	0.477272727272727
2617176	0	0.581395348837209	0.428571428571429	0.2	0.975609756097561
2050861	1	0.75	0.782608695652174	1	1
1818285	0.944444444444444	0.866666666666667	0.875	0.777777777777778	0.307692307692308
5629508	0.6	1	1	1	1
264883	0.5	0.982142857142857	0.972972972972973	1	0.975
6854641	0.333333333333333	1	0.9375	1	0.894736842105263
5639366_1	0.647058823529412	1	1	1	1
5639366_2	0.647058823529412	1	1	1	1
4524624	1	0.714285714285714	0.863636363636364	0.230769230769231	0.78125
5919660	0.428571428571429	0	0.04	0.166666666666667	0
1558093	0.833333333333333	0.744186046511628	0.72	0.444444444444444	0.259259259259259
5167250_1	0.666666666666667	1	1	1	0.976744186046512
5167250_2	0.666666666666667	1	1	1	0.976744186046512
5167250_3	0.666666666666667	1	1	1	0.976744186046512
5592333	0	0.2	0.108108108108108	0.133333333333333	0.0285714285714286
4756023	0.294117647058824	0.875	0.914285714285714	1	0.794117647058823
4655137	1	0.73469387755102	1	1	0.96969696969697
2120550	0.0833333333333333	0.707317073170732	0.8	0.8125	0.540540540540541
3870137	0	0.125	0.441176470588235	0.166666666666667	0.0263157894736842
6770084	0.909090909090909	0.929824561403509	0.647058823529412	0.636363636363636	0.857142857142857
6881107	0.8	0.634146341463415	0.576923076923077	0.181818181818182	0.27027027027027
3808582	0.214285714285714	0	0	0	0
1254421	0.266666666666667	0.435897435897436	0.115384615384615	0.636363636363636	0.578947368421053
2963106	0.666666666666667	0.653061224489796	0.666666666666667	0.916666666666667	0.261904761904762
4815212	0.133333333333333	0	0.138888888888889	0	0.303030303030303
3802272	0	0.523809523809524	0.357142857142857	0.333333333333333	0.142857142857143
5596742	0.75	0.728813559322034	0.789473684210526	1	1
4831027_1	0.692307692307692	0.307692307692308	0.388888888888889	0.769230769230769	0.142857142857143
4831027_2	0.692307692307692	0.307692307692308	0.388888888888889	0.769230769230769	0.142857142857143
6633494	0.222222222222222	0.682926829268293	0.62962962962963	0.166666666666667	0.464285714285714
2636422	0.5	0.147058823529412	0.25	0.0714285714285714	0.333333333333333
1216274	1	0.583333333333333	0.896551724137931	1	0.857142857142857
1615675	0	0.557692307692308	0.666666666666667	0.529411764705882	0.358974358974359
3116912	0.166666666666667	0.297297297297297	0.0740740740740741	0.642857142857143	0.0689655172413793
1467541	0.909090909090909	0.324324324324324	0.15625	0.272727272727273	0.333333333333333
6397410_1	0.166666666666667	0.137254901960784	0.147058823529412	0.133333333333333	0.318181818181818
6397410_2	0.166666666666667	0.137254901960784	0.147058823529412	0.133333333333333	0.318181818181818
423151	0	0.557692307692308	0.72972972972973	0.5625	0.48780487804878
1977163	0	0.0161290322580645	0.0217391304347826	0	0.209302325581395
438078	0.357142857142857	0.69047619047619	0.67741935483871	1	0.685714285714286
5028869	0.888888888888889	0.810810810810811	0.6	0.230769230769231	0.571428571428571
1070517	0.388888888888889	0.661290322580645	0.25	0.625	0.75
4332066_1	1	0.630434782608696	0.871794871794872	1	0.952380952380952
4332066_2	1	0.630434782608696	0.871794871794872	1	0.952380952380952
4332066_3	1	0.630434782608696	0.871794871794872	1	0.952380952380952
5466672	0.117647058823529	0.431034482758621	0.567567567567568	0.0833333333333333	0.179487179487179
671867	0.5625	0.716981132075472	0.882352941176471	0.888888888888889	0.975609756097561
5689852	0.5	0.14	0.361111111111111	0.0909090909090909	0.181818181818182
5813611	0	0.0714285714285714	0.204545454545455	0.0909090909090909	0.422222222222222
4796854	0.6	0.536585365853659	0.307692307692308	0.125	0.346153846153846
1543258	0.5	0.131578947368421	0.0833333333333333	0.5	0.2
2567331	0	0.5	0.291666666666667	0.0909090909090909	0.434782608695652
836032	0.333333333333333	0.170731707317073	0.166666666666667	0.5	0.34375
5467023	0	0.241379310344828	0.342857142857143	0	0
5278918	0.272727272727273	0.268292682926829	0.653846153846154	0.181818181818182	0.535714285714286
6012443	0.222222222222222	0.210526315789474	0.128205128205128	0	0.0882352941176471
6152809_1	0	0.222222222222222	0.290322580645161	0.266666666666667	0.282051282051282
6152809_2	0	0.222222222222222	0.290322580645161	0.266666666666667	0.282051282051282
6863253	0.8	0.783783783783784	0.555555555555556	0.363636363636364	0.92
1681903	0.846153846153846	0.475	0.6	0.909090909090909	0.425
2689298	0.181818181818182	0.407407407407407	0.303030303030303	0	0.222222222222222
1017283	0.7	0.326086956521739	0.421052631578947	0.8	0.681818181818182
311910	0.8125	0.294117647058824	0.21875	0.142857142857143	0.297297297297297
3943962	0.235294117647059	0.288888888888889	0.142857142857143	0	0.375
5834684	0.909090909090909	0.382352941176471	0.409090909090909	0.6875	0.533333333333333
5337390	0.555555555555556	0.378378378378378	0.24	0.230769230769231	0.32
125694	1	0.818181818181818	0.882352941176471	0.933333333333333	0.763157894736842
1449624	0.916666666666667	0.729166666666667	0.393939393939394	0.571428571428571	0.5
5364088	0.928571428571429	0.513513513513513	0.636363636363636	0.444444444444444	0.666666666666667
4307642_1	0.307692307692308	0.540540540540541	0.347826086956522	0.833333333333333	0.354838709677419
4307642_2	0.307692307692308	0.540540540540541	0.347826086956522	0.833333333333333	0.354838709677419
6981098	0.933333333333333	0.75	0.548387096774194	0.727272727272727	0.75
3182666_1	0.916666666666667	0.675675675675676	0.782608695652174	1	0.666666666666667
3182666_2	0.916666666666667	0.675675675675676	0.782608695652174	1	0.666666666666667
6894507	1	0.655172413793103	0.738095238095238	0.928571428571429	0.653061224489796
1584512	0.6	0.5625	0.84375	0.368421052631579	0.641025641025641
133193	0.181818181818182	0.218181818181818	0.333333333333333	0.777777777777778	0.285714285714286
1349719	0.333333333333333	0.492063492063492	0.638888888888889	0.2	0.738095238095238
4650468_1	0.363636363636364	0.528301886792453	0.342105263157895	0.526315789473684	0.775510204081633
4650468_2	0.363636363636364	0.528301886792453	0.342105263157895	0.526315789473684	0.775510204081633
5452279	0.941176470588235	0.615384615384615	0.64	0.7	0.592592592592593
928422	0	0.272727272727273	0	0.368421052631579	0.391304347826087
5724442	1	0.781818181818182	0.878048780487805	0.75	0.951219512195122
578149_1	0.5	0.327868852459016	0.27027027027027	0.333333333333333	0.545454545454545
578149_2	0.5	0.327868852459016	0.27027027027027	0.333333333333333	0.545454545454545
2478267	1	0.673469387755102	0.568181818181818	0.846153846153846	0.911111111111111
2924878_1	1	0.859649122807018	0.918918918918919	1	1
2924878_2	1	0.859649122807018	0.918918918918919	1	1
2715615	0.571428571428571	0.255813953488372	0.194444444444444	0.272727272727273	0.333333333333333
6396961	0.285714285714286	0.358974358974359	0.344827586206897	0.615384615384615	0.5
5223523	1	0.785714285714286	0.615384615384615	0.777777777777778	0.439024390243902
3087087	0	0.207547169811321	0.119047619047619	0.3	0.333333333333333
6692389	0.222222222222222	0.513513513513513	0.259259259259259	0.111111111111111	0.304347826086957
1441372	0.272727272727273	0.842105263157895	0.787878787878788	0.9	0.764705882352941
1915973	0.9375	0.796296296296296	0.666666666666667	0.555555555555556	0.472222222222222
1384300	0.363636363636364	0.829787234042553	0.757575757575758	0.866666666666667	0.694444444444444
6938528	1	0.745098039215686	0.966666666666667	1	0.75
4777595	1	0.732142857142857	0.764705882352941	0.352941176470588	0.540540540540541
3425543	0.235294117647059	0.678571428571429	0.735294117647059	0.636363636363636	0.738095238095238
5944394	0.0555555555555556	0.382352941176471	0.346153846153846	0.538461538461538	0.178571428571429
4379341	0	0.297872340425532	0.48	0.176470588235294	0.1
5552400	0.181818181818182	0.446808510638298	0.590909090909091	0.6	0.515151515151515
1446904_1	0.111111111111111	0.325	0.413793103448276	0.5625	0.0882352941176471
1446904_2	0.111111111111111	0.325	0.413793103448276	0.5625	0.0882352941176471
6766223	0.916666666666667	0.767441860465116	0.903225806451613	0.666666666666667	0.642857142857143
6655530	0.333333333333333	0.5625	0.761904761904762	0.285714285714286	0.5625
784368	0	0.355555555555556	0.46875	0.555555555555556	0.41025641025641
3457123	0.307692307692308	0.270833333333333	0.588235294117647	0.333333333333333	0.571428571428571
5460250	0.666666666666667	0.65625	0.733333333333333	0.875	0.67741935483871
2782301	0.916666666666667	0.972222222222222	0.851851851851852	1	0.702702702702703
3062141	0	0.177777777777778	0.137931034482759	0.2	0.464285714285714
4862892	0.444444444444444	0.720930232558139	0.454545454545455	0.4375	0.84
5447228	0.727272727272727	0.810344827586207	0.904761904761905	1	1
7036318	0	0.267857142857143	0.0303030303030303	0.111111111111111	0.162162162162162
1476300	0	0.0810810810810811	0.28	0	0.0285714285714286
4971667	1	0.688888888888889	0.810810810810811	0.5	0.633333333333333
2895463	0.416666666666667	0.676470588235294	0.413793103448276	0.666666666666667	0.375
4469010	0.461538461538462	0.909090909090909	0.8	0.705882352941177	0.75
6141907_1	0.941176470588235	0.660714285714286	0.628571428571429	0.285714285714286	0.51063829787234
6141907_2	0.941176470588235	0.660714285714286	0.628571428571429	0.285714285714286	0.51063829787234
3592977	0.9	0.767441860465116	0.833333333333333	0.9375	0.620689655172414
3377278	0	0.542857142857143	0.692307692307692	0.4	0.533333333333333
4348261	0.181818181818182	0.6	0.566666666666667	0.8125	0.525
6025885	0.5	0.540540540540541	0.44	0.777777777777778	0.821428571428571
6004806	0.5	0.404761904761905	0.428571428571429	0.692307692307692	0.193548387096774
6031998	0	0.277777777777778	0.208333333333333	0	0.0333333333333333
5853552	1	0.609756097560976	0.607142857142857	0.461538461538462	0.517241379310345
5046080	0.3	0.342105263157895	0.3	0.25	0.580645161290323
1810481	0.928571428571429	0.65	0.48	0.666666666666667	0.764705882352941
3941390	0.888888888888889	0.942857142857143	0.526315789473684	0.705882352941177	0.794117647058823
3741158	0.545454545454545	0.461538461538462	0.351351351351351	0.615384615384615	0.25
1247365_1	1	0.888888888888889	1	0.888888888888889	0.794871794871795
1247365_2	1	0.888888888888889	1	0.888888888888889	0.794871794871795
596634	0.2	0.745454545454545	0.647058823529412	0.636363636363636	0.558139534883721
2862738	1	0.769230769230769	0.878787878787879	0.833333333333333	0.882352941176471
1385852	0.8	0.5	0.419354838709677	0.727272727272727	0.358974358974359
1610204	0.0625	0.432432432432432	0.52	0.222222222222222	0.37037037037037
6371401	0	0.408163265306122	0.565217391304348	0.333333333333333	0.3
6540091	1	0.535714285714286	0.5625	0.2	0.475
944008	0.727272727272727	0.95	0.777777777777778	0.933333333333333	0.902439024390244
5348999	0.266666666666667	0.45	0.475	0.142857142857143	0.372549019607843
2147519	0.0666666666666667	0.244897959183673	0.108108108108108	0.111111111111111	0.108108108108108
394233	0.7	0.459459459459459	0.375	0.4	0.392857142857143
3869147	0.2	0.436363636363636	0.388888888888889	0.266666666666667	0.324324324324324
4873657	1	0.811320754716981	0.755555555555556	0.571428571428571	0.560975609756098
2168648	0	0.53448275862069	0.461538461538462	0.230769230769231	0.435897435897436
3963916	0.2	0.41025641025641	0.541666666666667	0.769230769230769	0.68
2209457	1	0.942857142857143	0.757575757575758	1	0.685714285714286
3149245	1	0.617021276595745	0.516129032258065	0.6	0.707317073170732
5801891	0.846153846153846	0.727272727272727	0.846153846153846	0.8	0.877551020408163
1216952	0.533333333333333	0.472222222222222	0.210526315789474	0.666666666666667	0.379310344827586
6166060	1	0.833333333333333	0.633333333333333	0.615384615384615	0.9
1407313	0.230769230769231	0.184210526315789	0.148148148148148	0.272727272727273	0.08
6874517	0.842105263157895	0.795454545454545	0.5625	0.7	0.529411764705882
2758532	0.625	0.42	0.631578947368421	0.636363636363636	0.288888888888889
916362	0.25	0.543859649122807	0.459459459459459	0.210526315789474	0.219512195121951
2649891	0.75	0.703703703703704	0.681818181818182	0.363636363636364	0.4
1697217	0.583333333333333	0.306122448979592	0.210526315789474	0	0.255813953488372
3895949	0.666666666666667	0.693877551020408	0.55	0.222222222222222	0.5
3049758	0.3	0.540540540540541	0.277777777777778	0.333333333333333	0.181818181818182
6586119	0.2	0.611111111111111	0.681818181818182	0.705882352941177	0.666666666666667
5974636	1	0.904761904761905	0.71875	1	0.96
5978813	0.6	0.568627450980392	0.658536585365854	0.764705882352941	0.375
6448866	0.916666666666667	0.763157894736842	0.739130434782609	0.842105263157895	0.555555555555556
5768604	0.8125	0.5	0.566666666666667	0.818181818181818	0.428571428571429
5278409_1	0.166666666666667	0.396551724137931	0.351351351351351	0.3125	0.0909090909090909
5278409_2	0.166666666666667	0.396551724137931	0.351351351351351	0.3125	0.0909090909090909
6527917	0.105263157894737	0.546875	0.466666666666667	0.571428571428571	0.44
2367467	0.285714285714286	0.684210526315789	0.523809523809524	0.3	0.657142857142857
2748595	0.0833333333333333	0.256410256410256	0.172413793103448	0.222222222222222	0.0714285714285714
1390850	0.333333333333333	0.390243902439024	0.419354838709677	0.357142857142857	0.714285714285714
2720944	0.818181818181818	0.795454545454545	0.588235294117647	0.888888888888889	0.923076923076923
5937847	0.3125	0.555555555555556	0.580645161290323	0.692307692307692	0.5
5768005	1	0.738095238095238	0.694444444444444	0.444444444444444	0.766666666666667
5959322	0.545454545454545	0.395348837209302	0.461538461538462	0.818181818181818	0.361111111111111
6201946	0.4	0.441860465116279	0.375	0.111111111111111	0.225
547488	0.875	0.779661016949153	0.705882352941177	0.545454545454545	0.8125
4996348	0	0.375	0.333333333333333	0.0625	0.27906976744186
2715437	0.375	0.0652173913043478	0.171428571428571	0.222222222222222	0.148148148148148
2102280	0.636363636363636	0.5	0.551724137931034	0.416666666666667	0.842105263157895
2521807	0.818181818181818	0.48780487804878	0.5	0.692307692307692	0.483870967741935
6181296	0.875	0.763636363636364	0.511111111111111	0.866666666666667	0.8
1447571	1	1	0.869565217391304	1	1
6175095	1	0.9	0.828571428571429	1	0.760869565217391
1042601	0.727272727272727	0.717948717948718	0.724137931034483	1	0.964285714285714
5763289	0.75	0.239130434782609	0.266666666666667	0.142857142857143	0.289473684210526
6205688	0.466666666666667	0.816666666666667	0.644444444444444	0.5	0.521739130434783
1875116	0	0.19047619047619	0.1	0	0.0238095238095238
668555	0.142857142857143	0.450980392156863	0.257142857142857	0.307692307692308	0.170731707317073
4705540_1	0.230769230769231	0.448275862068966	0.476190476190476	0.2	0.470588235294118
4705540_2	0.230769230769231	0.448275862068966	0.476190476190476	0.2	0.470588235294118
5351865	0.470588235294118	0.208333333333333	0.0625	0.25	0.236842105263158
219487	0.0833333333333333	0.225806451612903	0.425	0.111111111111111	0.152173913043478
4252637	0.545454545454545	0.512820512820513	0.384615384615385	0.555555555555556	0.583333333333333
5117003_1	0.142857142857143	0.5	0.407407407407407	0.2	0.608695652173913
5117003_2	0.142857142857143	0.5	0.407407407407407	0.2	0.608695652173913
276855	0.684210526315789	0.431372549019608	0.552631578947368	0.7	0.5
2796850	0.636363636363636	0.333333333333333	0.392857142857143	0.266666666666667	0.2
1012865	0.333333333333333	0.137254901960784	0.115384615384615	0.0714285714285714	0.32258064516129
4075687	0.533333333333333	0.215686274509804	0.21875	0.0909090909090909	0.09375
1615408	1	0.5	0.483870967741935	0.666666666666667	0.633333333333333
2646772	0.8	0.684210526315789	0.576923076923077	0.6	0.733333333333333
4538561	0.9	0.566037735849057	0.647058823529412	0.8125	0.528301886792453
6554385	0.888888888888889	0.75	0.967741935483871	0.8	0.8
6326679	0.181818181818182	0.28125	0.434782608695652	0.307692307692308	0.259259259259259
2295193	0.9	0.588235294117647	0.59375	0.307692307692308	0.514285714285714
4818074_1	0.428571428571429	0.30188679245283	0.111111111111111	0.5	0.342105263157895
4818074_2	0.428571428571429	0.30188679245283	0.111111111111111	0.5	0.342105263157895
5149355	0.333333333333333	0.418604651162791	0.34375	0.846153846153846	0.476190476190476
4116181	0.0909090909090909	0.2	0.181818181818182	0.0769230769230769	0.219512195121951
2695021	0.466666666666667	0.666666666666667	0.529411764705882	0.466666666666667	0.521739130434783
2203608	0.8	0.666666666666667	0.65	0.307692307692308	0.571428571428571
5059273	1	0.564102564102564	0.789473684210526	0.631578947368421	0.7
1193368	0.153846153846154	0.333333333333333	0	0.181818181818182	0.27027027027027
4267945	0.111111111111111	0.27027027027027	0.333333333333333	0	0.0588235294117647
900926	0.470588235294118	0.173913043478261	0.153846153846154	0.416666666666667	0.295454545454545
5789804	0.8	0.833333333333333	0.473684210526316	0.75	0.714285714285714
2465306	0.333333333333333	0.227272727272727	0.225806451612903	0.117647058823529	0.305555555555556
3910253	0.846153846153846	0.641509433962264	0.697674418604651	0.8125	0.854166666666667
918764	1	0.730769230769231	0.837837837837838	1	0.636363636363636
4439255	0.222222222222222	0.553191489361702	0.516129032258065	0.8125	0.5
5405365	0.636363636363636	0.692307692307692	0.547619047619048	0.444444444444444	0.64
6414040	0.285714285714286	0.285714285714286	0.513513513513513	0.363636363636364	0.315789473684211
2722697	0.461538461538462	0.596153846153846	0.571428571428571	0.769230769230769	0.795454545454545
3171910	0.833333333333333	0.596491228070175	0.484848484848485	0.8125	0.454545454545455
7070130	0	0.175438596491228	0.0967741935483871	0.333333333333333	0.0697674418604651
841220	0.538461538461538	0.86046511627907	0.684210526315789	0.533333333333333	0.69047619047619
4977246	0.384615384615385	0.714285714285714	0.826086956521739	0.666666666666667	0.794117647058823
2992280	0.894736842105263	0.807692307692308	0.772727272727273	0.818181818181818	0.681818181818182
2241567	0.235294117647059	0.589285714285714	0.378378378378378	0.388888888888889	0.552631578947368
398899_1	0.384615384615385	0.6	0.705882352941177	0.8	0.509803921568627
398899_2	0.384615384615385	0.6	0.705882352941177	0.8	0.509803921568627
1874129	0.0666666666666667	0.342105263157895	0.24	0.294117647058824	0.214285714285714
2837325	0.235294117647059	0.375	0.388888888888889	0	0.461538461538462
4602134	0.111111111111111	0.210526315789474	0.0689655172413793	0.0833333333333333	0.0869565217391304
1634087	0.705882352941177	0.524590163934426	0.567567567567568	0.5625	0.760869565217391
2884263	0.357142857142857	0.510204081632653	0.571428571428571	0.777777777777778	0.354838709677419
5213599	0.111111111111111	0.575	0.382352941176471	0.3	0.454545454545455
5863653	0.266666666666667	0.666666666666667	0.48780487804878	0.846153846153846	0.541666666666667
2834614	0.454545454545455	0.590909090909091	0.766666666666667	0.833333333333333	0.425531914893617
2579320	0.909090909090909	0.78	0.894736842105263	0.8125	0.702702702702703
3786903	0.181818181818182	0.238095238095238	0.32258064516129	0.357142857142857	0.294117647058824
4125443_1	1	0.864406779661017	0.78125	0.666666666666667	0.916666666666667
4125443_2	1	0.864406779661017	0.78125	0.666666666666667	0.916666666666667
4026113_1	0.9	0.534883720930233	0.448275862068966	0.2	0.527777777777778
4026113_2	0.9	0.534883720930233	0.448275862068966	0.2	0.527777777777778
5462657	1	0.673076923076923	0.823529411764706	0.866666666666667	0.638888888888889
2767645	0.8	0.645833333333333	0.641025641025641	0.785714285714286	0.916666666666667
2401765	0.916666666666667	0.796875	0.702702702702703	0.6875	0.659574468085106
2845089_1	0.384615384615385	0.229166666666667	0.333333333333333	0.142857142857143	0.228571428571429
2845089_2	0.384615384615385	0.229166666666667	0.333333333333333	0.142857142857143	0.228571428571429
6174844	0.333333333333333	0.17741935483871	0.152173913043478	0.285714285714286	0.3
4339093	0	0.228571428571429	0.105263157894737	0.222222222222222	0.285714285714286
3235641	0.266666666666667	0.290909090909091	0.5625	0.1875	0.191489361702128
1089034	0.461538461538462	0.666666666666667	0.75	0.818181818181818	0.84375
6705171	0.909090909090909	0.954545454545455	0.71875	0.9	0.923076923076923
2030272	0.642857142857143	0.306122448979592	0.259259259259259	0.230769230769231	0.230769230769231
2370254	0.916666666666667	0.695652173913043	0.783783783783784	0.333333333333333	0.707317073170732
5847025	0.0909090909090909	0.239130434782609	0.2	0.181818181818182	0.296296296296296
5167919	0.888888888888889	0.410714285714286	0.371428571428571	0.5	0.625
678686	0.1	0.229166666666667	0.363636363636364	0.3	0.358974358974359
3332435	0.272727272727273	0.542857142857143	0.454545454545455	0.466666666666667	0.607142857142857
327837	0.857142857142857	0.613636363636364	0.774193548387097	0.666666666666667	0.592592592592593
1191986_1	0.916666666666667	0.795454545454545	0.676470588235294	0.642857142857143	0.583333333333333
1191986_2	0.916666666666667	0.795454545454545	0.676470588235294	0.642857142857143	0.583333333333333
5168222	0.777777777777778	0.314285714285714	0.380952380952381	0.2	0.3
400607	0.384615384615385	0.577777777777778	0.210526315789474	0.444444444444444	0.558823529411765
3847525	0.692307692307692	0.557692307692308	0.914285714285714	0.5	0.697674418604651
3345010_1	1	0.58974358974359	0.647058823529412	0.75	0.64
3345010_2	1	0.58974358974359	0.647058823529412	0.75	0.64
3676431	0.769230769230769	0.475	0.514285714285714	0.388888888888889	0.625
3239005	0.666666666666667	0.529411764705882	0.578947368421053	0.692307692307692	0.72972972972973
649275	0.2	0.0652173913043478	0.260869565217391	0	0.263157894736842
1601665	0.875	0.574074074074074	0.558139534883721	0.6875	0.769230769230769
4848445	0.714285714285714	0.795918367346939	0.833333333333333	0.933333333333333	0.741935483870968
3088808	0.666666666666667	0.448979591836735	0.545454545454545	0.75	0.642857142857143
3555757	1	0.803921568627451	0.909090909090909	0.777777777777778	1
674057	0.222222222222222	0.25	0.375	0.2	0.142857142857143
735112	0.733333333333333	0.706896551724138	0.818181818181818	0.8125	0.794871794871795
2711195	0.6	0.551020408163265	0.325581395348837	0.5	0.65
7109165	0.0714285714285714	0.333333333333333	0.290322580645161	0.214285714285714	0.181818181818182
1119608	1	0.770491803278688	0.829268292682927	1	0.975609756097561
5664918	0.411764705882353	0.354838709677419	0.256410256410256	0.428571428571429	0.538461538461538
1738401_1	0.214285714285714	0.358974358974359	0.40625	0.25	0.542857142857143
1738401_2	0.214285714285714	0.358974358974359	0.40625	0.25	0.542857142857143
2665816	0.285714285714286	0.638888888888889	0.653846153846154	0.6875	0.571428571428571
688758	0.533333333333333	0.525	0.72	0.785714285714286	0.666666666666667
3930359	0.117647058823529	0.361111111111111	0.214285714285714	0.0909090909090909	0.137931034482759
6225919	1	0.836065573770492	0.8125	1	1
4272922_1	0.333333333333333	0.586206896551724	0.478260869565217	0.833333333333333	0.708333333333333
4272922_2	0.333333333333333	0.586206896551724	0.478260869565217	0.833333333333333	0.708333333333333
5780904	0.466666666666667	0.716981132075472	0.48780487804878	0.5	0.707317073170732
2130524	0.75	0.710526315789474	0.76	0.555555555555556	0.5625
1768207	0.2	0.212765957446809	0.533333333333333	0.285714285714286	0.395348837209302
3879359	0.888888888888889	0.585365853658537	0.736842105263158	0.428571428571429	0.457142857142857
5117805	0.636363636363636	0.272727272727273	0.259259259259259	0.181818181818182	0.259259259259259
3867958	0.714285714285714	0.788461538461538	0.930232558139535	1	0.972972972972973
86801	0.785714285714286	0.879310344827586	0.757575757575758	0.55	0.727272727272727
3504216_1	0.833333333333333	0.729166666666667	0.757575757575758	0.8	0.833333333333333
3504216_2	0.833333333333333	0.729166666666667	0.757575757575758	0.8	0.833333333333333
4527362_1	0.928571428571429	0.433962264150943	0.583333333333333	0.533333333333333	0.634146341463415
4527362_2	0.928571428571429	0.433962264150943	0.583333333333333	0.533333333333333	0.634146341463415
4527362_3	0.928571428571429	0.433962264150943	0.583333333333333	0.533333333333333	0.634146341463415
797693	1	0.943396226415094	0.828571428571429	0.666666666666667	0.826923076923077
3210248	0.714285714285714	0.361111111111111	0.346153846153846	0.166666666666667	0.454545454545455
1799662	0.285714285714286	0.573770491803279	0.560975609756098	0.35	0.42
1011986	0.0769230769230769	0.2	0.333333333333333	0	0.363636363636364
2508461	0.533333333333333	0.693877551020408	0.512820512820513	0.461538461538462	0.454545454545455
1828155	0.5	0.659574468085106	0.53125	0.625	0.51063829787234
1528484	0.272727272727273	0.360655737704918	0.166666666666667	0.0909090909090909	0.0952380952380952
3210466	0.909090909090909	0.555555555555556	0.742857142857143	0.555555555555556	0.810810810810811
691840	0.454545454545455	0.459459459459459	0.619047619047619	0.666666666666667	0.566666666666667
5253708	0.25	0.428571428571429	0.52	0.631578947368421	0.547619047619048
2139871	0.272727272727273	0.362068965517241	0.333333333333333	0.533333333333333	0.514285714285714
215217	0.818181818181818	0.526315789473684	0.692307692307692	0.466666666666667	0.62962962962963
275211	0.357142857142857	0.627450980392157	0.545454545454545	0.307692307692308	0.448275862068966
2674689	0.133333333333333	0.245614035087719	0.2	0.5	0.38
1055394_1	0.777777777777778	0.673469387755102	0.65625	0.642857142857143	0.638297872340426
1055394_2	0.777777777777778	0.673469387755102	0.65625	0.642857142857143	0.638297872340426
2761092	0	0.293103448275862	0.142857142857143	0.0625	0.108108108108108
4164954	0.0555555555555556	0.2	0.205882352941176	0	0.0714285714285714
3651851	0.333333333333333	0.465116279069767	0.464285714285714	0.777777777777778	0.688888888888889
6857208	0.111111111111111	0.303030303030303	0.421052631578947	0.333333333333333	0.4
1904577	0.166666666666667	0.302325581395349	0.107142857142857	0.0909090909090909	0.289473684210526
4330388	0.2	0.333333333333333	0.419354838709677	0.583333333333333	0.324324324324324
7061045	0.571428571428571	0.392857142857143	0.256410256410256	0.357142857142857	0.146341463414634
1096465	0.210526315789474	0.269230769230769	0.40625	0.416666666666667	0.227272727272727
2009692_1	0.555555555555556	0.842105263157895	0.914285714285714	1	0.880952380952381
2009692_2	0.555555555555556	0.842105263157895	0.914285714285714	1	0.880952380952381
4415503	0.307692307692308	0.509433962264151	0.384615384615385	0.571428571428571	0.318181818181818
5765050	0	0.235294117647059	0.136363636363636	0.181818181818182	0.28125
2006931	0.941176470588235	0.648648648648649	0.631578947368421	0.5	0.552631578947368
5974829	0.529411764705882	0.864406779661017	0.766666666666667	0.636363636363636	0.692307692307692
6234266	0.526315789473684	0.263157894736842	0.212121212121212	0.25	0.142857142857143
2728964_1	0.833333333333333	0.627450980392157	0.419354838709677	0.727272727272727	0.766666666666667
2728964_2	0.833333333333333	0.627450980392157	0.419354838709677	0.727272727272727	0.766666666666667
3556140	0.272727272727273	0.176470588235294	0.173913043478261	0.142857142857143	0.341463414634146
4133790	0.166666666666667	0.392857142857143	0.5	0.588235294117647	0.415094339622642
5729962	0.8	0.441860465116279	0.657894736842105	0.666666666666667	0.651162790697674
5782925	0.666666666666667	0.422222222222222	0.5	0.363636363636364	0.291666666666667
5206883	0.1875	0.244897959183673	0.432432432432432	0.555555555555556	0.452380952380952
7065489	0.545454545454545	0.526315789473684	0.32	0.263157894736842	0.466666666666667
3056675	0.25	0.5	0.333333333333333	0.272727272727273	0.227272727272727
4960772	0.421052631578947	0.571428571428571	0.64	0.615384615384615	0.696969696969697
2904415	0.1	0.395348837209302	0.558823529411765	0.5	0.542857142857143
6585596	0.7	0.244897959183673	0.428571428571429	0.384615384615385	0.51219512195122
1597821	0.666666666666667	0.511111111111111	0.411764705882353	0.2	0.512820512820513
2721869	0.105263157894737	0.130434782608696	0.125	0.25	0.290322580645161
6654054	0.307692307692308	0.511627906976744	0.518518518518518	0.666666666666667	0.708333333333333
4899527_1	0.611111111111111	0.533333333333333	0.424242424242424	0.4	0.393939393939394
4899527_2	0.611111111111111	0.533333333333333	0.424242424242424	0.4	0.393939393939394
385230	0.111111111111111	0.416666666666667	0.513513513513513	0.363636363636364	0.341463414634146
2126934	0.4	0.476923076923077	0.483870967741935	0.733333333333333	0.625
1351207	0.615384615384615	0.267857142857143	0.216216216216216	0.333333333333333	0.361702127659574
1338925_1	0.818181818181818	0.885714285714286	0.851851851851852	0.846153846153846	0.709677419354839
1338925_2	0.818181818181818	0.885714285714286	0.851851851851852	0.846153846153846	0.709677419354839
4450949_1	0.8	0.6	0.636363636363636	0.444444444444444	0.481481481481481
4450949_2	0.8	0.6	0.636363636363636	0.444444444444444	0.481481481481481
4533263	0.333333333333333	0.385964912280702	0.605263157894737	0.466666666666667	0.275
2436180	0	0.372093023255814	0.342857142857143	0.4	0.413793103448276
3652186	0	0.229166666666667	0.295454545454545	0.363636363636364	0.30952380952381
3904441	0.833333333333333	0.8	0.91304347826087	0.777777777777778	0.742857142857143
3287380	0	0.490909090909091	0.357142857142857	0.3125	0.395348837209302
2058630	0.555555555555556	0.675	0.769230769230769	0.571428571428571	0.785714285714286
2810089	0.636363636363636	0.75	0.648648648648649	0.923076923076923	0.72972972972973
6629856	0.454545454545455	0.340425531914894	0.366666666666667	0.375	0.575757575757576
4594380	0.9	0.770833333333333	0.730769230769231	0.909090909090909	0.75
5777073	0.909090909090909	0.590909090909091	0.633333333333333	0.666666666666667	0.633333333333333
3343814	0.642857142857143	0.756756756756757	0.8	0.9	0.68
3025383	0.533333333333333	0.62	0.387096774193548	0.642857142857143	0.571428571428571
5062195	0.428571428571429	0.388888888888889	0.416666666666667	0.133333333333333	0.5
2341257	0.181818181818182	0.416666666666667	0.472222222222222	0.0909090909090909	0.375
342952	0.125	0.41025641025641	0.461538461538462	0.272727272727273	0.379310344827586
4051251	0.111111111111111	0.266666666666667	0.114285714285714	0.3	0.216216216216216
1159921	0	0.226415094339623	0.242424242424242	0.285714285714286	0.24390243902439
6655012	0.285714285714286	0.206896551724138	0.102564102564103	0.133333333333333	0.0434782608695652
284211	1	0.966666666666667	1	0.882352941176471	0.829268292682927
4755842	0.307692307692308	0.210526315789474	0.333333333333333	0.0769230769230769	0.392857142857143
4707579	0.222222222222222	0.568627450980392	0.67741935483871	0.588235294117647	0.4
1028970	0.555555555555556	0.41304347826087	0.41025641025641	0.5	0.547619047619048
4395090	0.4375	0.298245614035088	0.225806451612903	0.142857142857143	0.358974358974359
464446	0.363636363636364	0.470588235294118	0.46875	0.727272727272727	0.633333333333333
3781821	0.846153846153846	0.87037037037037	0.833333333333333	1	0.684210526315789
1912117	0.210526315789474	0.245901639344262	0.181818181818182	0.166666666666667	0.166666666666667
1199632	0.25	0.558139534883721	0.294117647058824	0.5	0.5
4462692	0.571428571428571	0.418604651162791	0.4	0.4	0.470588235294118
4911033	0.8	0.595238095238095	0.533333333333333	0.666666666666667	0.444444444444444
5781608	0.5	0.344262295081967	0.216216216216216	0.461538461538462	0.194444444444444
1513861	0.833333333333333	0.755102040816326	0.743589743589744	0.727272727272727	0.595238095238095
290301	1	0.649122807017544	0.675675675675676	0.615384615384615	0.795454545454545
4063938	0	0.37037037037037	0.414634146341463	0.416666666666667	0.325581395348837
5180978	0.1	0.517241379310345	0.525	0.25	0.463414634146341
5365186	0.4	0.543478260869565	0.666666666666667	0.8	0.478260869565217
3169393	0.454545454545455	0.204081632653061	0.28125	0.461538461538462	0.261904761904762
6721090	0.769230769230769	0.794871794871795	0.638888888888889	0.642857142857143	0.625
2621102	0.6	0.558823529411765	0.48	0.75	0.606060606060606
6683138	0.363636363636364	0.5	0.645161290322581	0.555555555555556	0.685714285714286
7074015	0.666666666666667	0.434782608695652	0.466666666666667	0.266666666666667	0.452380952380952
5771780	0.916666666666667	0.474576271186441	0.558823529411765	0.411764705882353	0.529411764705882
7072638	0.777777777777778	0.862745098039216	0.925925925925926	1	0.710526315789474
2817126	0.75	0.565217391304348	0.769230769230769	0.714285714285714	0.581395348837209
6150415_1	0.235294117647059	0.24	0.285714285714286	0.363636363636364	0.475
6150415_2	0.235294117647059	0.24	0.285714285714286	0.363636363636364	0.475
2393814	0.75	0.605263157894737	0.5	0.5625	0.692307692307692
3018178	0.0909090909090909	0.387755102040816	0.371428571428571	0.307692307692308	0.477272727272727
4900420	0	0.285714285714286	0.4375	0.4	0.264705882352941
1105947_1	0.0666666666666667	0.135135135135135	0.24	0.444444444444444	0.305555555555556
1105947_2	0.0666666666666667	0.135135135135135	0.24	0.444444444444444	0.305555555555556
4568191	0.272727272727273	0.234042553191489	0.19047619047619	0.307692307692308	0.357142857142857
3000675	0.133333333333333	0.181818181818182	0.219512195121951	0.181818181818182	0.142857142857143
1944146	0.727272727272727	0.4	0.34375	0.5	0.277777777777778
6429869	0.6	0.580645161290323	0.724137931034483	0.846153846153846	0.5
1021775	0.642857142857143	0.666666666666667	0.774193548387097	0.9	0.794117647058823
2551487	0.357142857142857	0.666666666666667	0.628571428571429	0.307692307692308	0.538461538461538
6486645	1	0.642857142857143	0.789473684210526	0.75	0.75
1218287	0.230769230769231	0.261904761904762	0.147058823529412	0.222222222222222	0.405405405405405
5555747	0.857142857142857	0.6	0.545454545454545	0.6875	0.571428571428571
1968650	0.142857142857143	0.270833333333333	0.266666666666667	0	0.2
4034360	0.545454545454545	0.403846153846154	0.382352941176471	0.571428571428571	0.390243902439024
6067422	0.166666666666667	0.173076923076923	0.133333333333333	0.181818181818182	0.170731707317073
3246185	0.157894736842105	0.352941176470588	0.475	0.333333333333333	0.457142857142857
4556242	0.769230769230769	0.37037037037037	0.431818181818182	0.615384615384615	0.444444444444444
5147630	0.909090909090909	0.692307692307692	0.763157894736842	0.444444444444444	0.67741935483871
485200	0.866666666666667	0.650793650793651	0.511111111111111	0.5625	0.673913043478261
3642904	0.875	0.821428571428571	0.903225806451613	0.777777777777778	0.722222222222222
7114344_1	0.3	0.422222222222222	0.407407407407407	0.6	0.523809523809524
7114344_2	0.3	0.422222222222222	0.407407407407407	0.6	0.523809523809524
4664663	0.153846153846154	0.32	0.333333333333333	0.384615384615385	0.516129032258065
2057019	0.916666666666667	0.578947368421053	0.65625	0.4375	0.533333333333333
6562779	0.842105263157895	0.782608695652174	0.675675675675676	0.833333333333333	0.634146341463415
700669	0.571428571428571	0.660714285714286	0.875	0.714285714285714	0.696969696969697
6817605_1	0.923076923076923	0.688888888888889	0.888888888888889	0.666666666666667	0.714285714285714
6817605_2	0.923076923076923	0.688888888888889	0.888888888888889	0.666666666666667	0.714285714285714
6817605_3	0.923076923076923	0.688888888888889	0.888888888888889	0.666666666666667	0.714285714285714
5573377	0.875	0.830188679245283	0.897435897435897	0.8	0.926829268292683
5727258	0.8	0.5	0.565217391304348	0.764705882352941	0.529411764705882
4716402	0.272727272727273	0.377777777777778	0.3125	0.692307692307692	0.485714285714286
5616925	0.181818181818182	0.244444444444444	0.08	0.235294117647059	0.344827586206897
6472532	0.421052631578947	0.232142857142857	0.266666666666667	0.0833333333333333	0.15
1557111	0.692307692307692	0.636363636363636	0.571428571428571	0.684210526315789	0.830188679245283
5777902	0.444444444444444	0.34	0.172413793103448	0.230769230769231	0.380952380952381
2673402	1	0.854838709677419	0.928571428571429	0.684210526315789	0.847826086956522
5574020	0.4	0.125	0.2	0.3	0.290322580645161
3717309	0.5	0.655737704918033	0.648648648648649	0.35	0.6
4414510	0.714285714285714	0.574074074074074	0.58974358974359	0.714285714285714	0.642857142857143
4052256	0.214285714285714	0.333333333333333	0.344827586206897	0.3	0.25
851158	0.909090909090909	0.833333333333333	0.909090909090909	0.846153846153846	0.8
1461613	0.2	0.41025641025641	0.5	0.266666666666667	0.4375
5169601	1	0.955555555555556	0.903225806451613	1	0.806451612903226
2255544	0.428571428571429	0.545454545454545	0.46875	0.692307692307692	0.434782608695652
1516287	0.1	0.148936170212766	0.259259259259259	0.230769230769231	0.181818181818182
151966	0.923076923076923	0.794871794871795	0.647058823529412	0.888888888888889	0.741935483870968
3391779	1	0.782608695652174	0.708333333333333	0.785714285714286	0.6875
4633549	0.538461538461538	0.407407407407407	0.517241379310345	0.555555555555556	0.574468085106383
6759274	0.722222222222222	0.492063492063492	0.65	0.588235294117647	0.566037735849057
1151532	0.285714285714286	0.121951219512195	0.36	0.2	0.260869565217391
495672	0.941176470588235	0.82258064516129	0.755555555555556	0.846153846153846	0.78
2523220	0.111111111111111	0.204545454545455	0.304347826086957	0.125	0.342105263157895
4109139	0.769230769230769	0.695652173913043	0.90625	0.785714285714286	0.857142857142857
2231664_1	0.0909090909090909	0.264150943396226	0.216216216216216	0.0666666666666667	0.0652173913043478
2231664_2	0.0909090909090909	0.264150943396226	0.216216216216216	0.0666666666666667	0.0652173913043478
6291689	0.933333333333333	0.754098360655738	0.666666666666667	0.538461538461538	0.770833333333333
6610098_1	0.428571428571429	0.511111111111111	0.555555555555556	0.818181818181818	0.46875
6610098_2	0.428571428571429	0.511111111111111	0.555555555555556	0.818181818181818	0.46875
5578241	0.230769230769231	0.115384615384615	0.289473684210526	0.133333333333333	0.333333333333333
5118051_1	0.777777777777778	0.58974358974359	0.785714285714286	0.9	0.6
5118051_2	0.777777777777778	0.58974358974359	0.785714285714286	0.9	0.6
4174518	0.5	0.744186046511628	0.892857142857143	0.733333333333333	0.75
3112280	0.875	0.736842105263158	0.71875	1	0.891891891891892
4541530	0.454545454545455	0.153846153846154	0.24390243902439	0.277777777777778	0.227272727272727
3486973_1	0.2	0.261904761904762	0.368421052631579	0.3	0.161290322580645
3486973_2	0.2	0.261904761904762	0.368421052631579	0.3	0.161290322580645
3486973_3	0.2	0.261904761904762	0.368421052631579	0.3	0.161290322580645
945960	0.666666666666667	0.482142857142857	0.5625	0.133333333333333	0.408163265306122
7122013	0.117647058823529	0.314285714285714	0.269230769230769	0.0909090909090909	0.166666666666667
1638710_1	0.529411764705882	0.666666666666667	0.6875	0.6	0.8125
1638710_2	0.529411764705882	0.666666666666667	0.6875	0.6	0.8125
2009209	0.133333333333333	0.361111111111111	0.411764705882353	0.333333333333333	0.416666666666667
877804	0.916666666666667	0.555555555555556	0.65625	0.727272727272727	0.714285714285714
4280209	0.2	0.465116279069767	0.526315789473684	0.307692307692308	0.366666666666667
960875	1	0.833333333333333	0.954545454545455	1	0.951219512195122
5556146	0.8	0.787234042553192	0.689655172413793	0.9	0.702702702702703
5885064	0.692307692307692	0.459016393442623	0.456521739130435	0.461538461538462	0.347826086956522
5081592	0	0.242424242424242	0.227272727272727	0.1875	0.333333333333333
5738908	0	0.102040816326531	0.204545454545455	0.0555555555555556	0.142857142857143
1311305	0.727272727272727	0.508196721311475	0.433333333333333	0.266666666666667	0.465116279069767
3605982	0.142857142857143	0.209302325581395	0.12	0.0625	0.275
1641543	1	0.942307692307692	0.903225806451613	1	0.894736842105263
5503407	0	0.0677966101694915	0.130434782608696	0.235294117647059	0.04
686708	0	0.19047619047619	0.242424242424242	0.0769230769230769	0.117647058823529
5981004	0.928571428571429	0.789473684210526	0.857142857142857	0.888888888888889	0.675675675675676
5042675	0.642857142857143	0.5	0.7	0.5625	0.638297872340426
3901337	0	0.176470588235294	0.1	0.2	0.181818181818182
6524054	0.285714285714286	0.298245614035088	0.484848484848485	0.5	0.32
4408070_1	0	0.213114754098361	0.113636363636364	0.277777777777778	0.18
4408070_2	0	0.213114754098361	0.113636363636364	0.277777777777778	0.18
5292605	0.611111111111111	0.6	0.58695652173913	0.272727272727273	0.441860465116279
5537034	0.0769230769230769	0.113636363636364	0.142857142857143	0	0.255813953488372
4190723	0.769230769230769	0.772727272727273	0.756756756756757	0.8125	0.647058823529412
1854191	0.5	0.811320754716981	0.825	0.916666666666667	0.791666666666667
1633376	0.333333333333333	0.214285714285714	0.133333333333333	0	0.171428571428571
655720	1	0.826923076923077	0.973684210526316	0.875	0.888888888888889
5793725	0.533333333333333	0.745098039215686	0.72972972972973	0.888888888888889	0.868421052631579
3038360	0.636363636363636	0.614035087719298	0.642857142857143	0.555555555555556	0.552631578947368
2187713	0.3	0.186046511627907	0.315789473684211	0.0909090909090909	0.0882352941176471
6009193	0.5	0.467741935483871	0.617647058823529	0.6	0.676470588235294
645361	0.3	0.434782608695652	0.457142857142857	0.583333333333333	0.625
5475535	0.454545454545455	0.282051282051282	0.375	0.545454545454545	0.346153846153846
1657238	1	0.816326530612245	0.944444444444444	1	0.862068965517241
576955	0.8	0.756756756756757	0.736842105263158	0.8	0.586206896551724
5940869_1	0.571428571428571	0.305555555555556	0.357142857142857	0.333333333333333	0.423076923076923
5940869_2	0.571428571428571	0.305555555555556	0.357142857142857	0.333333333333333	0.423076923076923
4958201	0.777777777777778	0.547619047619048	0.619047619047619	0.75	0.485714285714286
5965487	0.666666666666667	0.630434782608696	0.714285714285714	0.7	0.791666666666667
5071432	0.454545454545455	0.26984126984127	0.166666666666667	0.235294117647059	0.363636363636364
2727265	0.363636363636364	0.458333333333333	0.5	0.3125	0.594594594594595
6228465	0	0.152173913043478	0.238095238095238	0.0769230769230769	0.176470588235294
5190915	0.307692307692308	0.523809523809524	0.545454545454545	0.294117647058824	0.488888888888889
5852958	0.214285714285714	0.28125	0.175	0.2	0.333333333333333
6048524	0.0833333333333333	0.19672131147541	0.205882352941176	0.428571428571429	0.276595744680851
5320778	0.153846153846154	0.441860465116279	0.411764705882353	0.538461538461538	0.416666666666667
3742017	0.777777777777778	0.625	0.545454545454545	0.5	0.540540540540541
1290439	0.444444444444444	0.302325581395349	0.32	0.142857142857143	0.189189189189189
3291123	0.636363636363636	0.62962962962963	0.717948717948718	0.647058823529412	0.558139534883721
2274145	0.384615384615385	0.512820512820513	0.576923076923077	0.416666666666667	0.387096774193548
195043	0.636363636363636	0.388888888888889	0.423076923076923	0.25	0.5
6363549	1	0.733333333333333	0.805555555555556	0.882352941176471	0.78125
4911876	0.25	0.22	0.394736842105263	0.375	0.256410256410256
5483039	0.941176470588235	0.72	0.735294117647059	0.777777777777778	0.825
2579448	0.666666666666667	0.448275862068966	0.461538461538462	0.25	0.428571428571429
6940188	0	0.271186440677966	0.25	0.235294117647059	0.25531914893617
1682630	0.9	0.821428571428571	0.90625	0.75	0.836734693877551
2647226	0.1875	0.333333333333333	0.264705882352941	0.133333333333333	0.41025641025641
5529145	0	0.183333333333333	0.258064516129032	0.0588235294117647	0.170731707317073
5184897	0.5	0.375	0.323529411764706	0.3125	0.30952380952381
2313793	0.3	0.586206896551724	0.58974358974359	0.466666666666667	0.475
893785	0.0909090909090909	0.178571428571429	0.0487804878048781	0.105263157894737	0.0697674418604651
2330814	0.470588235294118	0.377777777777778	0.392857142857143	0.5625	0.418604651162791
2784378	0.4	0.45	0.6	0.692307692307692	0.5625
4245675	0.384615384615385	0.465116279069767	0.454545454545455	0.230769230769231	0.222222222222222
5804834	0.444444444444444	0.530612244897959	0.357142857142857	0.333333333333333	0.578947368421053
4564867	0.3125	0.448979591836735	0.444444444444444	0.444444444444444	0.55
2174125	0.615384615384615	0.476190476190476	0.441176470588235	0.75	0.5
6663337	0.466666666666667	0.431818181818182	0.470588235294118	0.588235294117647	0.333333333333333
3632582	1	0.711538461538462	0.818181818181818	0.722222222222222	0.803921568627451
2124226	0.666666666666667	0.714285714285714	0.85	0.9375	0.790697674418605
714432	0.583333333333333	0.294117647058824	0.431818181818182	0.3125	0.390243902439024
1684358_1	0.888888888888889	0.568965517241379	0.666666666666667	0.785714285714286	0.736842105263158
1684358_2	0.888888888888889	0.568965517241379	0.666666666666667	0.785714285714286	0.736842105263158
6376250	0.384615384615385	0.517241379310345	0.454545454545455	0.647058823529412	0.441860465116279
4880864	0.181818181818182	0.355555555555556	0.4	0.529411764705882	0.411764705882353
6235768	1	0.930232558139535	0.833333333333333	0.928571428571429	0.804347826086957
3868080	1	0.75	0.815789473684211	0.923076923076923	0.8
3493400	0.555555555555556	0.719298245614035	0.651162790697674	0.714285714285714	0.608695652173913
1921491	0.3	0.12280701754386	0.147058823529412	0.142857142857143	0.25
2630826	0.4	0.375	0.37037037037037	0.666666666666667	0.371428571428571
4167689	0.384615384615385	0.214285714285714	0.242424242424242	0.3	0.13953488372093
6088059	0.4	0.702702702702703	0.607142857142857	0.7	0.625
3948514	0.3	0.181818181818182	0.1875	0.157894736842105	0.12
266700	0	0.215686274509804	0.105263157894737	0.142857142857143	0.272727272727273
4258241	0.5	0.409090909090909	0.5	0.416666666666667	0.407407407407407
1546739	0.4	0.491803278688525	0.41304347826087	0.210526315789474	0.39622641509434
2965425	0.733333333333333	0.675675675675676	0.5	0.454545454545455	0.5
5018507	0.428571428571429	0.476923076923077	0.325581395348837	0.384615384615385	0.4375
5359690	0.333333333333333	0.119047619047619	0.3	0.333333333333333	0.315789473684211
5726365	0.526315789473684	0.456521739130435	0.352941176470588	0.777777777777778	0.581395348837209
6499068	0.222222222222222	0.326923076923077	0.513513513513513	0.5	0.384615384615385
5832376	0.625	0.681818181818182	0.75609756097561	0.666666666666667	0.659090909090909
4167919	0.769230769230769	0.666666666666667	0.666666666666667	0.818181818181818	0.735294117647059
2018180	0.333333333333333	0.416666666666667	0.333333333333333	0.571428571428571	0.529411764705882
6512821	0.909090909090909	0.74468085106383	0.769230769230769	0.866666666666667	0.891304347826087
3315154_1	0.333333333333333	0.465116279069767	0.565217391304348	0.538461538461538	0.34375
3315154_2	0.333333333333333	0.465116279069767	0.565217391304348	0.538461538461538	0.34375
4857613	0.272727272727273	0.267857142857143	0.147058823529412	0.368421052631579	0.382352941176471
2117861	0.8	0.771929824561403	0.75	0.833333333333333	0.880952380952381
2391348_1	0.4	0.479166666666667	0.545454545454545	0.7	0.41025641025641
2391348_2	0.4	0.479166666666667	0.545454545454545	0.7	0.41025641025641
4892291	0.666666666666667	0.6	0.642857142857143	0.444444444444444	0.533333333333333
2924781	0.75	0.785714285714286	0.764705882352941	0.857142857142857	0.863636363636364
3811342	0.363636363636364	0.288135593220339	0.222222222222222	0.235294117647059	0.340909090909091
3651910	0	0.18	0.142857142857143	0.333333333333333	0.289473684210526
3187532	0.166666666666667	0.266666666666667	0.233333333333333	0.117647058823529	0.325
1265631_1	0.133333333333333	0.309090909090909	0.290322580645161	0.263157894736842	0.333333333333333
1265631_2	0.133333333333333	0.309090909090909	0.290322580645161	0.263157894736842	0.333333333333333
5496250	1	0.804347826086957	0.777777777777778	0.8	0.916666666666667
6465664	1	0.771929824561403	0.758620689655172	0.9	0.8
4092443	0.888888888888889	0.813559322033898	0.818181818181818	0.909090909090909	0.953488372093023
9549	0	0.107142857142857	0.0975609756097561	0	0
5524123	1	0.72	0.833333333333333	0.8125	0.756756756756757
6137998	0.266666666666667	0.224489795918367	0.333333333333333	0.0909090909090909	0.36
870293	0.6875	0.8125	0.864864864864865	0.933333333333333	0.82051282051282
2412673	0.1	0.136363636363636	0.214285714285714	0.3125	0.212121212121212
182927	0.533333333333333	0.703703703703704	0.594594594594595	0.5	0.6
2157937	0.666666666666667	0.67741935483871	0.515151515151515	0.692307692307692	0.685714285714286
6846758	0	0.304347826086957	0.225806451612903	0.230769230769231	0.195652173913043
6102282	1	0.830188679245283	0.972972972972973	0.857142857142857	0.914893617021277
6271038	0.357142857142857	0.36734693877551	0.342105263157895	0.444444444444444	0.48936170212766
2813363	0.153846153846154	0.4	0.290322580645161	0.4	0.416666666666667
2743195	0.4	0.48936170212766	0.62962962962963	0.666666666666667	0.5
1400661	1	0.840909090909091	0.861111111111111	0.777777777777778	0.764705882352941
574923_1	0.5	0.305555555555556	0.25	0.222222222222222	0.222222222222222
574923_2	0.5	0.305555555555556	0.25	0.222222222222222	0.222222222222222
1010391	0.5	0.641509433962264	0.547619047619048	0.4375	0.568181818181818
1087211	0.111111111111111	0.145454545454545	0.0882352941176471	0.181818181818182	0.268292682926829
292013	0.4	0.355932203389831	0.439024390243902	0.2	0.306122448979592
3250942_1	0.363636363636364	0.58695652173913	0.448275862068966	0.65	0.5
3250942_2	0.363636363636364	0.58695652173913	0.448275862068966	0.65	0.5
1406346	0.333333333333333	0.442307692307692	0.53125	0.692307692307692	0.463414634146341
6509838	0.285714285714286	0.446808510638298	0.481481481481481	0.444444444444444	0.342105263157895
1668013	0.363636363636364	0.358490566037736	0.486486486486487	0.375	0.34375
4404725	0.933333333333333	0.777777777777778	0.8125	0.9	0.948717948717949
2707067	0.375	0.391304347826087	0.518518518518518	0.444444444444444	0.5
200263	0.25	0.333333333333333	0.393939393939394	0.235294117647059	0.384615384615385
4745829_1	0	0.120689655172414	0.184210526315789	0.266666666666667	0.106382978723404
4745829_2	0	0.120689655172414	0.184210526315789	0.266666666666667	0.106382978723404
1055613	0.0909090909090909	0.216216216216216	0.275862068965517	0.133333333333333	0.304347826086957
5893058	0.1875	0.2	0.225	0	0.0909090909090909
544830	0.444444444444444	0.378378378378378	0.366666666666667	0.3	0.257142857142857
204178	0.181818181818182	0.366666666666667	0.4	0.428571428571429	0.431818181818182
2192272	0.266666666666667	0.34	0.216216216216216	0.294117647058824	0.351351351351351
2978191	0.538461538461538	0.523076923076923	0.434782608695652	0.615384615384615	0.590909090909091
1087359	0.692307692307692	0.630434782608696	0.580645161290323	0.833333333333333	0.682926829268293
4935216	0.866666666666667	0.729166666666667	0.658536585365854	0.818181818181818	0.714285714285714
103013	0.733333333333333	0.675	0.666666666666667	0.555555555555556	0.633333333333333
3955530	1	0.803571428571429	0.870967741935484	0.636363636363636	0.829268292682927
28364	0.307692307692308	0.428571428571429	0.297297297297297	0.5625	0.361702127659574
695571	0.294117647058824	0.415094339622642	0.363636363636364	0.466666666666667	0.439024390243902
1667890	0.3	0.260869565217391	0.344827586206897	0.230769230769231	0.3
6218992	0.25	0.290322580645161	0.292682926829268	0.533333333333333	0.433962264150943
1552150	0.875	0.912280701754386	0.756756756756757	0.923076923076923	0.833333333333333
4485231	0.5	0.591836734693878	0.625	0.692307692307692	0.676470588235294
5064866_1	0.352941176470588	0.1875	0.243243243243243	0.4	0.372093023255814
5064866_2	0.352941176470588	0.1875	0.243243243243243	0.4	0.372093023255814
6385049	0.571428571428571	0.523809523809524	0.566666666666667	0.466666666666667	0.517241379310345
5949915	0.785714285714286	0.740740740740741	0.769230769230769	0.65	0.651162790697674
2688295	0	0.238095238095238	0.205882352941176	0.117647058823529	0.159090909090909
2019161	0.833333333333333	0.672727272727273	0.709677419354839	0.6	0.705882352941177
4168224	0.533333333333333	0.409090909090909	0.472222222222222	0.5	0.344827586206897
407251	0.25	0.35	0.142857142857143	0.285714285714286	0.212121212121212
600008	0	0.209677419354839	0.0930232558139535	0.111111111111111	0.170731707317073
1174071	0.583333333333333	0.6	0.612903225806452	0.533333333333333	0.722222222222222
5802441	1	0.769230769230769	0.818181818181818	0.733333333333333	0.85
3227903	0.363636363636364	0.1875	0.242424242424242	0.181818181818182	0.268292682926829
4133186	0.4375	0.288461538461538	0.219512195121951	0.210526315789474	0.263157894736842
2605488	0.5	0.386363636363636	0.384615384615385	0.3125	0.407407407407407
6002533	0.9	0.772727272727273	0.909090909090909	0.727272727272727	0.787878787878788
5914495	0.384615384615385	0.377358490566038	0.424242424242424	0.307692307692308	0.372093023255814
6674781	0.222222222222222	0.162790697674419	0.333333333333333	0.333333333333333	0.263157894736842
5863573	0.777777777777778	0.787234042553192	0.904761904761905	0.75	0.857142857142857
5363704	0.3	0.302325581395349	0.371428571428571	0.25	0.24390243902439
6579140	0.214285714285714	0.372549019607843	0.37037037037037	0.3	0.303030303030303
6624291	0.777777777777778	0.760869565217391	0.848484848484849	0.8	0.864864864864865
2728950	0.714285714285714	0.745098039215686	0.666666666666667	0.5	0.757575757575758
6681703	0.166666666666667	0.229508196721311	0.214285714285714	0.294117647058824	0.239130434782609
6872417	0.0909090909090909	0.155172413793103	0.228571428571429	0.230769230769231	0.0851063829787234
402922_1	0.6875	0.673913043478261	0.71875	0.722222222222222	0.666666666666667
402922_2	0.6875	0.673913043478261	0.71875	0.722222222222222	0.666666666666667
905562	0.888888888888889	0.92156862745098	0.868421052631579	0.846153846153846	0.791666666666667
3811767	0.4	0.326086956521739	0.275862068965517	0.363636363636364	0.204545454545455
3912738	0.9375	0.866666666666667	0.891304347826087	0.941176470588235	0.891304347826087
6862240	0.928571428571429	0.890909090909091	0.793103448275862	0.933333333333333	0.94
2809593	0.8	0.844827586206897	0.846153846153846	1	0.9375
4910274_1	0.466666666666667	0.5	0.625	0.5	0.625
4910274_2	0.466666666666667	0.5	0.625	0.5	0.625
1148884	0.578947368421053	0.630434782608696	0.58974358974359	0.769230769230769	0.609756097560976
3208904	0.909090909090909	0.833333333333333	0.76	0.944444444444444	0.777777777777778
3129437_1	0.777777777777778	0.759259259259259	0.815789473684211	0.846153846153846	0.869565217391304
3129437_2	0.777777777777778	0.759259259259259	0.815789473684211	0.846153846153846	0.869565217391304
4279740_1	0.2	0.416666666666667	0.407407407407407	0.5	0.535714285714286
4279740_2	0.2	0.416666666666667	0.407407407407407	0.5	0.535714285714286
4255147	0.75	0.87037037037037	0.911764705882353	0.9375	0.872340425531915
4349953	0.166666666666667	0.301587301587302	0.333333333333333	0.266666666666667	0.315789473684211
2327531	0.769230769230769	0.531914893617021	0.615384615384615	0.428571428571429	0.547619047619048
7095489	0.263157894736842	0.26530612244898	0.2	0.272727272727273	0.232558139534884
5879037	0.769230769230769	0.725	0.771428571428571	0.5	0.731707317073171
6070166	0.0833333333333333	0.193548387096774	0.116279069767442	0.1	0.127659574468085
513353	0.111111111111111	0.266666666666667	0.257142857142857	0.285714285714286	0.236842105263158
1438321	0.444444444444444	0.55	0.590909090909091	0.529411764705882	0.4375
1577079	0.166666666666667	0.204081632653061	0.297297297297297	0.2	0.3
3850117	0.846153846153846	0.807692307692308	0.794117647058823	0.8	0.8125
2233163	0.5	0.549019607843137	0.527777777777778	0.666666666666667	0.529411764705882
491523_1	0.75	0.765625	0.857142857142857	0.8125	0.813953488372093
491523_2	0.75	0.765625	0.857142857142857	0.8125	0.813953488372093
4379435	0.533333333333333	0.647058823529412	0.545454545454545	0.466666666666667	0.586206896551724
2510080	0.142857142857143	0.264150943396226	0.193548387096774	0.181818181818182	0.27027027027027
6043947	0.1	0.169811320754717	0.0857142857142857	0.0909090909090909	0.1
829836	0.3125	0.163934426229508	0.189189189189189	0.166666666666667	0.205882352941176
1590362	0.125	0.12962962962963	0.119047619047619	0.1	0.142857142857143
3185498	0.222222222222222	0.26	0.148148148148148	0.222222222222222	0.216216216216216
3824243	0.307692307692308	0.395348837209302	0.28	0.3	0.333333333333333
3804628	0.857142857142857	0.825396825396825	0.790697674418605	0.866666666666667	0.869565217391304
6217775	0.444444444444444	0.403225806451613	0.488372093023256	0.3125	0.358490566037736
2457115	0.866666666666667	0.761904761904762	0.764705882352941	0.727272727272727	0.742857142857143
3204732	0.933333333333333	0.828125	0.837837837837838	0.875	0.804878048780488
6540358	0.571428571428571	0.658536585365854	0.7	0.647058823529412	0.638888888888889
6318192	0.75	0.785714285714286	0.71875	0.727272727272727	0.825
5766990	0.8125	0.733333333333333	0.740740740740741	0.846153846153846	0.740740740740741
3721631	0.384615384615385	0.410714285714286	0.485714285714286	0.411764705882353	0.513513513513513
6815038	0.9	0.839285714285714	0.857142857142857	0.857142857142857	0.878048780487805
