0.612407905841656
0.612407905841656
0.386038542621877
0.325184543344522
0.272183327436806
0.264942842633393
0.234239854014489
0.291134196537473
0.291134196537473
0.291134196537473
0.295919936759625
0.300173514384545
0.272868394533421
0.228722614281364
0.505141127249176
0.198888493443643
0.234926828093215
0.108193484255386
0.227601847561344
0.217977587642408
0.202856664688388
0.292444143430062
0.134168776031397
0.254488649825907
0.254488649825907
0.209323954189156
0.226035028717578
0.115762581678242
0.0728881130469791
0.2037782206764
0.208660206465048
0.0817196794896348
0.203250213146834
0.18073021545981
0.12618291328066
0.184282806548839
0.150472014071272
0.154587991214204
0.153006507677119
0.0996631783175812
0.273109567520497
0.144643850790668
0.144643850790668
0.10761439730868
0.226154251297972
0.166658356971885
0.0991138060690127
0.191836716815581
0.11358372311873
0.128521644558367
0.095893087555554
0.110363631372579
0.109268558477072
0.158612954594211
0.177063910124683
0.0526262228215996
0.163798079930323
0.118953624571602
0.197916892987821
0.142990865019418
0.0952868486056619
0.15037347235159
0.14570636385356
0.0538614784243521
0.164476152932845
0.0812368219267092
0.114943089155967
0.188719128453685
0.188719128453685
0.104051264879927
0.145813481791732
0.0491621707946798
0.12943076945117
0.0824145277700356
0.110619066101703
0.110619066101703
0.0902641086593522
0.0902641086593522
0.114524080125113
0.114524080125113
0.117971168840364
0.117971168840364
0.117971168840364
0.064035574883937
0.0460985689133219
0.123754600300748
0.0699950631679871
0.165291958451556
0.165291958451556
0.0821003340651459
0.0821003340651459
0.0857917838601082
0.0832910136011307
0.0170109295490221
0.0893233777491102
0.140747721633271
0.147297415646164
0.147297415646164
0.0591616911003692
0.0812157499936979
0.0993145187579448
0.125230902952023
0.0703812289771762
0.127312181376455
0.0951463778537703
0.0223290955577192
0.0285234555790564
0.0285234555790564
0.109461360116369
0.0783224728487887
0.0768606651229259
0.0768606651229259
0.0768606651229259
0.104935343062588
0.139646350005424
0.078352563994625
0.078352563994625
0.078352563994625
0.056856985740905
0.0604443407696537
0.101341593526501
0.0632485066556064
0.12607995848092
0.12607995848092
0.0196306835088965
0.0839451726844172
0.149598597910649
0.0666631976582142
0.10564227433893
0.10564227433893
0.126994696499784
0.0996943936580909
0.0611904882030072
0.0970208521418582
0.0639363159427515
0.0533617641704704
0.0454684563192669
0.101369193426706
0.0970171590053953
0.0765734180645444
0.0767679403145683
0.0536399987340695
0.0611511009596253
0.0406428955113686
0.0566742536998751
0.0966248983463849
0.0899538565288019
0.0981410276679843
0.0615729842211349
0.101378183047363
0.0800208455475213
0.0845669685127896
0.0374994781639751
0.0920570748226148
0.0790753852862584
0.0278536484677711
0.0738743282358116
0.0738743282358116
0.0906265142833942
0.0906265142833942
0.0906265142833942
0.0704693593955971
0.0227961160755711
0.00970332716224197
0.0580831019179361
0.0580831019179361
0.0580831019179361
0.0476278663619592
0.0522435002560882
0.0251880878317463
0.0258799102243981
0.035408972539511
0.035408972539511
0.0644429352065412
0.0205165165983598
0.0228632577661839
0.0370946931748184
0.0316615022148128
0.0270083547127566
0.0268481714781437
0.0499329552582877
0.0190036621269006
0.0127815743368544
