0.388832414077798
0.231004870453132
0.41319047727792
0.213510790273205
0.205686281591202
0.236729224026826
0.196414529411919
0.0469994093640092
0.282240387824152
0.257009926925634
0.208329135249055
0.21834772148086
0.158844838557807
0.170212765957447
0.0708711236169191
0.23823226133703
0.213608213585559
0.12242308784807
0.12242308784807
0.19214985022591
0.0834792924188658
0.140114811881548
0.255229422970199
0.141546447573374
0.106793591355032
0.0747355368062295
0.0809278682853238
0.148659768554375
0.0974901942572017
0.121445457320641
0.123187039171437
0.244715585109547
0.244715585109547
0.050089598478161
0.245755746337073
0.119400755822451
0.180553494029404
0.169693381871281
0.138934989683448
0.212242079749382
0.212242079749382
0.0208451416592532
0.161937344380913
0.122644255993573
0.126538068784013
0.0769883575867661
0.0769883575867661
0.0661723723128231
0.116831412187433
0.036171043782104
0.262075197466887
0.126677609224531
0.0886338905853633
0.0802481689266388
0.18743605410033
0.108623712952192
0.108623712952192
0.108623712952192
0.102897915276459
0.143494370656559
0.122097859077349
0.170212765957447
0.145006026228411
0.24130675311813
0.133495998748395
0.10263170417847
0.107561584411216
0.169094725743994
0.171406576744216
0.224463678150026
0.0649115127632801
0.0534613150670297
0.036186096576048
0.101121251877897
0.12881057330431
0.17066379021412
0.209174278120198
0.187009893306629
0.0854718745053963
0.128338979824514
0.110272573384504
0.0953214877396318
0.0562846857678559
0.0964883883336641
0.150604212481461
0.107936835453142
0.0429185657618115
0.0429185657618115
0.102828733280794
0.191400706928076
0.127629069122135
0.127629069122135
0.146064504981534
0.114099091408064
0.131155820529104
0.0722337143094262
0.0811837296627121
0.0410532123790226
0.128472264265509
0.0982338476837436
0.0616661986772319
0.131802232839029
0.131479889965957
0.0680940808963845
0.151228399317411
0.0995916207800682
0.0995916207800682
0.104482850748793
0.0626930133602841
0.0763732027511169
0.0977151029595009
0.187673542029908
0.0925298603501177
0.10360372633026
0.126923950701375
0.135114850427351
0.168190502618237
0.0702545193822929
0.0787540118358371
0.0787540118358371
0.0976184738552198
0.0341417010546273
0.113367151671052
0.0459686429264544
0.141148900261273
0.0736704408419451
0.105474117245739
0.0402207070540128
0.0454706239842236
0.0454706239842236
0.0759210251838388
0.0420047486356769
0.0541700461762805
0.0693096886460877
0.0486044291224839
0.0471936104100745
0.104183546888181
0.0488863605256783
0.137472277145804
0.136174959473365
0.0335257789552957
0.102038174616547
0.0467762936296464
0.0306499879784285
0.0950083354999515
0.085360232711945
0.085360232711945
0.0431034291867782
0.128342783856231
0.0316635392262581
0.0659746036051393
0.110904945626537
0.105267095236294
0.134365295411485
0.0708665963708327
0.0951396655611703
0.105553829723278
0.0770416875966343
0.0551810208966921
0.0400644159074285
0.0598520516818677
0.0941848847298404
0.0582798512877421
0.0475929507467314
0.035863761461434
0.0565918590981129
0.0886051645011171
0.111819834444893
0.111248081516236
0.121791547887848
0.0973815803212011
0.0346405137151241
0.06234206957045
0.0776158399070514
0.0667306407700225
0.0667306407700225
0.0837424245357477
0.069088828002248
0.0643033040893601
0.0964249055680052
0.0579427770227402
0.0767684374845617
0.0852558945517534
0.0189486442348376
0.114767107860521
0.0651416492307677
0.0657316305204775
0.0618562395096654
0.0823213094310993
0.0600504532278239
0.0626621259396673
0.0963855421686746
0.0963855421686746
0.092703708109622
0.110315980106751
0.0259520840050078
0.0516973339528244
0.0667786897090248
0.0842520431942162
0.0391690712337764
0.0292076009976438
0.0697827324018145
0.0291124461748378
0.0417887440874891
0.031192153868015
0.049168612379704
0.0500097800940078
0.0499270745976632
0.0741390787484592
0.015463511814525
