0.0467289719626165
0.334920864220097
0.267946377309084
0.210706261368323
0.35662845387628
0.047672274223466
0.059407278766801
0.0394772665360966
0.232434862642603
0.0584631816093895
0.468522309691799
0.468522309691799
0.244894464241599
0.0535507582765427
0.0539193629483067
0.149136147073514
0.224293725550216
0.24262526433879
0.166444093915022
0.289232990467125
0.332881467313658
0.141456472368952
0.2965806768311
0.10194792847606
0.116682172603225
0.0742190768863548
0.115258814501725
0.0148569612645223
0.0878907945365451
0.172342603731555
0.0987758809322297
0.0448777860711324
0.0804435843886084
0.0804435843886084
0.146557865339072
0.0920093606706608
0.0584752465236535
0.0541578273484404
0.108888043090634
0.104283386417834
0.0504586279137325
0.175444823182656
0.0353913224918658
0.0758533351535727
0.197524091965476
0.144484663418133
0.242114496971678
0.0563643282438617
0.0965151122802083
0.324807602983451
0.165358847262564
0.165358847262564
0.0708036742441882
0.304316647271046
0.0830422085549363
0.0874145423392589
0.0874145423392589
0.13385499833691
0.330648686442186
0.0882844915455752
0.141939981904172
0.0609595516208312
0.15198145953568
0.123496397245949
0.111853772672648
0.119297128405604
0.0417561383467198
0.057252009644173
0.137189421002872
0.123470116496283
0.216584105021863
0.21302209085474
0.0257903835425217
0.0257903835425217
0.0257903835425217
0.142085570911656
0.154843662257894
0.0659959870578167
0.185290133726556
0.121959071112334
0.188779551103242
0.0505559698643782
0.0457232886081109
0.0881299376417181
0.118271078399192
0.0763511442622062
0.132011461316074
0.0286199938241845
0.14440298526664
0.106022124433274
0.0672120700131905
0.241975504534374
0.0903765864404756
0.143456615298659
0.0115788874254936
0.0114641336390435
0.100488616953466
0.0843927026183147
0.0617173455254347
0.0505017699097736
0.0330252155601235
0.0847171796247578
0.0383566060075808
0.0523711316762537
0.110205567377157
0.0854255849087608
0.0512725266584556
0.180557500271892
0.0198202585953123
0.0605217869562132
0.00933985463418987
0.0111246502575346
0.143696611312082
0.0642814432031378
0.0766468043588104
0.0509857956760672
0.0509857956760672
0.0509857956760672
0.0480761886367021
0.0117157207308667
0.0861883356341746
0.0291907405743061
0.0483560162388547
0.0352995658509293
0.042494405926518
0.0295062525517573
0.0301936308685403
0.0641410517555892
0.0747870955044382
0.114678465407378
0.115856332201315
0.0431565654279726
0.0431565654279726
0.106309507934977
0.0811648802471893
0.075988144692519
0.0944451053179727
0.0698809017428234
0.13518249141675
0.127800511550759
0.0401356655357769
0.165446397425902
0.163991660665476
0.0970587370283643
0.111461119061416
0.0475548232013969
0.02405682520274
0.0951964436013824
0.162018526168916
0.061378893144971
0.0574875487637573
0.0930250589583183
0.0770318800285504
0.0194537056081125
0.0604032981456945
0.106667648361629
0.0481032055898671
0.108270564818907
0.0978345622185773
0.13689250057437
0.0588567720802619
0.0626822006419583
0.0413072577990945
0.0844697566970734
0.055470797705121
0.0332196689271319
0.079647923142351
0.0613455279765607
0.0523256930684071
0.0273305117223261
0.0537999747085306
0.103823136407574
0.0611388897964672
0.135357109097531
0.0331719422989538
0.10517264941691
0.0657312269501444
0.107657208461129
0.0743292508763509
0.110255301329587
0.0935418388320093
0.101712517484762
0.086110727973323
0.0196002351956302
0.0389161247976929
0.115201329077952
0.0299280409861192
0.0463049943636522
0.0975904723464683
0.101817290190317
0.0777787933086904
0.148795881675029
0.0566225514390375
0.0401040036705138
0.0890303198938455
0.0346811592808971
0.1606592231246
0.0337735056078864
0.0756119549080112
0.0289927859891284
0.145135165408538
0.156555858533067
0.128958953535458
0.0103663550270655
0.103638753438969
0.103638753438969
0.032986361263439
0.032986361263439
0.032986361263439
0.0381639837098763
0.0355152272690019
0.064838746988644
0.08107736704686
0.0513537027810215
0.0700585553370538
0.0193058192113428
0.0692841555515117
0.0496515778158984
0.0396578057489792
0.0803495326824031
0.0976488494281937
0.0929479003815547
0.0899518403088469
0.0502781036084166
0.149806115960796
0.0351211054955722
0.0273211735043008
0.0850820585984373
0.0783717412227877
0.078818998716303
0.0362029231847838
0.0734635221470109
0.11381462089062
0.0402270666481229
0.0402270666481229
0.0642177159468572
0.0346805228002199
0.0484739919409048
0.0427967773916424
0.0603804689135441
0.0181118693177001
0.0181118693177001
0.137659516221145
0.0466603449674657
0.0681796513797429
0.01272078187738
0.0707568709640798
0.0945884239517339
0.0199024336245508
0.0637744163242773
0.0637744163242773
0.066368612092719
0.0667381253656365
0.0700115693493523
0.113658814316709
0.0486618857864591
0.0878136280473167
0.0665162215819716
0.0497862968700424
0.0293481294481959
0.106859044108412
0.0787398949781747
0.0501445885213485
0.0500934259172498
0.0751879699248121
0.0292569880659632
0.10781546446232
0.0692232238297841
0.0241689184230268
0.0308614367066596
0.0872281629220232
0.028954078896928
0.0947745167324004
0.112101051431153
0.112101051431153
0.0163733103404392
0.0915133240154897
0.0694409373248635
0.0637928405031316
0.0550113292647947
0.0116333873847776
0.0900052882072978
0.0864279215945743
0.118432505990056
0.0771355217388708
0.096013119493029
0.0725887425431342
0.0137898284098515
0.087575086397879
0.0528725187514645
0.0528725187514645
0.0571251233453017
0.024658768522183
0.0872951425819862
0.0429117147964591
0.0693871797153643
0.046594034187256
0.0400776777906386
0.0744386352317366
0.0819586140632233
0.0231310281954548
0.0048292839606261
0.0575666441350416
0.021055710959536
0.0344012738809124
0.0391188809944706
0.0326016038488774
0.0506091241434929
0.0626440435192702
0.0221864048087252
0.0600343053173239
0.0201711000356963
0.0201711000356963
0.065719822676161
0.065719822676161
0.0335310798388267
0.057264024390205
0.0365036789537452
0.0688976377952756
0.0620797673546542
0.0647325395414964
0.0488753540662317
0.0435652592059514
0.0435652592059514
0.0405509500903312
0.0918461041786885
0.00882020386363373
0.0580796389146082
0.0580796389146082
0.0275403615052356
0.00318968645723221
0.0575739934458848
0.0710642809203154
0.0229869378494624
0.0616500590297254
0.0536778825164562
0.043772295772818
0.00455102931719926
0.0570796739748531
0.0643086816720257
0.0653899159673618
0.013708947724088
0.0201660176348621
0.0147405759616231
0.0682991813836253
0.00479497160308968
0.0392744168532007
0.00356735664841792
0.0380434782608694
0.0541502195068793
0.0609927580933429
0.0461126584560863
0.0266281190435287
0.0558815982082998
0.0274620076952262
0.0258441412415148
0.0303084836479305
0.019189338561329
0.0460421873032226
0.0337228792841879
0.0513015114924135
0.0243891427885011
0.0454545454545453
0.0565902724551141
0.0143097494050903
0.0453697437367551
0.0455235204855841
0.0180549094465898
0.0440094031762915
0.0381234800443363
0.0391322788449145
0.00594343954999121
0.0317323034905255
0.00974622698822135
0.0115209724607035
0.0307446797204662
0.00505608608643908
0.0257503227834589
0.0197256079609019
