TARA_146	TARA_147	TARA_148	TARA_149	TARA_25
6371959	0	0	0	0	0
4390341	1	1	1	1	1
5639838	1	1	1	1	0.375
2669913	0.977272727272727	1	1	1	0.964285714285714
3495477	1	1	1	0.916666666666667	0.375
4494337_1	0.970588235294118	1	1	1	0.434782608695652
4494337_2	0.970588235294118	1	1	1	0.434782608695652
4296645	0.810810810810811	0.863636363636364	0.6875	0.909090909090909	0.76
6648068	0.216216216216216	0.0689655172413793	0.571428571428571	0.0714285714285714	0.157894736842105
5133895	0.1	0.210526315789474	0.142857142857143	0	0.538461538461538
3681750	0.166666666666667	0.428571428571429	0.333333333333333	0.2	0.0714285714285714
1929818	0.628571428571429	0.19047619047619	0.615384615384615	0	0.473684210526316
880242	0.25	0.517241379310345	0.333333333333333	0.117647058823529	0.315789473684211
2341896	0.392156862745098	0.304347826086957	0.904761904761905	0.428571428571429	0.8
4747181	0.307692307692308	0.157894736842105	0.75	0.3	0.3
6678372	0.902439024390244	0.894736842105263	0.8	0.909090909090909	0.941176470588235
2537336	0.289473684210526	0.117647058823529	0.2	0.352941176470588	0.210526315789474
3963816	0.692307692307692	0.666666666666667	0.642857142857143	0.692307692307692	0.772727272727273
5148639	0.529411764705882	0.333333333333333	0.111111111111111	0.166666666666667	0.785714285714286
3335477	0.803921568627451	0.5	0.7	1	0.32
3499696	0.705882352941177	0.740740740740741	1	1	0.5
4011445	0.918918918918919	0.592592592592593	1	1	1
3564391	0.477272727272727	0.333333333333333	0.916666666666667	0.705882352941177	0.777777777777778
5805760	0.781818181818182	0.681818181818182	0.647058823529412	1	0.761904761904762
5305276_1	0.78	0.838709677419355	0.421052631578947	0.916666666666667	0.333333333333333
5305276_2	0.78	0.838709677419355	0.421052631578947	0.916666666666667	0.333333333333333
1130672	0	0.3	0	0	0
5633719	0.722222222222222	0.75	0.4	1	0.958333333333333
4402636_1	0.702702702702703	0.375	0.833333333333333	0.538461538461538	0.9
4402636_2	0.702702702702703	0.375	0.833333333333333	0.538461538461538	0.9
6292238	0.326530612244898	0.0833333333333333	0.285714285714286	0.3125	0.818181818181818
1831556	0.638888888888889	0.461538461538462	0.470588235294118	0.333333333333333	0.925925925925926
5961295	0.6	0.318181818181818	0.727272727272727	0.545454545454545	0.28
5144578	0.884615384615385	0.75	0.928571428571429	0.444444444444444	0.583333333333333
6277361	0.733333333333333	0.925925925925926	0.588235294117647	0.846153846153846	0.941176470588235
989790	0.26530612244898	0.448275862068966	0.0909090909090909	0	0.235294117647059
2489420	0.229166666666667	0.0434782608695652	0	0.166666666666667	0.142857142857143
4874848	0.522727272727273	0.346153846153846	0.2	0.3	0.75
108428	0.222222222222222	0.592592592592593	0.05	0.25	0.117647058823529
4577495	0.735849056603774	0.931034482758621	0.894736842105263	0.866666666666667	0.888888888888889
296665	0.428571428571429	0.5	0.75	0.5	0.428571428571429
1993987	0.541666666666667	0.478260869565217	0.428571428571429	0.916666666666667	0.4
6558859	0.333333333333333	0.125	0.466666666666667	0.111111111111111	0.111111111111111
889642	0.595744680851064	0.56	0.111111111111111	0.75	0.16
5873592	0.692307692307692	0.75	0.416666666666667	1	0.863636363636364
582093	0.72972972972973	0.653846153846154	0.105263157894737	0.833333333333333	0.714285714285714
3059560	0.925	0.576923076923077	1	0.928571428571429	1
2914136	0.277777777777778	0.444444444444444	0.153846153846154	0.1	0.730769230769231
5832086	0.72	0.75	0.384615384615385	0.6	0.25
1350177	0.128205128205128	0	0.0714285714285714	0.545454545454545	0.2
44423	0.292682926829268	0.28	0	0.666666666666667	0.272727272727273
6287030	0.509090909090909	0.555555555555556	0.5	0.4375	0.5
5825190	0.263157894736842	0.0909090909090909	0.0666666666666667	0.333333333333333	0.590909090909091
3589797	0.666666666666667	0.363636363636364	0.571428571428571	0.5	0.238095238095238
3088698_1	0.515151515151515	0.45	0.0833333333333333	0.625	0.24
3088698_2	0.515151515151515	0.45	0.0833333333333333	0.625	0.24
3952334	0.708333333333333	1	1	1	1
703962	0.675675675675676	0.37037037037037	0.857142857142857	0.642857142857143	0.9
677630	0.6	0.44	0.5625	0.833333333333333	0.928571428571429
1927325_1	0.577777777777778	0.538461538461538	0.266666666666667	0.375	0.217391304347826
1927325_2	0.577777777777778	0.538461538461538	0.266666666666667	0.375	0.217391304347826
5174621	0.232142857142857	0	0.1	0.153846153846154	0.136363636363636
2623878	0.475	0.35	0.888888888888889	0.6	0.214285714285714
908546_1	0.285714285714286	0.1	0	0	0.35
908546_2	0.285714285714286	0.1	0	0	0.35
3683963	0.142857142857143	0.0384615384615385	0	0	0.0416666666666667
3835532	0.717948717948718	0.724137931034483	0.333333333333333	1	0.545454545454545
2776724	0.611111111111111	0.95	1	1	0.888888888888889
108110	0.214285714285714	0	0.1875	0	0
1166315_1	0.311111111111111	0.24	0.333333333333333	0.571428571428571	0.25
1166315_2	0.311111111111111	0.24	0.333333333333333	0.571428571428571	0.25
3949083	0.636363636363636	0.478260869565217	0.277777777777778	0.0909090909090909	0.714285714285714
5709055	0.641025641025641	0.4375	0.8	1	0.476190476190476
2243154	0.693877551020408	0.4	0.615384615384615	0.666666666666667	0.954545454545455
1607251_1	0.421052631578947	0.391304347826087	0.285714285714286	0.2	0.85
1607251_2	0.421052631578947	0.391304347826087	0.285714285714286	0.2	0.85
626744	0.439024390243902	0.764705882352941	0.2	0	0.272727272727273
4614248	0.714285714285714	0.8	0.222222222222222	0.5625	0.666666666666667
6303606	0.588235294117647	0.875	0.846153846153846	0.666666666666667	0.761904761904762
2011952	0.59375	0.666666666666667	0.5	0.615384615384615	0.133333333333333
3015328_1	0.666666666666667	0.818181818181818	0.25	0.9	0.636363636363636
3015328_2	0.666666666666667	0.818181818181818	0.25	0.9	0.636363636363636
2180897	0.464285714285714	0.52	0.722222222222222	0.611111111111111	0.16
268526	0.264150943396226	0.0769230769230769	0.277777777777778	0.166666666666667	0.05
4862533	0.51219512195122	0.785714285714286	0.8	0.416666666666667	0.722222222222222
410931	0.421052631578947	0.411764705882353	0.235294117647059	0.555555555555556	0.7
2242399	0.222222222222222	0.368421052631579	0.363636363636364	0.181818181818182	0.347826086956522
6006368	0.0952380952380952	0.321428571428571	0.222222222222222	0	0
5604816	0.522727272727273	0.64	0.642857142857143	0.615384615384615	0.705882352941177
5977129	0.422222222222222	0.260869565217391	0.866666666666667	0.444444444444444	0.4
3243395	0.707317073170732	0.75	0.9	0.857142857142857	0.842105263157895
2874843	0.388888888888889	0.666666666666667	0.181818181818182	0.6875	0.235294117647059
4651685	0.826923076923077	0.666666666666667	0.538461538461538	1	1
3385462	0.333333333333333	0.259259259259259	0.636363636363636	0.166666666666667	0
6277684	0.339622641509434	0.541666666666667	0.133333333333333	0	0.117647058823529
6491170	0.658536585365854	0.619047619047619	0.764705882352941	0.357142857142857	0.458333333333333
2716493_1	0.530612244897959	0.347826086956522	0.714285714285714	0.142857142857143	0.523809523809524
2716493_2	0.530612244897959	0.347826086956522	0.714285714285714	0.142857142857143	0.523809523809524
6872453	0.242424242424242	0.478260869565217	0.769230769230769	0.8	0.4375
957523	0.170731707317073	0.0555555555555556	0.1	0.0833333333333333	0.481481481481481
6557287	0.207547169811321	0.25	0.166666666666667	0.2	0.19047619047619
452630	0.76	0.5	0.363636363636364	0.538461538461538	0.277777777777778
6665945	0.195121951219512	0.176470588235294	0.105263157894737	0.222222222222222	0.352941176470588
1335279	0.657894736842105	0.636363636363636	0.555555555555556	0.666666666666667	0.8125
7075389	0.682926829268293	0.695652173913043	0.823529411764706	0.25	0.91304347826087
5366131	0.378378378378378	0.380952380952381	0.727272727272727	0.1875	0.571428571428571
3644751	0.520833333333333	0.35	0.714285714285714	0.272727272727273	0.157894736842105
698592	0.765957446808511	0.92	1	0.9375	1
14803	0.239130434782609	0.32	0.55	0.533333333333333	0.375
3679053	0.688888888888889	0.6875	0.5	1	0.461538461538462
4751348	0.4	0.56	0.590909090909091	0.266666666666667	0.615384615384615
2319627	0.5	0.642857142857143	0.333333333333333	0.733333333333333	0.5
4150382_1	0.787234042553192	1	0.5	0.944444444444444	0.933333333333333
4150382_2	0.787234042553192	1	0.5	0.944444444444444	0.933333333333333
2734852	0.444444444444444	0.0588235294117647	0.263157894736842	0.133333333333333	0.4
6457393	0.729166666666667	0.838709677419355	0.8125	0.533333333333333	0.307692307692308
5069152	0.285714285714286	0.391304347826087	0.4375	0.666666666666667	0.0666666666666667
1988055	0.558823529411765	0.434782608695652	0.368421052631579	1	0.533333333333333
4072853	0.869565217391304	0.823529411764706	0.8	0.466666666666667	0.875
1842345_1	0.163265306122449	0.354838709677419	0.222222222222222	0	0.15
1842345_2	0.163265306122449	0.354838709677419	0.222222222222222	0	0.15
6691911	0.153846153846154	0.590909090909091	0.473684210526316	0.352941176470588	0.217391304347826
6828381	0.540540540540541	0.307692307692308	0.538461538461538	0.529411764705882	0.115384615384615
2104066	0.4375	0.68	0.5625	0.153846153846154	0.333333333333333
6842605	0.75609756097561	0.608695652173913	1	0.888888888888889	0.857142857142857
3570705	0.555555555555556	0.958333333333333	0.714285714285714	0.923076923076923	0.565217391304348
2693221	0.568181818181818	0.65	0.692307692307692	0.307692307692308	0.727272727272727
5862678	0.263157894736842	0.285714285714286	0	0.181818181818182	0.0625
795897	0.377777777777778	0.571428571428571	0.470588235294118	0.0833333333333333	0.444444444444444
5128849	0.230769230769231	0	0	0	0
6381712	0.675	0.655172413793103	0.642857142857143	0.666666666666667	0.285714285714286
3675581	0.476190476190476	0.736842105263158	0.55	0.388888888888889	0.181818181818182
2905357	0.133333333333333	0.5625	0.315789473684211	0.461538461538462	0.181818181818182
4741657	0.41025641025641	0.666666666666667	0.769230769230769	0.428571428571429	0.647058823529412
1771925	0.211538461538462	0.241379310344828	0.368421052631579	0.0714285714285714	0.526315789473684
3261378	0.772727272727273	0.727272727272727	0.818181818181818	0.692307692307692	0.789473684210526
5262257	0.292682926829268	0.6	0.8	0.2	0.5
2989265	0.297872340425532	0.571428571428571	0.416666666666667	0.4	0.294117647058824
1281403_1	0.827586206896552	0.730769230769231	0.933333333333333	1	0.590909090909091
1281403_2	0.827586206896552	0.730769230769231	0.933333333333333	1	0.590909090909091
1281403_3	0.827586206896552	0.730769230769231	0.933333333333333	1	0.590909090909091
5388488	0.842105263157895	0.608695652173913	1	1	1
5129732	0.621621621621622	0.391304347826087	0.666666666666667	0.692307692307692	0.3
394351	0.482142857142857	0.592592592592593	0.5625	0.2	0.333333333333333
1501502	0.339622641509434	0.04	0.166666666666667	0.315789473684211	0.0434782608695652
5111640	0.765957446808511	0.565217391304348	1	0.473684210526316	0.8125
2210896	0.0425531914893617	0.28	0	0	0.16
4880536	0.735294117647059	0.833333333333333	1	0.785714285714286	0.529411764705882
2421589	0.260869565217391	0.407407407407407	0.357142857142857	0.5	0.764705882352941
4720537	0.722222222222222	0.888888888888889	0.736842105263158	0.285714285714286	0.529411764705882
3367847	0.716981132075472	0.84	0.9	0.941176470588235	1
4535920	0.261904761904762	0.608695652173913	0.1	0.555555555555556	0.346153846153846
991386	0.414634146341463	0.363636363636364	0.692307692307692	0.727272727272727	0.2
5269502	0.346153846153846	0.153846153846154	0.111111111111111	0.0833333333333333	0.0434782608695652
5231244	0.5	0.625	0.866666666666667	0.5	0.761904761904762
6860440	0.416666666666667	0.157894736842105	0.357142857142857	0.3125	0.1
1975679	0.705882352941177	0.740740740740741	0.647058823529412	0.666666666666667	0.695652173913043
1915468	0.384615384615385	0.217391304347826	0.2	0.25	0.35
461855	0.347826086956522	0.304347826086957	0.25	0.526315789473684	0.272727272727273
3491088	0.75	0.375	0.842105263157895	0.8	0.636363636363636
396504	0.575	0.545454545454545	0.75	0.666666666666667	0.684210526315789
3884024	0.212765957446809	0.3	0.333333333333333	0.285714285714286	0.5
6778622	0.269230769230769	0.379310344827586	0.533333333333333	0.25	0.208333333333333
2490633	0.27027027027027	0.227272727272727	0	0.1	0.454545454545455
5330109	0.388888888888889	0.333333333333333	0.625	0	0.304347826086957
6641540	0.425925925925926	0.0416666666666667	0.294117647058824	0.166666666666667	0.304347826086957
5617524	0.813953488372093	0.964285714285714	0.833333333333333	0.8	0.80952380952381
3046062	0.74468085106383	0.45	0.538461538461538	0.666666666666667	0.777777777777778
2591862	0.24390243902439	0.529411764705882	0.142857142857143	0.0714285714285714	0.454545454545455
1811171	0.553191489361702	0.647058823529412	0.625	0.75	0.428571428571429
3900533	0.0909090909090909	0.388888888888889	0.0714285714285714	0.428571428571429	0.333333333333333
6889635	0.823529411764706	0.9	1	0.928571428571429	1
4828810	0.390243902439024	0.272727272727273	0.315789473684211	0.0625	0.6
5935666	0.176470588235294	0.166666666666667	0.157894736842105	0.157894736842105	0.307692307692308
197331	0.732142857142857	0.9	0.8	0.545454545454545	0.578947368421053
2407099	0.456140350877193	0.227272727272727	0.529411764705882	0.5625	0.181818181818182
5906097	0.836734693877551	0.88	0.692307692307692	1	0.65
3991097	0.137254901960784	0.266666666666667	0.0526315789473684	0.0666666666666667	0.321428571428571
277709	0.318181818181818	0.157894736842105	0	0	0.115384615384615
6992630	0.72	0.956521739130435	0.6875	0.888888888888889	0.85
746255	0.24390243902439	0.217391304347826	0.0714285714285714	0.166666666666667	0.6
4624247	0.636363636363636	0.647058823529412	0.470588235294118	0.8125	0.789473684210526
1772715	0.553191489361702	0.565217391304348	0.3125	0.272727272727273	0.333333333333333
3014434	0.723404255319149	0.576923076923077	0.933333333333333	0.866666666666667	0.8125
5627986	0.528301886792453	0.28	0.636363636363636	0.357142857142857	0.625
4321919	0.263157894736842	0.107142857142857	0.285714285714286	0	0
1236459	0.487179487179487	0.645161290322581	0.411764705882353	0.428571428571429	0.470588235294118
1432964	0.51219512195122	0.214285714285714	0.176470588235294	0.3125	0.117647058823529
5145079	0.208333333333333	0.25	0.0625	0	0.444444444444444
2000320	0.0952380952380952	0.36	0	0.105263157894737	0.0714285714285714
2011329	0.564102564102564	0.5	0.466666666666667	0.823529411764706	0.25
6917746	0.307692307692308	0.272727272727273	0.692307692307692	0.111111111111111	0.2
1897406	0.708333333333333	0.466666666666667	0.375	0.7	0.833333333333333
1912759_1	0.342857142857143	0.125	0.181818181818182	0.3	0.347826086956522
1912759_2	0.342857142857143	0.125	0.181818181818182	0.3	0.347826086956522
1912759_3	0.342857142857143	0.125	0.181818181818182	0.3	0.347826086956522
6921713	0.432432432432432	0.388888888888889	0.583333333333333	0.666666666666667	0.6875
2883311	0.729166666666667	0.578947368421053	0.842105263157895	0.684210526315789	1
3624418	0.696428571428571	0.517241379310345	0.636363636363636	0.4375	0.208333333333333
2951409	0.266666666666667	0.461538461538462	0.470588235294118	0.421052631578947	0.736842105263158
2950741	0.555555555555556	0.461538461538462	0.6875	0.733333333333333	0.692307692307692
3191618	0.183673469387755	0.0952380952380952	0	0.117647058823529	0.263157894736842
2079588_1	0.613636363636364	0.821428571428571	0.4375	0.461538461538462	0.444444444444444
2079588_2	0.613636363636364	0.821428571428571	0.4375	0.461538461538462	0.444444444444444
2830244	0.703703703703704	0.739130434782609	0.857142857142857	0.909090909090909	0.652173913043478
4343940	0.444444444444444	0.55	0.625	0.222222222222222	0.611111111111111
6504691	0.558823529411765	0.352941176470588	0.5	0.230769230769231	0.285714285714286
3598545	0.595744680851064	0.5	0.647058823529412	0.818181818181818	1
776421	0.131578947368421	0.125	0.5	0.0555555555555556	0.0526315789473684
1673083	0.757575757575758	0.652173913043478	0.818181818181818	1	0.772727272727273
413190	0.263157894736842	0.0769230769230769	0.05	0.4	0.130434782608696
3639242	0.404761904761905	0.590909090909091	0.411764705882353	0.133333333333333	0.571428571428571
4118498	0.275	0.565217391304348	0.583333333333333	0.4	0.4375
44225	0.468085106382979	0.470588235294118	0.230769230769231	0.9	0.529411764705882
5676	0.526315789473684	0.272727272727273	0.166666666666667	0.454545454545455	0.411764705882353
729765	0.285714285714286	0.1	0.294117647058824	0	0.352941176470588
6854896	0.75	0.68	1	1	1
2915356	0.326086956521739	0.67741935483871	0.409090909090909	0.461538461538462	0.37037037037037
4404884	0.294117647058824	0.56	0.3125	0.111111111111111	0.230769230769231
6966746	0.384615384615385	0.52	0.571428571428571	0.733333333333333	0.52
3870512	0.151515151515152	0.428571428571429	0.266666666666667	0	0.0869565217391304
333793	0.813953488372093	0.947368421052632	0.772727272727273	1	0.9
2147915	0.527777777777778	0.521739130434783	0.411764705882353	0.384615384615385	0.272727272727273
1773863	0.444444444444444	0.772727272727273	0.25	0.777777777777778	0.636363636363636
6996899	0.255813953488372	0.28	0.176470588235294	0.214285714285714	0
640039	0.25	0.263157894736842	0.363636363636364	0.388888888888889	0.25
6121145	0.285714285714286	0.25	0.6	0.142857142857143	0.130434782608696
1622965	0.520833333333333	0.64	0.5	0.5	0.333333333333333
6455257	0	0	0	0.166666666666667	0
1802498	0.4	0.75	0.111111111111111	0.294117647058824	0.260869565217391
3398099	0.39622641509434	0.448275862068966	0.384615384615385	0.0909090909090909	0.217391304347826
1032475	0.783783783783784	0.5	0.571428571428571	1	0.714285714285714
624859	0.339622641509434	0.321428571428571	0.318181818181818	0.222222222222222	0.15
939838	0.294117647058824	0.130434782608696	0.166666666666667	0.461538461538462	0.25
5664196	0.477272727272727	0.526315789473684	0.545454545454545	0.307692307692308	0.4375
6201234	0.137931034482759	0.333333333333333	0.0666666666666667	0.117647058823529	0.0869565217391304
5642072	0.714285714285714	0.476190476190476	0.555555555555556	0.764705882352941	0.6
3186671	0.538461538461538	0.533333333333333	0.761904761904762	0.384615384615385	0.842105263157895
768852	0.5	0.75	0.944444444444444	0.705882352941177	0.821428571428571
5859306_1	0.452380952380952	0.55	0.352941176470588	0.666666666666667	0.789473684210526
5859306_2	0.452380952380952	0.55	0.352941176470588	0.666666666666667	0.789473684210526
3049364	0.680851063829787	0.84	0.583333333333333	0.888888888888889	0.9375
5171617	0.509803921568627	0.517241379310345	0.444444444444444	0.769230769230769	0.608695652173913
2203696	0.291666666666667	0.37037037037037	0.375	0.0625	0.105263157894737
2516037	0.209302325581395	0.148148148148148	0.4	0.307692307692308	0.19047619047619
2365831	0.772727272727273	0.8	0.777777777777778	1	1
5498743	0.611111111111111	0.80952380952381	0.75	0.642857142857143	0.761904761904762
6959230	0.564102564102564	0.7	0.526315789473684	0.857142857142857	0.75
93055	0.690909090909091	0.724137931034483	0.384615384615385	0.545454545454545	0.941176470588235
3507626_1	0.65625	1	0.714285714285714	0.846153846153846	0.869565217391304
3507626_2	0.65625	1	0.714285714285714	0.846153846153846	0.869565217391304
1477498	0.320754716981132	0.15	0.166666666666667	0.117647058823529	0.625
2429955	0.340909090909091	0.157894736842105	0.105263157894737	0.3	0.133333333333333
2638851	0.648648648648649	0.578947368421053	0.666666666666667	0.833333333333333	0.458333333333333
4345496	0.636363636363636	0.655172413793103	0.666666666666667	0.75	0.538461538461538
3969715	0.710526315789474	0.944444444444444	0.833333333333333	1	0.851851851851852
596736	0.836363636363636	0.52	0.941176470588235	0.866666666666667	0.882352941176471
3329587	0.833333333333333	0.571428571428571	1	0.875	0.666666666666667
6816956	0.767857142857143	0.607142857142857	1	0.75	0.888888888888889
3794233	0.75	0.947368421052632	0.583333333333333	1	0.777777777777778
81668	0.666666666666667	0.791666666666667	0.764705882352941	0.777777777777778	0.315789473684211
727100	0.315789473684211	0.409090909090909	0.4375	0.166666666666667	0.588235294117647
2283146	0.204081632653061	0.233333333333333	0.285714285714286	0	0.0625
2547099	0.235294117647059	0.24	0.125	0.4	0.277777777777778
3017935_1	0.375	0.384615384615385	0.454545454545455	0	0.0769230769230769
3017935_2	0.375	0.384615384615385	0.454545454545455	0	0.0769230769230769
7009415	0.704545454545455	0.80952380952381	0.461538461538462	0.916666666666667	0.8125
2403289	0.305555555555556	0.227272727272727	0.214285714285714	0	0.296296296296296
3358333_1	0.617647058823529	0.473684210526316	0.411764705882353	0.444444444444444	0.285714285714286
3358333_2	0.617647058823529	0.473684210526316	0.411764705882353	0.444444444444444	0.285714285714286
3675312	0.595744680851064	0.423076923076923	0.6	0.642857142857143	0.357142857142857
6430160	0.5	0.363636363636364	0.19047619047619	0.375	0.611111111111111
1147967	0.560975609756098	0.652173913043478	0.684210526315789	0.833333333333333	0.444444444444444
3483194	0.51219512195122	0.176470588235294	0.666666666666667	0.615384615384615	0.68
2463940	0.810810810810811	0.736842105263158	1	0.769230769230769	0.529411764705882
2201274	0.314285714285714	0.277777777777778	0.0769230769230769	0.285714285714286	0.478260869565217
1792533	0.196428571428571	0.516129032258065	0.3125	0.444444444444444	0.416666666666667
6816316	0.533333333333333	0.772727272727273	0.764705882352941	0.692307692307692	0.75
358052	0.318181818181818	0.434782608695652	0.384615384615385	0.0833333333333333	0.421052631578947
4817494	0.565217391304348	0.56	0.75	0.615384615384615	0.681818181818182
2227735	0.361111111111111	0.478260869565217	0.176470588235294	0.416666666666667	0.476190476190476
2941732_1	0.689655172413793	0.67741935483871	0.909090909090909	0.571428571428571	0.818181818181818
2941732_2	0.689655172413793	0.67741935483871	0.909090909090909	0.571428571428571	0.818181818181818
6735921	0.5	0.857142857142857	0.681818181818182	0.8	0.526315789473684
1881664	0.622641509433962	0.76	0.75	0.4	0.857142857142857
5881068	0.75609756097561	0.6	1	0.692307692307692	0.928571428571429
3628969	0.192307692307692	0.333333333333333	0.1	0.133333333333333	0.125
192627	0.782608695652174	0.807692307692308	0.6	0.764705882352941	0.45
4559487_1	0.179487179487179	0.44	0.153846153846154	0.0769230769230769	0.423076923076923
4559487_2	0.179487179487179	0.44	0.153846153846154	0.0769230769230769	0.423076923076923
3950349	0.357142857142857	0.318181818181818	0.4375	0.333333333333333	0.176470588235294
6392540	0.304347826086957	0.210526315789474	0.1875	0.625	0.357142857142857
6012847_1	0.693877551020408	0.5	0.611111111111111	0.461538461538462	0.785714285714286
6012847_2	0.693877551020408	0.5	0.611111111111111	0.461538461538462	0.785714285714286
2531680	0.525	0.72	0.727272727272727	0.846153846153846	0.666666666666667
2051319	0.173913043478261	0.354838709677419	0.2	0.25	0.1
3305885	0.595744680851064	0.32	0.142857142857143	0.3125	0.461538461538462
3794802	0.673913043478261	0.428571428571429	0.875	0.428571428571429	0.666666666666667
3991439	0.442307692307692	0.5	0.6	0.0833333333333333	0.35
2169268	0.464285714285714	0.578947368421053	0.333333333333333	0.714285714285714	0.590909090909091
5195105	0.528301886792453	0.423076923076923	0.428571428571429	0.666666666666667	0.176470588235294
5744196	0.80952380952381	0.894736842105263	0.857142857142857	0.769230769230769	0.529411764705882
309738	0.55	0.454545454545455	0.476190476190476	0.266666666666667	0.458333333333333
4689878	0.608695652173913	0.538461538461538	1	0.777777777777778	0.631578947368421
2758934	0.807017543859649	0.833333333333333	0.85	0.875	0.925925925925926
381811	0.479166666666667	0.391304347826087	0.444444444444444	0.5	0.296296296296296
1350976	0.347826086956522	0.125	0.307692307692308	0.0714285714285714	0.1
870539	0.777777777777778	0.846153846153846	0.846153846153846	0.75	0.590909090909091
1905662	0.313725490196078	0.153846153846154	0.642857142857143	0.272727272727273	0.45
2112533	0.38	0.185185185185185	0.666666666666667	0.2	0.0869565217391304
6382954	0.222222222222222	0.448275862068966	0.222222222222222	0.4	0.571428571428571
222789	0.446808510638298	0.208333333333333	0.363636363636364	0.388888888888889	0.0555555555555556
6574682	0.434782608695652	0.521739130434783	0.45	0	0.4
3738132	0.219512195121951	0.291666666666667	0.3	0.307692307692308	0.565217391304348
2191439_1	0.36	0.346153846153846	0.166666666666667	0.333333333333333	0.16
2191439_2	0.36	0.346153846153846	0.166666666666667	0.333333333333333	0.16
1555534	0.35	0.541666666666667	0.357142857142857	0.176470588235294	0.5
502395	0.318181818181818	0.428571428571429	0.285714285714286	0	0.227272727272727
3360429	0.568181818181818	0.681818181818182	0.833333333333333	0.769230769230769	0.666666666666667
465187	0.277777777777778	0.44	0	0.2	0.277777777777778
1259553	0.641025641025641	0.764705882352941	0.846153846153846	0.3	0.48
6137848	0.27027027027027	0.166666666666667	0.2	0.388888888888889	0.541666666666667
2267718	0.285714285714286	0.375	0.285714285714286	0.615384615384615	0.5
1260541	0.654545454545455	0.32	0.923076923076923	0.615384615384615	0.5
3591279	0.842105263157895	0.565217391304348	1	0.833333333333333	0.75
5937325	0.611111111111111	0.7	0.733333333333333	0.357142857142857	0.5
4574749_1	0.5	0.44	0.714285714285714	0.4	0.208333333333333
4574749_2	0.5	0.44	0.714285714285714	0.4	0.208333333333333
3498766	0.785714285714286	0.523809523809524	0.5	0.777777777777778	0.722222222222222
6690511	0.352941176470588	0.346153846153846	0.473684210526316	0.0588235294117647	0.333333333333333
5966689	0.696969696969697	0.739130434782609	0.818181818181818	0.7	0.666666666666667
3307946	0.5	0.473684210526316	0.6	0.882352941176471	0.695652173913043
198264	0.555555555555556	0.833333333333333	0.642857142857143	0.636363636363636	0.695652173913043
3264222	0.382352941176471	0.368421052631579	0.583333333333333	0.307692307692308	0.266666666666667
6540428	0.513513513513513	0.263157894736842	0.615384615384615	0.333333333333333	0.1875
545740	0.836734693877551	0.818181818181818	0.590909090909091	0.538461538461538	0.521739130434783
478681	0.732142857142857	0.692307692307692	0.947368421052632	1	0.681818181818182
640170	0.156862745098039	0.266666666666667	0.136363636363636	0.454545454545455	0.153846153846154
6484060	0.543478260869565	0.333333333333333	0.4	0.7	0.428571428571429
4911290	0.476190476190476	0.368421052631579	0.368421052631579	0.3125	0.117647058823529
6966251	0.733333333333333	0.857142857142857	0.611111111111111	0.545454545454545	0.785714285714286
3527460	0.222222222222222	0.115384615384615	0.117647058823529	0	0.2
2215775	0.627450980392157	0.863636363636364	1	0.857142857142857	0.916666666666667
4668897	0.722222222222222	0.64	0.733333333333333	0.714285714285714	0.928571428571429
1591835	0.261904761904762	0.111111111111111	0.176470588235294	0.230769230769231	0.238095238095238
1983062	0.60377358490566	0.433333333333333	0.461538461538462	0.692307692307692	0.857142857142857
2316942	0.2	0.413793103448276	0.363636363636364	0.5625	0.15
2648758	0.243243243243243	0.235294117647059	0	0.2	0.392857142857143
2051775	0.651162790697674	0.578947368421053	0.5	0.333333333333333	0.733333333333333
1360918	0.714285714285714	0.607142857142857	0.875	0.777777777777778	0.714285714285714
6039359	0.263157894736842	0.0344827586206897	0.2	0.0769230769230769	0.105263157894737
5010853	0.787234042553192	0.7	0.9	0.8	0.5
1837200	0.681818181818182	0.75	0.727272727272727	0.466666666666667	0.652173913043478
5599841	0.568181818181818	0.521739130434783	0.333333333333333	0.6	0.666666666666667
433252	0.591836734693878	0.666666666666667	0.333333333333333	0.7	0.555555555555556
4884870	0.351851851851852	0.448275862068966	0.5	0.833333333333333	0.714285714285714
732487	0.431818181818182	0.296296296296296	0.5	0.470588235294118	0.130434782608696
6304227_1	0.481481481481481	0.291666666666667	0.75	0.4375	0.5
6304227_2	0.481481481481481	0.291666666666667	0.75	0.4375	0.5
4766355	0.268292682926829	0.294117647058824	0.588235294117647	0.266666666666667	0.307692307692308
1510480	0.777777777777778	0.863636363636364	0.9375	0.733333333333333	0.545454545454545
4686107	0.255813953488372	0.466666666666667	0	0.428571428571429	0.318181818181818
1704065	0.275	0.269230769230769	0.176470588235294	0.153846153846154	0.0833333333333333
3108492	0.422222222222222	0.363636363636364	0.5625	0.588235294117647	0.269230769230769
3617811	0.6	0.592592592592593	0.380952380952381	0.6	0.578947368421053
264421	0.371428571428571	0.565217391304348	0.352941176470588	0.222222222222222	0.571428571428571
2581311	0.489795918367347	0.727272727272727	0.615384615384615	0.230769230769231	0.5
4017601	0.447368421052632	0.416666666666667	0.428571428571429	0	0.222222222222222
1852356	0.512820512820513	0.347826086956522	0.421052631578947	0.3	0.55
6933979	0.509803921568627	0.28	0.380952380952381	0.294117647058824	0.8
381713	0.891304347826087	0.709677419354839	0.8	0.8	0.807692307692308
778970	0.631578947368421	0.565217391304348	0.2	0.625	0.666666666666667
5975449	0.214285714285714	0.137931034482759	0.210526315789474	0.153846153846154	0.1
6158877	0.354166666666667	0.181818181818182	0.25	0	0.105263157894737
4204052_1	0.653846153846154	0.666666666666667	0.842105263157895	0.888888888888889	0.846153846153846
4204052_2	0.653846153846154	0.666666666666667	0.842105263157895	0.888888888888889	0.846153846153846
4204052_3	0.653846153846154	0.666666666666667	0.842105263157895	0.888888888888889	0.846153846153846
1659386	0.545454545454545	0.555555555555556	0.818181818181818	0.4	0.5
3779577	0.767441860465116	0.521739130434783	0.692307692307692	0.692307692307692	0.95
5971694	0.263157894736842	0.172413793103448	0.571428571428571	0.466666666666667	0.421052631578947
3484620	0.431818181818182	0.285714285714286	0.583333333333333	0.357142857142857	0.481481481481481
3950150	0.404761904761905	0.391304347826087	0.25	0	0.2
543893	0.185185185185185	0.0476190476190476	0.263157894736842	0.142857142857143	0.291666666666667
4010036	0.682926829268293	0.85	0.9	0.5	0.857142857142857
2610313	0.69047619047619	0.413793103448276	0.833333333333333	0.666666666666667	0.653846153846154
3841595	0.3	0.217391304347826	0.166666666666667	0.214285714285714	0.538461538461538
6626294	0.51063829787234	0.272727272727273	0.727272727272727	0.5	0.214285714285714
5272911_1	0.35	0.24	0.0714285714285714	0.133333333333333	0.1875
5272911_2	0.35	0.24	0.0714285714285714	0.133333333333333	0.1875
5272911_3	0.35	0.24	0.0714285714285714	0.133333333333333	0.1875
4643131	0.781818181818182	0.586206896551724	0.7	0.666666666666667	0.8
5010340	0.6	0.529411764705882	0.722222222222222	0.5	0.526315789473684
2144108	0.78	0.72	0.714285714285714	0.6875	0.666666666666667
5450642	0.745454545454545	0.653846153846154	0.933333333333333	0.833333333333333	0.9
1795026	0.675675675675676	0.555555555555556	0.6875	0.416666666666667	0.636363636363636
1655533	0.823529411764706	0.785714285714286	0.619047619047619	0.454545454545455	0.72
6116412	0.760869565217391	0.315789473684211	0.6	0.625	0.72
3622467	0.208333333333333	0.222222222222222	0.363636363636364	0.1	0.444444444444444
2314654	0.760869565217391	0.966666666666667	0.866666666666667	1	1
936598	0.5	0.4	0.125	0.428571428571429	0.545454545454545
5166275	0.263157894736842	0.238095238095238	0.5	0.4	0.368421052631579
1141971	0.5	0.592592592592593	0.222222222222222	0.583333333333333	0.521739130434783
582271	0.365853658536585	0.347826086956522	0.0909090909090909	0.5	0.611111111111111
4503614	0.418181818181818	0.5	0.80952380952381	0.866666666666667	0.473684210526316
6307869	0.26530612244898	0.153846153846154	0.0833333333333333	0.0769230769230769	0
5517965	0.666666666666667	0.566666666666667	0.25	0.545454545454545	0.705882352941177
4593974	0.769230769230769	0.681818181818182	0.5	0.470588235294118	0.619047619047619
3902473	0.340909090909091	0.227272727272727	0.3	0.181818181818182	0.571428571428571
6248919	0.5	0.55	0.416666666666667	0.352941176470588	0.736842105263158
5034311	0.324324324324324	0.210526315789474	0.307692307692308	0.0666666666666667	0.0833333333333333
3170329	0.408163265306122	0.478260869565217	0.555555555555556	0.454545454545455	0.1875
3335751	0.636363636363636	0.4	0.272727272727273	0.333333333333333	0.478260869565217
946701	0.807692307692308	0.962962962962963	1	0.9375	0.904761904761905
4167358	0.552631578947368	0.72	1	0.714285714285714	0.6
998142	0.625	0.681818181818182	0.375	0.416666666666667	0.44
2853091	0.692307692307692	0.72	0.411764705882353	0.789473684210526	0.789473684210526
4892891	0.666666666666667	0.736842105263158	0.636363636363636	0.909090909090909	0.772727272727273
4448636	0.854545454545454	0.807692307692308	0.80952380952381	0.9375	0.888888888888889
3325367	0.634615384615385	0.733333333333333	0.578947368421053	0.3125	0.368421052631579
5479443	0.6875	0.80952380952381	0.909090909090909	0.888888888888889	0.8
291907	0.673913043478261	0.5	0.7	0.846153846153846	0.6
4020759	0.510204081632653	0.421052631578947	0.545454545454545	0.733333333333333	0.380952380952381
3054190	0.717391304347826	0.9	0.8	0.5	0.52
3976336	0.71875	0.6875	0.785714285714286	0.545454545454545	0.714285714285714
6751251	0.625	0.4	0.4	0.4	0.652173913043478
5637752	0.651162790697674	0.37037037037037	0.666666666666667	0.529411764705882	0.454545454545455
5921283	0.304347826086957	0.210526315789474	0.75	0.411764705882353	0.407407407407407
2538790	0.1875	0.222222222222222	0	0	0.111111111111111
3157940_1	0.823529411764706	0.607142857142857	0.736842105263158	0.714285714285714	0.956521739130435
3157940_2	0.823529411764706	0.607142857142857	0.736842105263158	0.714285714285714	0.956521739130435
3226067	0.82051282051282	0.793103448275862	0.666666666666667	0.866666666666667	0.8
5655933	0.27906976744186	0.380952380952381	0.35	0.352941176470588	0.6
4610493	0.468085106382979	0.739130434782609	0.631578947368421	0.272727272727273	0.541666666666667
5666532	0.365384615384615	0.612903225806452	0.157894736842105	0.25	0.4
4704577	0.775862068965517	0.758620689655172	0.772727272727273	0.8	0.592592592592593
1912085_1	0.452830188679245	0.481481481481481	0.375	0.263157894736842	0.611111111111111
1912085_2	0.452830188679245	0.481481481481481	0.375	0.263157894736842	0.611111111111111
3082255	0.666666666666667	0.8125	0.916666666666667	0.888888888888889	0.941176470588235
3044063	0.710526315789474	0.48	0.6875	0.705882352941177	0.882352941176471
1080315	0.878787878787879	0.652173913043478	0.785714285714286	1	0.8125
315518	0.297872340425532	0.266666666666667	0.230769230769231	0.214285714285714	0.28
1701600	0.648648648648649	0.724137931034483	0.846153846153846	0.636363636363636	0.95
4009977	0.722222222222222	0.666666666666667	0.923076923076923	0.538461538461538	0.7
6150853	0.807692307692308	0.652173913043478	0.8	0.785714285714286	0.882352941176471
664663	0.545454545454545	0.764705882352941	0.785714285714286	0.7	0.882352941176471
5380476	0.853658536585366	0.666666666666667	0.722222222222222	1	0.826086956521739
5774578	0.6	0.612903225806452	0.55	0.588235294117647	0.541666666666667
2526650	0.666666666666667	0.517241379310345	0.666666666666667	0.615384615384615	0.708333333333333
6104153	0.815789473684211	0.833333333333333	0.705882352941177	0.736842105263158	0.521739130434783
2669727	0.823529411764706	0.923076923076923	1	0.764705882352941	0.6
2081643	0.280701754385965	0.107142857142857	0.0666666666666667	0	0.16
6677803	0.641509433962264	0.653846153846154	0.863636363636364	0.785714285714286	0.76
3092647	0.674418604651163	0.478260869565217	0.722222222222222	0.611111111111111	0.590909090909091
5907069	0.34375	0.357142857142857	0.578947368421053	0.230769230769231	0.2
1347899	0.527777777777778	0.678571428571429	0.823529411764706	0.6875	0.407407407407407
106935	0.673076923076923	0.846153846153846	0.785714285714286	0.833333333333333	0.909090909090909
65883	0.843137254901961	0.9	0.875	0.923076923076923	1
6104515	0.245283018867925	0.153846153846154	0.214285714285714	0.526315789473684	0.526315789473684
6031091	0.723404255319149	0.703703703703704	0.647058823529412	0.6	0.705882352941177
2323007	0.767857142857143	0.708333333333333	0.5	0.470588235294118	0.666666666666667
6033815_1	0.375	0.238095238095238	0.142857142857143	0.384615384615385	0.2
6033815_2	0.375	0.238095238095238	0.142857142857143	0.384615384615385	0.2
3538561	0.666666666666667	0.75	0.75	0.857142857142857	0.64
5524731	0.38	0.421052631578947	0.470588235294118	0.3	0.227272727272727
4394578	0.392156862745098	0.48	0.615384615384615	0.636363636363636	0.333333333333333
3047148	0.428571428571429	0.571428571428571	0.333333333333333	0.615384615384615	0.222222222222222
5194267	0	0.0666666666666667	0	0	0.0526315789473684
3368745	0.242424242424242	0.157894736842105	0.176470588235294	0.5	0.136363636363636
944299	0.243243243243243	0.352941176470588	0.4	0.307692307692308	0.0909090909090909
2149296	0.204545454545455	0.0555555555555556	0.214285714285714	0.5	0.217391304347826
3272849	0.666666666666667	0.75	0.588235294117647	0.529411764705882	0.956521739130435
6124545	0.527777777777778	0.615384615384615	0.6	0.333333333333333	0.56
2846042	0.468085106382979	0.210526315789474	0.8	0.3125	0.411764705882353
5858217	0.450980392156863	0.44	0.666666666666667	0.588235294117647	0.315789473684211
4904453	0.794117647058823	0.64	0.823529411764706	0.9375	0.631578947368421
6398076	0.555555555555556	0.481481481481481	0.333333333333333	0.666666666666667	0.44
1038236	0.565217391304348	0.72	0.55	0.75	0.8
4759503	0.735294117647059	0.545454545454545	0.473684210526316	0.769230769230769	0.444444444444444
891698	0.69811320754717	0.583333333333333	0.625	0.555555555555556	0.588235294117647
2318383	0.276595744680851	0.379310344827586	0.3125	0.133333333333333	0.2
1175532	0.25	0.285714285714286	0.333333333333333	0.5	0.227272727272727
3313477	0.380952380952381	0.32	0.333333333333333	0.181818181818182	0.4
908868	0.239130434782609	0.28	0.384615384615385	0.4	0.357142857142857
319900	0.894736842105263	0.636363636363636	0.846153846153846	1	0.91304347826087
6986899	0.3	0.173913043478261	0.19047619047619	0.166666666666667	0.125
6295399	0.285714285714286	0.107142857142857	0.409090909090909	0	0.1875
1460410	0.404255319148936	0.580645161290323	0.285714285714286	0.142857142857143	0.464285714285714
1376265	0.666666666666667	0.777777777777778	0.7	0.631578947368421	0.521739130434783
2914966	0.1875	0.423076923076923	0.416666666666667	0.333333333333333	0.176470588235294
3525047	0.472222222222222	0.4375	0.461538461538462	0.454545454545455	0.142857142857143
6656264	0.298245614035088	0.173913043478261	0.181818181818182	0.214285714285714	0.28
3874292	0.826923076923077	0.928571428571429	0.769230769230769	0.941176470588235	0.956521739130435
5126788	0.708333333333333	0.866666666666667	0.916666666666667	0.5	0.666666666666667
4155416	0.782608695652174	0.6	0.45	0.428571428571429	0.619047619047619
6080779	0.5	0.416666666666667	0.681818181818182	0.384615384615385	0.571428571428571
566212	0.62	0.636363636363636	0.833333333333333	0.375	0.55
3787488	0.875	0.967741935483871	0.619047619047619	0.8	0.92
1387457	0.754716981132076	0.703703703703704	0.6	0.833333333333333	0.826086956521739
2294207	0.448979591836735	0.541666666666667	0.25	0.461538461538462	0.478260869565217
972972_1	0.196428571428571	0.222222222222222	0.25	0.416666666666667	0.0588235294117647
972972_2	0.196428571428571	0.222222222222222	0.25	0.416666666666667	0.0588235294117647
972972_3	0.196428571428571	0.222222222222222	0.25	0.416666666666667	0.0588235294117647
6741549	0.682926829268293	0.625	0.666666666666667	0.533333333333333	0.4375
1981104	0.320754716981132	0.107142857142857	0.105263157894737	0.0769230769230769	0.0769230769230769
3062907_1	0.55	0.521739130434783	0.3	0.666666666666667	0.45
3062907_2	0.55	0.521739130434783	0.3	0.666666666666667	0.45
1832867	0.531914893617021	0.458333333333333	0.176470588235294	0.5	0.4
3842457	0.215686274509804	0.037037037037037	0	0.0769230769230769	0
1769330	0.291666666666667	0.333333333333333	0.0769230769230769	0.25	0.0714285714285714
4576402	0.258620689655172	0.1875	0.105263157894737	0.4	0.3
5847307	0.38	0.233333333333333	0.0666666666666667	0.222222222222222	0.181818181818182
5581106	0.166666666666667	0.0952380952380952	0	0	0.208333333333333
3416057	0.333333333333333	0.625	0.384615384615385	0.4	0.4
6962776	0.183673469387755	0.09375	0	0.2	0.285714285714286
5582135	0.787234042553192	0.821428571428571	0.578947368421053	0.636363636363636	0.8
2455443	0.839285714285714	0.8	0.8	0.666666666666667	0.892857142857143
4223053	0.651162790697674	0.636363636363636	0.785714285714286	0.368421052631579	0.523809523809524
2324665	0.173913043478261	0.12	0	0.0769230769230769	0.125
5710967	0.375	0.529411764705882	0.4375	0.25	0.416666666666667
631189	0.403846153846154	0.619047619047619	0.681818181818182	0.625	0.45
5426798	0.380952380952381	0.35	0.444444444444444	0.5	0.136363636363636
3997763	0.476190476190476	0.5625	0.5	0.636363636363636	0.333333333333333
6804375	0.673469387755102	0.782608695652174	0.6	0.428571428571429	0.444444444444444
4418137	0.217391304347826	0.117647058823529	0	0.1	0.111111111111111
323304	0.769230769230769	0.875	0.823529411764706	0.944444444444444	0.769230769230769
1393591	0.717948717948718	0.909090909090909	0.666666666666667	0.777777777777778	0.8
5400675	0.567567567567568	0.583333333333333	0.625	0.461538461538462	0.681818181818182
3010953	0.458333333333333	0.4375	0.692307692307692	0.454545454545455	0.52
3882078	0.51063829787234	0.636363636363636	0.470588235294118	0.363636363636364	0.470588235294118
5885368_1	0.304347826086957	0.227272727272727	0.136363636363636	0.5625	0.166666666666667
5885368_2	0.304347826086957	0.227272727272727	0.136363636363636	0.5625	0.166666666666667
856833	0.642857142857143	0.76	0.80952380952381	0.6	0.904761904761905
3449549	0.58695652173913	0.592592592592593	0.705882352941177	0.916666666666667	0.44
5658099	0.770833333333333	0.842105263157895	0.916666666666667	1	0.923076923076923
5713909	0.5	0.407407407407407	0.692307692307692	0.571428571428571	0.7
4698819	0.46875	0.32	0.421052631578947	0.214285714285714	0.555555555555556
6581524	0.86	0.724137931034483	0.882352941176471	0.8	1
3565502	0.18	0	0.210526315789474	0	0.0476190476190476
4810659	0.512820512820513	0.45	0.307692307692308	0.470588235294118	0.416666666666667
2683665	0.609756097560976	0.6	0.5	0.363636363636364	0.409090909090909
6353762	0.195121951219512	0.0384615384615385	0	0.176470588235294	0.04
2275792	0.725	0.941176470588235	0.928571428571429	0.6875	0.842105263157895
800602	0.30188679245283	0.15625	0.0714285714285714	0.333333333333333	0.4
5878834	0.75	0.655172413793103	0.909090909090909	0.941176470588235	0.72
2812529_1	0.553571428571429	0.555555555555556	0.684210526315789	0.428571428571429	0.428571428571429
2812529_2	0.553571428571429	0.555555555555556	0.684210526315789	0.428571428571429	0.428571428571429
2892131	0.8	0.842105263157895	1	0.777777777777778	0.9375
2296888	0.350877192982456	0.238095238095238	0.142857142857143	0.0833333333333333	0.25
1249795	0.720930232558139	0.818181818181818	0.65	0.714285714285714	0.5
5201839	0.192982456140351	0.103448275862069	0	0.0625	0.3
6452764	0.560975609756098	0.590909090909091	0.352941176470588	0.411764705882353	0.5
2386966	0.565217391304348	0.5	0.533333333333333	0.526315789473684	0.68
4486616	0.44	0.0952380952380952	0.3	0.333333333333333	0.391304347826087
5757228	0.425531914893617	0.608695652173913	0.5	0.444444444444444	0.6
5121085	0.473684210526316	0.518518518518518	0.666666666666667	0.428571428571429	0.363636363636364
188330	0.380952380952381	0.294117647058824	0.266666666666667	0.3	0.444444444444444
3583304	0.487179487179487	0.545454545454545	0.421052631578947	0.454545454545455	0.409090909090909
6771879	0.807692307692308	0.857142857142857	0.8125	0.928571428571429	1
4599115	0.795918367346939	0.928571428571429	1	1	0.772727272727273
3347934	0.791666666666667	1	0.928571428571429	0.666666666666667	0.842105263157895
5541839	0.173913043478261	0.0833333333333333	0.0833333333333333	0.222222222222222	0.08
4997161_1	0.658536585365854	0.535714285714286	0.4	0.684210526315789	0.470588235294118
4997161_2	0.658536585365854	0.535714285714286	0.4	0.684210526315789	0.470588235294118
6228047	0.732142857142857	0.76	0.466666666666667	0.833333333333333	0.6
4110089	0.607843137254902	0.407407407407407	0.692307692307692	0.181818181818182	0.535714285714286
5451811	0.684210526315789	0.714285714285714	0.785714285714286	0.6	0.925925925925926
3744813	0.720930232558139	0.761904761904762	0.733333333333333	1	0.88
5073312	0.560975609756098	0.423076923076923	0.307692307692308	0.4	0.684210526315789
673685	0.382352941176471	0.388888888888889	0.222222222222222	0.230769230769231	0.454545454545455
3195485	0.326923076923077	0.375	0.3125	0.3125	0.266666666666667
2756170	0.358974358974359	0.2	0.444444444444444	0.388888888888889	0.294117647058824
1315782	0.25	0.523809523809524	0.214285714285714	0.222222222222222	0.227272727272727
3146909	0.545454545454545	0.5	0.25	0.363636363636364	0.476190476190476
1569193	0.418604651162791	0.52	0.5	0.444444444444444	0.208333333333333
6239576	0.65	0.52	0.615384615384615	0.555555555555556	0.666666666666667
5192728	0.333333333333333	0.233333333333333	0.125	0.25	0.1875
4833003	0.617021276595745	0.67741935483871	0.666666666666667	0.6	0.807692307692308
1861230	0.302325581395349	0.391304347826087	0.2	0.272727272727273	0.136363636363636
2070634	0.30952380952381	0.235294117647059	0.2	0.166666666666667	0.12
5533569	0.621621621621622	0.8	1	0.785714285714286	0.791666666666667
5241407	0.280701754385965	0.241379310344828	0.2	0	0.130434782608696
949496	0.652173913043478	0.607142857142857	0.333333333333333	0.733333333333333	0.529411764705882
1413727	0.638297872340426	0.75	0.538461538461538	0.75	0.652173913043478
1166950	0.377777777777778	0.310344827586207	0.3125	0.615384615384615	0.125
2614770	0.470588235294118	0.583333333333333	0.578947368421053	0.416666666666667	0.476190476190476
30269	0.466666666666667	0.291666666666667	0.25	0.307692307692308	0.285714285714286
6313262	0.214285714285714	0.130434782608696	0.222222222222222	0	0.294117647058824
1340480	0.510204081632653	0.347826086956522	0.428571428571429	0.294117647058824	0.304347826086957
6124202	0.148148148148148	0.3125	0.1	0	0
6085627	0.6	0.583333333333333	0.470588235294118	0.6	0.5
4937454	0.206896551724138	0.107142857142857	0.166666666666667	0.333333333333333	0.2
1475949	0.257142857142857	0.19047619047619	0.142857142857143	0.111111111111111	0.04
2363720	0.736842105263158	0.565217391304348	0.6	0.7	0.9
6254300	0.6	0.555555555555556	0.3	0.6	0.4
5871675	0.604166666666667	0.764705882352941	0.8	0.714285714285714	0.714285714285714
6131984	0.407407407407407	0.53125	0.533333333333333	0.454545454545455	0.3
5938453	0.754716981132076	0.76	0.764705882352941	0.866666666666667	0.653846153846154
4601395	0.568181818181818	0.642857142857143	0.625	0.923076923076923	0.736842105263158
501286	0.183673469387755	0.333333333333333	0.411764705882353	0.2	0.25
1689850	0.333333333333333	0.5	0.363636363636364	0.3125	0.357142857142857
5685119	0.565217391304348	0.684210526315789	0.8	0.736842105263158	0.75
7113944	0.372093023255814	0.416666666666667	0.461538461538462	0.333333333333333	0.210526315789474
2465660	0.571428571428571	0.666666666666667	0.631578947368421	0.916666666666667	0.56
2567806	0.742857142857143	0.68	0.545454545454545	0.714285714285714	0.722222222222222
843227	0.589285714285714	0.826086956521739	0.428571428571429	0.555555555555556	0.705882352941177
1191113	0.82	1	0.928571428571429	0.777777777777778	0.6875
2066157	0.7	0.807692307692308	0.875	0.8125	0.875
2128696	0.788461538461538	0.826086956521739	0.727272727272727	0.642857142857143	0.863636363636364
5587439	0.411764705882353	0.5	0.571428571428571	0.583333333333333	0.259259259259259
1446365	0.5	0.545454545454545	0.615384615384615	0.733333333333333	0.411764705882353
2735320	0.295454545454545	0.380952380952381	0.277777777777778	0.3125	0.428571428571429
1820936	0.764705882352941	0.727272727272727	0.714285714285714	0.631578947368421	0.869565217391304
6747964	0.355555555555556	0.347826086956522	0.214285714285714	0.181818181818182	0.25
4284900	0.72972972972973	0.476190476190476	0.555555555555556	0.647058823529412	0.714285714285714
3553470	0.288888888888889	0.476190476190476	0.5	0.333333333333333	0.214285714285714
4173884	0.511627906976744	0.692307692307692	0.35	0.666666666666667	0.521739130434783
5180598	0.783783783783784	0.882352941176471	0.777777777777778	0.7	0.8125
3690232	0.641509433962264	0.611111111111111	0.764705882352941	0.4	0.80952380952381
1660535	0.333333333333333	0.387096774193548	0.117647058823529	0.571428571428571	0.3
1883206	0.333333333333333	0.258064516129032	0.2	0.230769230769231	0.45
3699780	0.765957446808511	0.727272727272727	0.529411764705882	0.636363636363636	0.684210526315789
402447	0.814814814814815	0.884615384615385	0.65	1	1
4446856	0.48936170212766	0.5	0.611111111111111	0.588235294117647	0.555555555555556
6564898	0.755102040816326	0.952380952380952	0.909090909090909	0.933333333333333	0.8
2416763	0.813953488372093	0.8	0.866666666666667	0.9	0.882352941176471
4473992	0.347826086956522	0.294117647058824	0.272727272727273	0.25	0.210526315789474
446520	0.692307692307692	0.6875	0.363636363636364	0.615384615384615	0.772727272727273
3823228	0.7	0.566666666666667	0.894736842105263	0.733333333333333	0.761904761904762
864765	0.214285714285714	0.15	0.0833333333333333	0.133333333333333	0
2323004	0.684210526315789	0.655172413793103	1	0.642857142857143	0.666666666666667
1998329	0.2	0.266666666666667	0	0.5	0.214285714285714
1334345	0.478260869565217	0.684210526315789	0.642857142857143	0.375	0.642857142857143
2031731	0.461538461538462	0.388888888888889	0.375	0.5	0.5625
1986811	0.294117647058824	0.125	0.368421052631579	0.3	0.0869565217391304
3172272	0.472222222222222	0.333333333333333	0.363636363636364	0.466666666666667	0.411764705882353
3444847	0.648648648648649	0.555555555555556	0.6875	0.529411764705882	0.473684210526316
3697199	0.2	0.08	0.166666666666667	0.0666666666666667	0.263157894736842
876094	0.461538461538462	0.290322580645161	0.583333333333333	0.533333333333333	0.272727272727273
2036078	0.229166666666667	0.3	0.2	0.5	0.105263157894737
2722235	0.739130434782609	0.741935483870968	0.727272727272727	0.833333333333333	0.8
7100508	0.634615384615385	0.413793103448276	0.266666666666667	0.555555555555556	0.666666666666667
4926912	0.5	0.8	0.363636363636364	0.625	0.647058823529412
3147897_1	0.686274509803922	0.652173913043478	0.846153846153846	0.8	0.705882352941177
3147897_2	0.686274509803922	0.652173913043478	0.846153846153846	0.8	0.705882352941177
4302824	0.304347826086957	0.366666666666667	0.222222222222222	0.5	0.111111111111111
3564603	0.1	0.227272727272727	0.0555555555555556	0	0.0434782608695652
4065741	0.549019607843137	0.4	0.555555555555556	0.307692307692308	0.263157894736842
1271499	0.711111111111111	0.791666666666667	0.705882352941177	0.666666666666667	0.714285714285714
2095003	0.564102564102564	0.608695652173913	0.875	0.571428571428571	0.625
4284917	0.410714285714286	0.387096774193548	0.5625	0.294117647058824	0.681818181818182
6956989	0.76	0.818181818181818	0.866666666666667	0.666666666666667	0.857142857142857
6460319_1	0.217391304347826	0.285714285714286	0	0.0769230769230769	0.166666666666667
6460319_2	0.217391304347826	0.285714285714286	0	0.0769230769230769	0.166666666666667
6460319_3	0.217391304347826	0.285714285714286	0	0.0769230769230769	0.166666666666667
5947255	0.28	0.259259259259259	0.25	0	0.277777777777778
1532645	0.454545454545455	0.764705882352941	0.409090909090909	0.666666666666667	0.454545454545455
4828715	0.58695652173913	0.391304347826087	0.65	0.466666666666667	0.75
3494185	0.897959183673469	0.892857142857143	0.863636363636364	0.875	0.666666666666667
3104711	0.875	1	1	0.818181818181818	1
3194664	0.523809523809524	0.703703703703704	0.777777777777778	0.714285714285714	0.470588235294118
990619	0.25531914893617	0.333333333333333	0.375	0.272727272727273	0.333333333333333
4159237	0.658536585365854	0.5	0.466666666666667	0.533333333333333	0.590909090909091
4231957	0.354166666666667	0.272727272727273	0.142857142857143	0.25	0.19047619047619
2734255	0.274509803921569	0	0.214285714285714	0.272727272727273	0.1875
5083893	0.384615384615385	0.291666666666667	0.538461538461538	0.0909090909090909	0.2
6836936	0.113636363636364	0.0526315789473684	0	0	0.222222222222222
649359	0.733333333333333	0.85	0.75	0.866666666666667	0.866666666666667
3703576	0.796296296296296	0.857142857142857	0.6	0.722222222222222	0.869565217391304
674362	0.222222222222222	0.214285714285714	0	0.1	0.0476190476190476
3501222	0.256410256410256	0.037037037037037	0.0625	0.0909090909090909	0.217391304347826
1347490	0.189189189189189	0.103448275862069	0.230769230769231	0.294117647058824	0.269230769230769
233162	0.777777777777778	0.88	0.727272727272727	0.933333333333333	0.875
3436563	0.804878048780488	0.875	1	0.888888888888889	0.625
2518795	0.833333333333333	0.9375	0.866666666666667	1	0.941176470588235
5336813	0.283018867924528	0.115384615384615	0.0526315789473684	0.142857142857143	0.0588235294117647
1240568	0.196428571428571	0.36	0.210526315789474	0.2	0.0454545454545455
1078297	0.66	0.655172413793103	0.6875	0.4375	0.611111111111111
4307648	0.181818181818182	0.269230769230769	0.111111111111111	0.333333333333333	0.05
5244810	0.448979591836735	0.571428571428571	0.5625	0.611111111111111	0.545454545454545
3621399	0.215686274509804	0.153846153846154	0.4	0.0588235294117647	0.142857142857143
6590447	0.578947368421053	0.368421052631579	0.5	0.4375	0.714285714285714
3430267	0.30952380952381	0.32	0.214285714285714	0	0.25
3046141	0.3125	0.411764705882353	0.142857142857143	0.0769230769230769	0.181818181818182
5531473	0.745098039215686	0.8	1	0.705882352941177	0.941176470588235
3178725_1	0.588235294117647	0.631578947368421	0.555555555555556	0.2	0.764705882352941
3178725_2	0.588235294117647	0.631578947368421	0.555555555555556	0.2	0.764705882352941
3040584	0.444444444444444	0.45	0.277777777777778	0.176470588235294	0.37037037037037
17614	0.203703703703704	0.4	0.285714285714286	0.142857142857143	0.416666666666667
531211	0.425531914893617	0.419354838709677	0.666666666666667	0.6875	0.409090909090909
1749167	0.222222222222222	0.321428571428571	0.153846153846154	0.0714285714285714	0.15
6455412	0.275	0.125	0.1875	0.307692307692308	0.238095238095238
2986971	0.365384615384615	0.24	0.125	0.285714285714286	0.333333333333333
2874582	0.714285714285714	0.80952380952381	0.888888888888889	0.923076923076923	0.9375
6742442	0.615384615384615	0.833333333333333	0.636363636363636	0.705882352941177	0.857142857142857
1553204	0.0980392156862745	0.310344827586207	0.230769230769231	0.272727272727273	0.318181818181818
952863	0.479166666666667	0.333333333333333	0.277777777777778	0.25	0.318181818181818
3189370	0.730769230769231	0.791666666666667	0.75	0.8	0.684210526315789
1907284	0.87719298245614	1	0.9375	0.9375	0.95
3187856	0.479166666666667	0.482758620689655	0.454545454545455	0.5	0.652173913043478
6762596_1	0.690909090909091	0.75	0.5625	0.727272727272727	0.833333333333333
6762596_2	0.690909090909091	0.75	0.5625	0.727272727272727	0.833333333333333
1946720	0.512820512820513	0.260869565217391	0.411764705882353	0.352941176470588	0.409090909090909
4882610	0.575	0.48	0.823529411764706	0.7	0.666666666666667
1852591	0.534883720930233	0.652173913043478	0.529411764705882	0.785714285714286	0.576923076923077
3205951_1	0.796296296296296	0.633333333333333	0.8	0.888888888888889	0.962962962962963
3205951_2	0.796296296296296	0.633333333333333	0.8	0.888888888888889	0.962962962962963
4850655	0.622222222222222	0.666666666666667	0.454545454545455	0.631578947368421	0.368421052631579
3342326	0.297297297297297	0.208333333333333	0.3	0.1	0.117647058823529
171460	0.403508771929825	0.34375	0.428571428571429	0.642857142857143	0.269230769230769
3325621	0.434782608695652	0.48	0.2	0.428571428571429	0.35
123756	0.692307692307692	0.724137931034483	0.727272727272727	0.733333333333333	0.464285714285714
4027682	0.469387755102041	0.65	0.421052631578947	0.764705882352941	0.6
2658380	0.296296296296296	0.307692307692308	0.294117647058824	0.555555555555556	0.36
5813384	0.478260869565217	0.592592592592593	0.333333333333333	0.666666666666667	0.421052631578947
4246092	0.326086956521739	0.285714285714286	0.428571428571429	0.166666666666667	0.210526315789474
6021336	0.333333333333333	0.318181818181818	0.25	0.538461538461538	0.4
2599892	0.127272727272727	0	0	0.0714285714285714	0
2770012	0.702702702702703	0.518518518518518	0.4	0.533333333333333	0.789473684210526
5760888_1	0.642857142857143	0.714285714285714	0.833333333333333	0.928571428571429	0.722222222222222
5760888_2	0.642857142857143	0.714285714285714	0.833333333333333	0.928571428571429	0.722222222222222
6044053	0.320754716981132	0.375	0.25	0.4375	0.461538461538462
6215067	0.482758620689655	0.5	0.538461538461538	0.533333333333333	0.631578947368421
135959	0.796296296296296	0.793103448275862	0.952380952380952	0.909090909090909	0.615384615384615
2663399	0.525	0.65	0.571428571428571	0.384615384615385	0.473684210526316
1289098	0.414634146341463	0.380952380952381	0.294117647058824	0.4	0.142857142857143
1901525	0.276595744680851	0.166666666666667	0.111111111111111	0.1875	0.117647058823529
881746	0.268292682926829	0.25	0.277777777777778	0	0.1
3366039	0.254545454545455	0.0833333333333333	0.142857142857143	0.0769230769230769	0.037037037037037
5577139	0.627906976744186	0.666666666666667	0.882352941176471	0.75	0.842105263157895
5824772	0.315789473684211	0.375	0.25	0.666666666666667	0.25
741117	0.18	0.4	0.35	0.5	0.318181818181818
5826987	0.34	0.227272727272727	0.1875	0.125	0.333333333333333
4316081	0.745454545454545	0.807692307692308	0.5625	0.6875	0.80952380952381
852029	0.571428571428571	0.333333333333333	0.5	0.333333333333333	0.380952380952381
1226419	0.108695652173913	0.08	0	0	0.0740740740740741
1848965	0.204545454545455	0.1	0	0	0.0869565217391304
6011647	0.42	0.392857142857143	0.25	0.4	0.678571428571429
5564361	0.30952380952381	0.08	0.222222222222222	0.142857142857143	0.210526315789474
1487561	0.675675675675676	0.851851851851852	0.857142857142857	0.9	0.678571428571429
5276631	0.526315789473684	0.620689655172414	0.666666666666667	0.615384615384615	0.631578947368421
1872313	0.274509803921569	0.413793103448276	0.357142857142857	0	0.222222222222222
1697911	0.266666666666667	0.333333333333333	0.333333333333333	0.454545454545455	0.464285714285714
3952100	0.207547169811321	0.192307692307692	0.307692307692308	0.25	0.285714285714286
612739	0.534883720930233	0.695652173913043	0.714285714285714	0.777777777777778	0.5
261702	0.69811320754717	0.586206896551724	0.818181818181818	0.538461538461538	0.722222222222222
1451967	0.777777777777778	0.833333333333333	0.842105263157895	0.909090909090909	0.888888888888889
2369534	0.365384615384615	0.48	0.388888888888889	0.416666666666667	0.535714285714286
1725990_1	0.372549019607843	0.384615384615385	0.428571428571429	0.461538461538462	0.181818181818182
1725990_2	0.372549019607843	0.384615384615385	0.428571428571429	0.461538461538462	0.181818181818182
245632	0.274509803921569	0.260869565217391	0.0555555555555556	0.0769230769230769	0.277777777777778
6987026	0.8	0.962962962962963	0.909090909090909	0.888888888888889	0.818181818181818
2123357	0.73469387755102	0.904761904761905	0.736842105263158	0.75	0.666666666666667
4629582	0.25	0.25	0.333333333333333	0.307692307692308	0.35
4342342	0.268292682926829	0.1	0.0714285714285714	0.157894736842105	0.125
3904869_1	0.204081632653061	0.137931034482759	0	0.0714285714285714	0.0384615384615385
3904869_2	0.204081632653061	0.137931034482759	0	0.0714285714285714	0.0384615384615385
908250	0.824561403508772	0.64	0.894736842105263	1	0.814814814814815
4881396	0.209302325581395	0.142857142857143	0.0526315789473684	0.1	0.0869565217391304
2630981	0.522727272727273	0.483870967741935	0.5	0.166666666666667	0.5
2344036	0.622222222222222	0.615384615384615	0.571428571428571	0.8	0.652173913043478
1210965	0.741379310344828	0.793103448275862	0.772727272727273	0.5	0.666666666666667
775302	0.238095238095238	0.375	0.153846153846154	0.25	0.3125
995203	0.566037735849057	0.548387096774194	0.65	0.642857142857143	0.722222222222222
1909100	0.716981132075472	0.633333333333333	0.8	0.533333333333333	0.535714285714286
482114	0.641509433962264	0.619047619047619	0.545454545454545	0.875	0.789473684210526
6276039	0.148936170212766	0.347826086956522	0.1	0.266666666666667	0.285714285714286
6151519	0.714285714285714	0.708333333333333	0.5	0.583333333333333	0.590909090909091
6354008_1	0.462962962962963	0.347826086956522	0.428571428571429	0.6875	0.5
6354008_2	0.462962962962963	0.347826086956522	0.428571428571429	0.6875	0.5
107705	0.701754385964912	0.730769230769231	0.714285714285714	0.916666666666667	0.826086956521739
4397131	0.245614035087719	0.208333333333333	0.125	0.105263157894737	0.4
597291	0.636363636363636	0.740740740740741	0.571428571428571	0.538461538461538	0.739130434782609
5521890	0.411764705882353	0.545454545454545	0.384615384615385	0.5	0.4
1977652	0.176470588235294	0.148148148148148	0.117647058823529	0.133333333333333	0.115384615384615
4106674	0.520833333333333	0.35	0.529411764705882	0.357142857142857	0.5
3320274	0.736842105263158	0.818181818181818	0.8	0.785714285714286	0.85
1225486	0.571428571428571	0.523809523809524	0.466666666666667	0.25	0.5625
4213093	0.865384615384615	0.952380952380952	1	0.928571428571429	0.823529411764706
6640876	0.333333333333333	0.333333333333333	0.368421052631579	0.2	0.238095238095238
3198942	0.307692307692308	0.291666666666667	0.3	0.357142857142857	0.142857142857143
5708768	0.475	0.315789473684211	0.4	0.5	0.56
1170946	0.863636363636364	0.785714285714286	1	0.846153846153846	0.944444444444444
6756202	0.657894736842105	0.666666666666667	0.6875	0.75	0.789473684210526
321359	0.591836734693878	0.620689655172414	0.764705882352941	0.526315789473684	0.6875
3418874	0.283018867924528	0.333333333333333	0.384615384615385	0	0.368421052631579
1051434	0.902439024390244	0.75	0.888888888888889	0.928571428571429	1
4819839	0.755555555555556	0.68	0.722222222222222	0.923076923076923	0.714285714285714
3736602	0.245614035087719	0.333333333333333	0.263157894736842	0.307692307692308	0.25
6384049	0.26	0.263157894736842	0.5	0.2	0.217391304347826
5556038	0.75	0.782608695652174	0.923076923076923	0.785714285714286	0.65
2497921_1	0.41025641025641	0.310344827586207	0.214285714285714	0.25	0.15
2497921_2	0.41025641025641	0.310344827586207	0.214285714285714	0.25	0.15
2497921_3	0.41025641025641	0.310344827586207	0.214285714285714	0.25	0.15
3938367	0.264705882352941	0.105263157894737	0.0769230769230769	0.0769230769230769	0.0833333333333333
5930622	0.395348837209302	0.36	0.333333333333333	0.272727272727273	0.4
6205214	0.795454545454545	0.75	0.8125	0.692307692307692	0.866666666666667
1336253	0.333333333333333	0.222222222222222	0.266666666666667	0.3125	0.0714285714285714
1521535	0.294117647058824	0.12	0.25	0.363636363636364	0.157894736842105
1326726	0.227272727272727	0.137931034482759	0.230769230769231	0.333333333333333	0.263157894736842
5459499	0.384615384615385	0.590909090909091	0.5	0.363636363636364	0.421052631578947
6892191	0.184210526315789	0.0952380952380952	0.0909090909090909	0.263157894736842	0.05
4301705	0.767441860465116	0.8125	0.75	0.8	0.578947368421053
6488065	0.565217391304348	0.478260869565217	0.8	0.692307692307692	0.473684210526316
3812472	0.4	0.391304347826087	0.473684210526316	0.315789473684211	0.28
266382	0.80952380952381	0.935483870967742	0.777777777777778	1	0.95
382658	0.19047619047619	0.214285714285714	0.4375	0.125	0.208333333333333
4059400	0.173913043478261	0.16	0	0.230769230769231	0.0833333333333333
813166	0.621621621621622	0.769230769230769	0.5	0.684210526315789	0.5625
2176438	0.12	0.157894736842105	0	0	0.133333333333333
1749628	0.711538461538462	0.863636363636364	0.818181818181818	0.888888888888889	0.947368421052632
5012668	0.260869565217391	0.166666666666667	0.25	0.142857142857143	0.117647058823529
2961338	0.30952380952381	0.166666666666667	0.277777777777778	0.266666666666667	0.28
1136759	0.5	0.461538461538462	0.222222222222222	0.384615384615385	0.294117647058824
322663	0.439024390243902	0.44	0.416666666666667	0.4	0.454545454545455
6860894	0.702702702702703	0.684210526315789	0.692307692307692	0.5	0.5625
5691832	0.702127659574468	0.785714285714286	1	0.9	0.846153846153846
6723349	0.543478260869565	0.72	0.411764705882353	0.588235294117647	0.571428571428571
2139542	0.354166666666667	0.37037037037037	0.545454545454545	0.571428571428571	0.428571428571429
1846264	0.804347826086957	0.88	0.785714285714286	0.928571428571429	0.875
5630546	0.305555555555556	0.368421052631579	0.3	0.5	0.260869565217391
2916085	0.702127659574468	0.85	0.6	0.75	0.80952380952381
2199401	0.452830188679245	0.433333333333333	0.5	0.5	0.291666666666667
3163439	0.394736842105263	0.238095238095238	0.176470588235294	0.375	0.28
5732245	0.209302325581395	0.15	0.307692307692308	0.166666666666667	0.1875
6721359	0.568181818181818	0.566666666666667	0.421052631578947	0.705882352941177	0.529411764705882
4105295	0.543478260869565	0.388888888888889	0.615384615384615	0.444444444444444	0.541666666666667
1086564_1	0.729166666666667	0.761904761904762	0.714285714285714	1	0.807692307692308
1086564_2	0.729166666666667	0.761904761904762	0.714285714285714	1	0.807692307692308
2116116_1	0.681818181818182	0.851851851851852	0.772727272727273	0.631578947368421	0.727272727272727
2116116_2	0.681818181818182	0.851851851851852	0.772727272727273	0.631578947368421	0.727272727272727
1704894	0.659574468085106	0.642857142857143	0.7	0.727272727272727	0.761904761904762
3011245	0.413793103448276	0.357142857142857	0.368421052631579	0.153846153846154	0.434782608695652
1709310	0.222222222222222	0.275862068965517	0.230769230769231	0.235294117647059	0.178571428571429
1253325	0.815789473684211	0.875	0.714285714285714	1	0.80952380952381
4599606	0.604166666666667	0.652173913043478	0.5	0.411764705882353	0.666666666666667
1283015	0.545454545454545	0.48	0.666666666666667	0.222222222222222	0.5
3422296	0.739130434782609	0.739130434782609	0.583333333333333	0.769230769230769	0.6875
3589363	0.511111111111111	0.45	0.6	0.6	0.615384615384615
6057896	0.578947368421053	0.55	0.769230769230769	0.75	0.6875
6718383	0.159090909090909	0.225806451612903	0.25	0.153846153846154	0.368421052631579
4371371	0.648148148148148	0.724137931034483	0.6875	0.666666666666667	0.733333333333333
5642653	0.772727272727273	0.761904761904762	0.666666666666667	0.909090909090909	0.842105263157895
3081992	0.25531914893617	0.178571428571429	0.166666666666667	0.176470588235294	0.263157894736842
2893583_1	0.666666666666667	0.67741935483871	0.714285714285714	0.583333333333333	0.740740740740741
2893583_2	0.666666666666667	0.67741935483871	0.714285714285714	0.583333333333333	0.740740740740741
7022561	0.8	0.941176470588235	0.8125	0.75	0.761904761904762
684656	0.660714285714286	0.678571428571429	0.642857142857143	0.916666666666667	0.736842105263158
6533983	0.68	0.769230769230769	0.666666666666667	0.636363636363636	0.733333333333333
6868376	0.307692307692308	0.36	0.25	0.388888888888889	0.238095238095238
6278355	0.826086956521739	0.764705882352941	0.928571428571429	0.882352941176471	0.91304347826087
2399981	0.810810810810811	0.666666666666667	0.736842105263158	0.875	0.894736842105263
723555	0.37037037037037	0.375	0.235294117647059	0.4	0.481481481481481
2176646	0.282051282051282	0.315789473684211	0.428571428571429	0.357142857142857	0.210526315789474
6517743	0.204081632653061	0.217391304347826	0.111111111111111	0.307692307692308	0.133333333333333
1947901	0.666666666666667	0.692307692307692	0.666666666666667	0.538461538461538	0.80952380952381
2586454	0.791666666666667	0.741935483870968	0.857142857142857	0.714285714285714	0.928571428571429
3044419	0.560975609756098	0.625	0.736842105263158	0.5	0.48
4084663	0.694444444444444	0.703703703703704	0.75	0.666666666666667	0.653846153846154
3688647	0.318181818181818	0.178571428571429	0.222222222222222	0.2	0.142857142857143
5051420	0.391304347826087	0.433333333333333	0.45	0.428571428571429	0.576923076923077
4078373	0.75609756097561	0.758620689655172	0.666666666666667	0.8	0.947368421052632
4280831	0.816326530612245	0.814814814814815	0.647058823529412	0.736842105263158	0.75
5178087	0.641509433962264	0.5	0.666666666666667	0.666666666666667	0.692307692307692
1664930	0.558139534883721	0.458333333333333	0.461538461538462	0.647058823529412	0.636363636363636
322287	0.723404255319149	0.607142857142857	0.666666666666667	0.588235294117647	0.6
4512812	0.657142857142857	0.7	0.6	0.733333333333333	0.6
3388782	0.113207547169811	0.137931034482759	0.15	0.133333333333333	0
3103307	0.813953488372093	0.7	0.916666666666667	0.8125	0.8
1352844	0.276595744680851	0.217391304347826	0.25	0.125	0.222222222222222
82302	0.686274509803922	0.769230769230769	0.8125	0.722222222222222	0.933333333333333
7093174	0.745454545454545	0.75	0.692307692307692	0.909090909090909	0.761904761904762
6959564	0.837209302325581	0.758620689655172	0.7	0.777777777777778	0.777777777777778
2392911	0.192982456140351	0.172413793103448	0	0.0909090909090909	0.181818181818182
2463180_1	0.357142857142857	0.275862068965517	0.157894736842105	0.357142857142857	0.357142857142857
2463180_2	0.357142857142857	0.275862068965517	0.157894736842105	0.357142857142857	0.357142857142857
4118537	0.725	0.703703703703704	0.647058823529412	0.866666666666667	0.8125
3769931	0.176470588235294	0.222222222222222	0.125	0.166666666666667	0.0869565217391304
4388865	0.289473684210526	0.448275862068966	0.333333333333333	0.25	0.444444444444444
6999900	0.76	0.633333333333333	0.789473684210526	0.733333333333333	0.714285714285714
1066327	0.291666666666667	0.192307692307692	0.15	0.210526315789474	0.318181818181818
6685956	0.188679245283019	0.0967741935483871	0.0625	0.0833333333333333	0.166666666666667
655835	0.224489795918367	0.166666666666667	0.1	0.111111111111111	0.12
2337264_1	0.673913043478261	0.655172413793103	0.6	0.5	0.6875
2337264_2	0.673913043478261	0.655172413793103	0.6	0.5	0.6875
2012128	0.72972972972973	0.666666666666667	0.714285714285714	0.526315789473684	0.761904761904762
5816187	0.211538461538462	0.153846153846154	0.277777777777778	0.117647058823529	0.25
1585435	0.625	0.7	0.647058823529412	0.75	0.833333333333333
1544511	0.781818181818182	0.84	0.863636363636364	0.894736842105263	0.807692307692308
4830415_1	0.673076923076923	0.736842105263158	0.75	0.833333333333333	0.708333333333333
4830415_2	0.673076923076923	0.736842105263158	0.75	0.833333333333333	0.708333333333333
3820260	0.63265306122449	0.6875	0.611111111111111	0.714285714285714	0.529411764705882
3804979	0.795918367346939	0.857142857142857	0.833333333333333	0.916666666666667	0.875
2778733_1	0.714285714285714	0.72	0.777777777777778	0.7	0.678571428571429
2778733_2	0.714285714285714	0.72	0.777777777777778	0.7	0.678571428571429
4616915	0.825	0.8	0.875	0.888888888888889	0.9375
5915029	0.289473684210526	0.285714285714286	0.388888888888889	0.388888888888889	0.260869565217391
748275	0.933333333333333	0.962962962962963	1	0.928571428571429	1
4932112	0.333333333333333	0.391304347826087	0.176470588235294	0.2	0.294117647058824
7028118	0.16	0.142857142857143	0.136363636363636	0.25	0.08
3376409	0.777777777777778	0.826086956521739	0.823529411764706	0.722222222222222	0.764705882352941
