0.714285714285714
0.0239998539932838
0.611079383209595
0.59556471120683
0.59556471120683
0.0482134265355447
0.253238040398155
0.263992505204598
0.109189143493655
0.324463383500126
0.0988311088852933
0.292171328504384
0.219267569641536
0.0286355921081093
0.0452706276616283
0.0112466438041165
0.323837783130302
0.312995080607459
0.273315577456563
0.354017839280972
0.239757041922647
0.108643708431722
0.306598166868363
0.306598166868363
0.319148936170213
0.317934955792606
0.209120297422948
0.209120297422948
0.318353313142287
0.212721478368556
0.145027240713321
0.205162139126095
0.139569709564362
0.180218364281164
0.0845903296358834
0.19209928426095
0.236355733248602
0.0476742532720495
0.0705377223471681
0.178871604895611
0.149860953754249
0.32667511638109
0.249334654335913
0.347745879059923
0.309265687206448
0.288793883792208
0.189610278329322
0.294247709076156
0.267363811090339
0.00707439813412172
0.229424922022156
0.115411625766155
0.201876984922793
0.201876984922793
0.309734513274337
0.206144311713044
0.184964451709081
0.107121933252586
0.107121933252586
0.065814943968758
0.26586722692595
0.210925176042022
0.210925176042022
0.0802608450401517
0.272158767243018
0.269612479350307
0.16504854368932
0.0806711834644754
0.0806711834644754
0.267346287100609
0.247140834939364
0.176871752940936
0.256783613873842
0.256783613873842
0.369939919881115
0.208631080378148
0.0769689076141483
0.184310666606492
0.277573567468628
0.277573567468628
0.178918063270409
0.0781594266969048
0.130904483540382
0.121559865416302
0.0371136413621821
0.179751213695115
0.0188205787241049
0.20889912056651
0.041624742059193
0.227698761961962
0.266953747670538
0.275217210766419
0.262538260878604
0.108134866327815
0.188295881718674
0.188295881718674
0.224725295419573
0.208578737189619
0.00574268722333665
0.136412960351361
0.0495023909457366
0.0388793932127799
0.295169564345462
0.17220874207612
0.198071821868812
0.131845264002946
0.0759502956101475
0.20490955211481
0.0887875005940208
0.0945142113859162
0.293580331078055
0.293580331078055
0.143138471137391
0.216973888253977
0.206164490453175
0.251156991077212
0.163184777017287
0.112587998692783
0.112587998692783
0.140473639637824
0.150276678169046
0.168647829790639
0.149160543492959
0.191766322109838
0.116788076160239
0.11616411252817
0.143578307553596
0.241935483870968
0.115971005923416
0.167960781060808
0.149242065812339
0.102379016287651
0.145250831419589
0.0138005987265155
0.231102834110018
0.053543072995557
0.176360759490771
0.176360759490771
0.176360759490771
0.301012210796915
0.126052616546146
0.110795153947601
0.138776749651967
0.216981017826463
0.169844459595778
0.167259706770928
0.148471034852956
0.23187174377879
0.110306652076902
0.188332480458749
0.202769149821527
0.110819039412599
0.115592180302302
0.0920458188050669
0.00613749158196789
0.0335314467069776
0.0542049328329729
0.161611454364081
0.0303665666852401
0.0516829518233663
0.077861864071294
0.180466705490456
0.226102538149724
0.115925483380068
0.035375927861872
0.0830633135359448
0.189938669333308
0.0593248104079101
0.14784493881852
0.0851006412135937
0.171826045819506
0.0265874585313508
0.108269267814348
0.129481234883232
0.132792699517972
0.102916320984924
0.166633051748159
0.0880245886367615
0.210491492928923
0.0860882254644093
0.0815889016279403
0.11238002005606
0.102845950282766
0.167326068547212
0.0343626541823126
0.122064480758707
0.194157926670711
0.16978505949983
0.170512668277312
0.229849479271516
0.151439482961222
0.052709850978459
0.052709850978459
0.052709850978459
0.0741869797862486
0.144847982856425
0.146449168402689
0.115387173008569
0.0552186318388352
0.0848086120196315
0.110556198826987
0.110556198826987
0.0655927069461481
0.110310962800308
0.0824210103747273
0.191361172922672
0.243341121966651
0.101185412680113
0.14182325386451
0.13790695843994
0.0649025675054921
0.233644750314647
0.0905318329892566
0.136343526121278
0.247316937943052
0.0760094047952612
0.12845297079127
0.0636733232663882
0.182624140486304
0.0871111251683501
0.0459766238247313
0.211563994112603
0.0814625911159858
0.0216087788795499
0.178485654509985
0.0478052602730838
0.172413793103449
0.248346278491799
0.104101232925363
0.187014317838946
0.0335844952267876
0.0874298698709242
0.0359393093078164
0.0903723133426271
0.0585341147189955
0.146059640584809
0.140832492109893
0.120434197431782
0.120434197431782
0.131713491292833
0.0646238270048621
0.119665596717185
0.0550291562694024
0.125341183887779
0.0347957546396917
0.0846393460565322
0.192046491923367
0.123019115893231
0.123019115893231
0.221074536551881
0.0680645469638852
0.0809480501992371
0.0251746983636978
0.108090209212848
0.178916567175005
0.17464699917342
0.139885283027876
0.181509489054362
0.179828034124128
0.102666672707983
0.109844410108653
0.0513140513478352
0.218886944461155
0.218886944461155
0.156420949684492
0.0923280447196565
0.0577504543895714
0.0577504543895714
0.0632196268455231
0.103595782289196
0.0904394879936794
0.174402130344596
0.1599236716813
0.0997072082187555
0.0662383630102773
0.0475943977483075
0.0943364424500222
0.0283456172432429
0.0656931139609254
0.0886035709755515
0.0886035709755515
0.115382577885309
0.142385319077372
0.16890220156761
0.0604891785124476
0.107375007144941
0.14503855334203
0.14503855334203
0.0409030232258854
0.137379107654656
0.0757481658165834
0.0757481658165834
0.0641579220416508
0.0530655053508875
0.125632239006151
0.151184827482015
0.16155629138162
0.0833017048445841
0.130534663037301
0.117291532068499
0.0446133976288821
0.163772186939978
0.0167982995824006
0.0272583754053135
0.105656287956512
0.0604526356148506
0.150880556726971
0.247462225609135
0.0975473305295061
0.122448179854135
0.185301690205687
0.0785344537295768
0.0511594628074305
0.0511594628074305
0.0879003646874999
0.133720826174112
0.0495503482903563
0.140227630024667
0.202778127056515
0.10925544524571
0.0849846401292699
0.204570863217084
0.155925326631145
0.0974585949939915
0.13453079200023
0.13453079200023
0.0867756499026132
0.108746054918672
0.0171382598637167
0.118262418651836
0.047992657242559
0.0630738104384767
0.133444353327382
0.105920920468158
0.148765304436107
0.0999859362453048
0.0830987322136858
0.0789935095475735
0.0780408156932974
0.0673221200277257
0.152834325961429
0.0613370933657089
0.0225319550914442
0.1272609891558
0.124233917789432
0.117736500593101
0.0950289724784503
0.0498698322508402
0.0744936802892619
0.116980325664174
0.0558512619172214
0.0638312951643072
0.0845726967593876
0.160574035303477
0.100837362876563
0.109869472117148
0.109869472117148
0.0831555645737638
0.1257160340919
0.164339165505343
0.0425473136062429
0.0732976500948775
0.0366012812569385
0.0925053997183942
0.136843931977196
0.175047740529476
0.0459215081308485
0.185641229885248
0.0260115466471308
0.148710555906902
0.017508337651349
0.124947549999169
0.0710575835850727
0.0710575835850727
0.0710575835850727
0.0976066291289957
0.120158670043986
0.108967342951569
0.0533792077601999
0.145525888197572
0.062935314859004
0.15081775760858
0.100570848394865
0.107447130322927
0.17200060943853
0.0715328609960134
0.0715328609960134
0.0715328609960134
0.0368206457318269
0.0331282400619427
0.0089733128265238
0.0861608120547968
0.0519834091350638
0.101105549185234
0.127120717662915
0.0945658437059694
0.144617507886436
0.112099634028981
0.0495551940122469
0.0919617410209541
0.161387691832417
0.182522170078859
0.097055807150083
0.129301158446817
0.0651602670983995
0.104568688268705
0.0865717445902475
0.0919887862081344
0.0793039227837098
0.081600858835274
0.0747792759149249
0.148969084930432
0.0745737509646179
0.112323822005678
0.0600331417375365
0.025180677369826
0.128335722235765
0.0518486571377383
0.0734719915667069
0.0754635957871724
0.141863403054899
0.0368112813139756
0.0686834195440489
0.0647423798377728
0.171065717297227
0.114211886304909
0.095811942423723
0.095811942423723
0.0332740287821745
0.0623020732559205
0.124678737099864
0.129015457927588
0.0364216062458715
0.0676929505336727
0.0676929505336727
0.0939449162214929
0.0960795135881254
0.113123970284426
0.00627144503702122
0.0996550945411916
0.0934528466538277
0.0413486321378762
0.0801116932622319
0.109590296398088
0.00400849276326024
0.0233324628865907
0.0770638811555347
0.161599636512474
0.103881759209529
0.0454476184669384
0.0362499867060895
0.0987591138279529
0.109849666967971
0.0502621284777134
0.0421513305673183
0.144730312091634
0.0120093814197464
0.0729205906830159
0.0588944413439213
0.0588944413439213
0.0370723056038148
0.0407806058378626
0.0713717418433718
0.10868280275928
0.0468875544466529
0.121202302981849
0.0715773269763399
0.143266454091566
0.131672655918861
0.0518914625795147
0.202965706650834
0.0752235562224871
0.0939008827731175
0.0624847229909507
0.0582323761315236
0.0931338234029726
0.0127558535114526
0.0479190263661557
0.0543504621271322
0.0335262149094473
0.0218102195124639
0.151499180214419
0.0276773130390538
0.157221082439729
0.120439669259079
0.0394566660634384
0.067530541371694
0.0830625574685622
0.0181884440591138
0.0659277190674765
0.141201771388956
0.0846863636419403
0.0578507899417206
0.114084137137441
0.135713157562255
0.0487642803106446
0.0491714516655269
0.0931150363742754
0.0931150363742754
0.0931150363742754
0.0435849475723679
0.0904516748407585
0.0732250573925389
0.0732250573925389
0.0823530922229118
0.130215833755896
0.0925327037925709
0.0665228455175674
0.074646700369133
0.105707014421397
0.0522857730978189
0.0921691297312563
0.0601403126714166
0.0436224897067844
0.101130913025726
0.0476229345871005
0.0432113685291362
0.059700334439296
0.0835905723127548
0.0508324648385374
0.094095440057031
0.0611252589242035
0.0408158608453229
0.0480678268498859
0.0272839254928763
0.0443326798895917
0.0385833298709201
0.144839912776701
0.144839912776701
0.0804199309118433
0.137727180969064
0.0779594602708761
0.0645303776112423
0.0733520808043944
0.0837463042443028
0.126937212626136
0.024490467314274
0.048846936671751
0.0970102511800357
0.0924531230243178
0.0963806900528361
0.0945016583654403
0.0457307359254882
0.0457307359254882
0.0795240425444225
0.0637375889846384
0.0635397456856428
0.12019921242362
0.0400474047382153
0.0201681416528132
0.0818298450294684
0.0292377569064324
0.052051561090767
0.024194346280143
0.0121846293950039
0.0646110317671282
0.132252010948327
0.125864666665001
0.0385568234080699
0.0593922001353737
0.0593922001353737
0.0968641084271588
0.158721181843064
0.0783754457451232
0.0957156142994915
0.0876894224107784
0.0482206930446175
0.00693301948949491
0.0395115863736102
0.0860346552737324
0.0583663361691867
0.0634833566326332
0.0162132811199137
0.0340802116309644
0.0303235682020013
0.0494116074264602
0.0313823486306267
0.11255984568657
0.0861086608175134
0.0943697261503086
0.0352070994093609
0.137457864920468
0.0214234235495614
0.032770987226179
0.0886227925566089
0.035552930610189
0.167590272331555
0.015069725840695
0.0425532167532227
0.0529750914501511
0.0828303436343132
0.0727143393467566
0.0271027033608299
0.038228093512794
0.0311069618426705
0.0919821341693151
0.0459345330878547
0.023189826932741
0.0386507482395039
0.0398942102270114
0.0950373084390584
0.0287765746501181
0.0972879389444451
0.114962886008697
0.0338222529390022
0.0426505784769703
0.0720679122915541
0.0597854462692844
0.0179941672421989
0.0390805659742145
0.0312818852371568
0.049462588431223
0.0649797918658118
0.0768440338861335
0.026210509787542
0.112054481555082
0.118713595536242
0.0481457624664092
0.037887332713549
0.188760578952969
0.011507647997886
0.067249509035151
0.0150985845730657
0.0131099757092647
0.10537987210408
0.070915822276554
0.0624194018513283
0.116886846865349
0.177517396026064
0.0711466282655202
0.0245378306924173
0.0828196675321807
0.0156236319640745
0.0315090224444507
0.0520018840837978
0.0810823829274417
0.111747501678165
0.0118870310016655
0.110607972477723
0.111259548976826
0.0344193449327658
0.0344193449327658
0.102435420663045
0.0970685721623498
0.0746665964095812
0.0102093202815119
0.0729675927245346
0.0951157914094966
0.0415669320263018
0.100513672754112
0.100513672754112
0.100513672754112
0.0857271577973232
0.0987724056036072
0.0832775633003434
0.070368066260975
0.12958479060174
0.0765765576830316
0.0111608564670983
0.0234089574836238
0.0355303648677084
0.0823936191750523
0.139944412741613
0.121687797368728
0.028725117096019
0.069499860420162
0.0952918411840088
0.0831216936463799
0.0331133597469765
0.0519342295819011
0.141715510921655
0.0564358787205249
0.076748183910089
0.0767527629690997
0.0423639483474442
0.0859334967356799
0.0146884008890424
0.104475094746167
0.0715165140313609
0.0985042105548631
0.104711536037055
0.118884357942728
0.178371755042825
0.178371755042825
0.0603617731703824
0.0695548835396546
0.0810602716540844
0.0584716614722383
0.0298116632391488
0.0447622591332107
0.0693471935989071
0.0625126411361973
0.0433839152237118
0.0355415513490357
0.0119429185944014
0.0341712835901187
0.0250307622685697
0.0478603313938715
0.0478603313938715
0.0357142064951611
0.0739841678903207
0.0483078283245434
0.101565701656812
0.101565701656812
0.0682028228899311
0.0556144843862968
0.0807201176063245
0.0516954734356956
0.0597953536771491
0.0789846720829634
0.0533612006201144
0.0708218606088799
0.051492577693201
0.0512617567735693
0.0878118806805021
0.100061756184119
0.0711819313936377
0.0711819313936377
0.0319766040484236
0.0133456065450359
0.112572062733331
0.0401099613823944
0.0578760690372632
0.0313843154925372
0.103763591227072
0.0684738253563568
0.0643641421786642
0.128234703823107
0.0603715510096501
0.0473725491740323
0.0526026050814139
0.0468938620113288
0.0496672249793324
0.0995764925677251
0.0985806296318154
0.048184516137794
0.0697949300827374
0.0113723644202284
0.134894781490402
0.0315200474467118
0.0130141991843673
0.0634460707833558
0.0564998320418217
0.0207330234844268
0.0197602769336695
0.0510301028556846
0.0510301028556846
0.082694097563596
0.0412449385116097
0.0422295066188478
0.0103380916462439
0.046919854696242
0.0803180148846595
0.0803180148846595
0.125703131141742
0.03477502669299
0.0921099451864884
0.0337520603217654
0.0667779114825463
0.0354220341846818
0.0210742602185526
0.0586008269664371
0.0851461137388442
0.0590408956420433
0.0352929936524081
0.0637716371116993
0.0637716371116993
0.0486853392459706
0.0814558766065235
0.038076543031103
0.0200491230388229
0.00531126567562138
0.032743490348612
0.0108722477606557
0.0702086598494988
0.0624150183757568
0.0247707749442375
0.0323280917365547
0.0360960248190799
0.0717270851476761
0.0158119755001438
0.0361723076938356
0.125495866296921
0.0877415335695403
0.0499250685070133
0.00741304503035519
0.0720062413733556
0.0554815947564883
0.0500228331536465
0.0500228331536465
0.0500228331536465
0.0614016698189149
0.0119197176018031
0.0255444811000372
0.0592817359639836
0.0544705916919106
0.0273950591440016
0.0352303906075749
0.0626647912318372
0.0465056986202561
0.0839761933491456
0.0247370679715461
0.0973636569618884
0.0781657883071469
0.0710506093588494
0.0468676711820572
0.0771278081054235
0.0599976985913359
0.0272219503482011
0.0154890289104173
0.056748208958005
0.00189885278060709
0.0359157007143158
0.0982084194576307
0.0494176671131592
0.0401000566220493
0.0277918376283421
0.0388523967595583
0.0497196684454713
0.0298085649656273
0.0408474514051801
0.0236306776052228
0.0421919787905561
0.0321487379989918
0.0849611722729709
0.0849611722729709
0.0365922373168202
0.0365922373168202
0.011227890621692
0.0553009653305844
0.00684404746092949
0.0832692618847559
0.0480174143813323
0.106061486361128
0.0258433513855903
0.0209027712224015
0.0441339627272829
0.0427206962835302
0.00624704895409082
0.0501103338100267
0.013428929011781
0.016372054641359
0.016372054641359
0.0381323793887154
0.0628608853126078
0.0135253621228866
0.0204846346751021
0.038478582772102
0.0562571216368598
0.0336606427278141
0.0306238905252359
0.0384603372897599
0.0423489450362417
0.0486747479961149
0.0445411603402587
0.00657681104054245
0.0260371240978958
0.0202667761260491
0.0625490720425776
0.025976223869856
0.0253500654564461
0.0335139156481886
0.0140396336399505
0.0157415880259121
0.039245232187587
0.0381098664401485
0.0192312671175645
0.0543022302168689
0.0375175786881601
0.0136580491794623
0.0602917709947538
0.0363178328361659
0.0363178328361659
0.0412790453663443
0.020268890254562
0.0355382711706227
0.0175515400986151
0.0276619602833789
0.0286923122479582
0.0214121663809362
0.0249634358345998
0.0249634358345998
0.0392244153184677
0.0272352073129713
0.0341840459075917
0.0146174577552343
0.0185984781065895
0.0185984781065895
0.0224003356902503
0.016524169700273
0.00675537685712931
0.00675537685712931
0.0252022968344062
0.0172205425913344
0.0353847698225775
0.0404443256912838
0.0291203213855006
0.0111109681195338
