TARA_146	TARA_147	TARA_150	TARA_151
5661172	0	0	0	0.954545454545455
3931122	1	1	1	0.21875
5879467	0.944444444444444	1	0.923076923076923	0.206896551724138
2191610_1	0	0	0	0.757575757575758
2191610_2	0	0	0	0.757575757575758
2191610_3	0	0	0	0.757575757575758
3280149	0	0	0.142857142857143	0.782608695652174
1724008	0.0625	0	0.3125	0.105263157894737
4775062	0	0.02	0.05	0.692307692307692
1135284_1	0.866666666666667	0.75	1	0.0909090909090909
1135284_2	0.866666666666667	0.75	1	0.0909090909090909
3975578	0	0.194444444444444	0	0.827586206896552
4172534	1	1	0.818181818181818	0.434782608695652
502731	1	0.857142857142857	0.777777777777778	0.193548387096774
4788093	1	0.975609756097561	1	0.391304347826087
2924646	0.923076923076923	1	0.818181818181818	0.384615384615385
5348030	1	1	0.9	0.321428571428571
1062557	0.117647058823529	0.0769230769230769	0.0769230769230769	0.818181818181818
3123133	1	1	1	0.384615384615385
2230932	0.117647058823529	0.151515151515152	0.642857142857143	0.933333333333333
4405339	0	0	0.117647058823529	0.5
436040	0.1	0.194444444444444	0.166666666666667	0.933333333333333
2811230	1	1	1	0.444444444444444
3591266	1	1	0.95	0.71875
1172017	0.941176470588235	1	0.928571428571429	0.35
944469	0	0	0.0833333333333333	0.620689655172414
2954296_1	1	0.978723404255319	0.75	0.333333333333333
2954296_2	1	0.978723404255319	0.75	0.333333333333333
3023183	1	0.970588235294118	0.625	0.260869565217391
1418473	0.157894736842105	0.169811320754717	0.1875	0.903225806451613
5656127	0.0476190476190476	0.142857142857143	0.0952380952380952	0.846153846153846
1739112	1	0.974358974358974	1	0.392857142857143
3402768	1	1	0.916666666666667	0.6
3670547	0.0769230769230769	0.0285714285714286	0	0.64
1935158	1	0.973684210526316	1	0.411764705882353
915966	0.0588235294117647	0.0303030303030303	0.333333333333333	0.684210526315789
3784468	0	0	0.125	0.666666666666667
5940163	0.176470588235294	0.128205128205128	0.0714285714285714	0.846153846153846
2973417	0	0.228571428571429	0.5	0.833333333333333
2117031	0.882352941176471	0.78125	1	0.466666666666667
2662097	1	0.954545454545455	0.909090909090909	0.619047619047619
5942076	1	1	1	0.5
6235184	0.0625	0.292682926829268	0.0588235294117647	0.869565217391304
2461552_1	1	0.86046511627907	0.928571428571429	0.291666666666667
2461552_2	1	0.86046511627907	0.928571428571429	0.291666666666667
5728624	0.125	0.0526315789473684	0	0.628571428571429
3707930	1	1	0.933333333333333	0.444444444444444
2800176	0	0.125	0.214285714285714	0.72
1100799	0.9375	0.939393939393939	0.846153846153846	0.464285714285714
839955	1	0.941176470588235	1	0.466666666666667
244238	0.9	0.92	0.705882352941177	0.303030303030303
3722234	0.952380952380952	0.959183673469388	0.842105263157895	0.46875
3516103	0.0588235294117647	0.0344827586206897	0.0769230769230769	0.695652173913043
6337151	0.166666666666667	0.325581395348837	0.285714285714286	0.971428571428571
4854082	0.941176470588235	0.970588235294118	0.941176470588235	0.333333333333333
3293949	0	0.0487804878048781	0.0714285714285714	0.551724137931034
2728614	0	0.0285714285714286	0	0.55
6214646	0.95	0.82	0.928571428571429	0.24
2661701	1	0.945945945945946	0.789473684210526	0.409090909090909
3322893	1	1	0.923076923076923	0.428571428571429
6224344	0.6	0.590909090909091	0.85	0.0344827586206897
513571	0.904761904761905	0.757575757575758	1	0.275862068965517
2349530	0.962962962962963	0.973684210526316	0.916666666666667	0.36
6052606	1	1	0.8	0.64
2022456	0.176470588235294	0.0666666666666667	0	0.310344827586207
5966147	1	1	0.941176470588235	0.633333333333333
4539270	0.857142857142857	0.875	0.916666666666667	0.25
3550042	0	0.0238095238095238	0.166666666666667	0.558823529411765
5379056	1	0.954545454545455	1	0.464285714285714
2128141	1	1	1	0.583333333333333
805178	0.266666666666667	0.0952380952380952	0.769230769230769	0
3294095	0	0	0	0.517241379310345
231945	1	0.805555555555556	1	0.380952380952381
1723227	0	0.0256410256410256	0.0526315789473684	0.578947368421053
4834854_1	1	1	0.9375	0.46875
4834854_2	1	1	0.9375	0.46875
1734034	0	0.0810810810810811	0	0.538461538461538
4072790	0	0.0227272727272727	0	0.379310344827586
4407868	0.130434782608696	0.0185185185185185	0.0952380952380952	0.636363636363636
5407986_1	0.947368421052632	0.86046511627907	0.222222222222222	0.464285714285714
5407986_2	0.947368421052632	0.86046511627907	0.222222222222222	0.464285714285714
3168265	0.1875	0.194444444444444	0.0625	0.666666666666667
2807323	0.842105263157895	0.794117647058823	0.5	0.142857142857143
2946587	0.923076923076923	0.838709677419355	1	0.25
2218750	0.8	0.909090909090909	1	0.433333333333333
3732954	0.923076923076923	1	0.933333333333333	0.409090909090909
1720150	0	0.135135135135135	0	0.56
6321224_1	0	0.0454545454545455	0.222222222222222	0.48
6321224_2	0	0.0454545454545455	0.222222222222222	0.48
6321224_3	0	0.0454545454545455	0.222222222222222	0.48
5432278	1	1	0.866666666666667	0.62962962962963
4084812	0.214285714285714	0.294117647058824	0.0833333333333333	0.814814814814815
4418921	0.538461538461538	0.636363636363636	0.8	0
5942489	1	0.977272727272727	0.944444444444444	0.40625
1420740	0.761904761904762	0.405405405405405	0.588235294117647	0.0666666666666667
423100	0.15	0.024390243902439	0.294117647058824	0.517241379310345
1433484	1	1	1	0.703703703703704
6111477	1	1	1	0.541666666666667
4601607	0	0.0769230769230769	0.25	0.565217391304348
3307284	0.666666666666667	0.975609756097561	0.625	0.476190476190476
3995151	1	1	0.785714285714286	0.5
1898516	1	1	0.9375	0.518518518518518
723890	0.32	0.244444444444444	0.15	0.88
4178460	0.777777777777778	0.75	0.736842105263158	0.142857142857143
5881406	0.230769230769231	0.4	0.0833333333333333	0.84
2656215	0.833333333333333	0.882352941176471	0.842105263157895	0.307692307692308
2559083	0.0625	0.194444444444444	0	0
3875950	0.263157894736842	0.157894736842105	0	0.777777777777778
4812838	0.947368421052632	0.95	0.4	0.782608695652174
5317077	0	0	0	0.411764705882353
3504490	0	0	0	0.428571428571429
3960443	0.826086956521739	0.67741935483871	0.75	0.125
5047776	0.952380952380952	0.941176470588235	1	0.470588235294118
1365997	0	0	0.117647058823529	0.393939393939394
3710450_1	1	1	1	0.566666666666667
3710450_2	1	1	1	0.566666666666667
354598	0.0384615384615385	0.108695652173913	0.1875	0.653846153846154
4378875	0.0714285714285714	0.0465116279069767	0.2	0
4235701	0.789473684210526	1	0.894736842105263	0.4
1250462_1	0.375	0.615384615384615	0.294117647058824	0.0294117647058824
1250462_2	0.375	0.615384615384615	0.294117647058824	0.0294117647058824
2796327	0.0555555555555556	0.282051282051282	0.578947368421053	0.869565217391304
2423299	0.764705882352941	0.947368421052632	0.529411764705882	1
2616932	0.95	0.981481481481482	0.923076923076923	0.551724137931034
3167854	0	0	0.222222222222222	0.583333333333333
2743943	0.947368421052632	0.903225806451613	0.823529411764706	0.428571428571429
2752737_1	0.166666666666667	0.275862068965517	0.0714285714285714	0.80952380952381
2752737_2	0.166666666666667	0.275862068965517	0.0714285714285714	0.80952380952381
2752737_3	0.166666666666667	0.275862068965517	0.0714285714285714	0.80952380952381
3314105	1	0.948717948717949	0.857142857142857	0.483870967741935
3313674	0.45	0.775	0.2	0.935483870967742
5965210	0.222222222222222	0.291666666666667	0.157894736842105	0.862068965517241
2668109	0.894736842105263	0.810810810810811	0.75	0.28
5370084	1	1	0.888888888888889	0.482758620689655
2984894	0.08	0.236363636363636	0.2	0.8125
4875223	0.117647058823529	0.116279069767442	0.375	0.736842105263158
3889752	1	0.9	0.666666666666667	0.375
2341101	0.6875	0.843137254901961	0.928571428571429	0.275862068965517
3155821	0.421052631578947	0.351351351351351	0.0588235294117647	0.909090909090909
1553125	0	0.0555555555555556	0.0454545454545455	0.461538461538462
2221331	0.133333333333333	0.130434782608696	0.0833333333333333	0.71875
3377725	1	1	1	0.636363636363636
3026967	0	0	0	0.24
435361	0	0.0576923076923077	0	0.484848484848485
6574469	0.409090909090909	0.473684210526316	0.529411764705882	0.96875
6412135	0.0769230769230769	0.125	0.473684210526316	0.285714285714286
6025503	0	0.05	0.0909090909090909	0.533333333333333
1715190	0.133333333333333	0.0571428571428571	0	0.5
4439574	0	0.027027027027027	0.2	0.482758620689655
2768926	0.333333333333333	0.352941176470588	0.214285714285714	0.870967741935484
3287711	0.730769230769231	0.9	0.529411764705882	0.173913043478261
4360537	0.481481481481481	0.976744186046512	0.571428571428571	0.5
3262019	1	0.948717948717949	1	0.575757575757576
6105043	0.95	0.98	0.9	0.7
5515480	0	0.0285714285714286	0.111111111111111	0.428571428571429
1079536	0	0	0	0.407407407407407
3539725	0.962962962962963	0.88	0.941176470588235	0.428571428571429
4530693_1	1	1	1	0.666666666666667
4530693_2	1	1	1	0.666666666666667
2687033	0.0952380952380952	0	0	0.444444444444444
2045461	0.7	0.142857142857143	0.466666666666667	0.555555555555556
6368858	1	0.918367346938776	0.823529411764706	0.444444444444444
1017349	1	1	1	0.592592592592593
781161	0.476190476190476	0.435897435897436	0.133333333333333	1
2259738	0.192307692307692	0.0925925925925926	0.117647058823529	0.695652173913043
1334925	1	0.942857142857143	0.75	0.4375
3348049	1	0.951219512195122	0.736842105263158	0.633333333333333
3005812	0.157894736842105	0.032258064516129	0	0.5
6051570	0.523809523809524	0.926829268292683	0.818181818181818	1
461640	0.125	0.1875	0	0.666666666666667
4675884	1	0.948717948717949	0.842105263157895	0.461538461538462
2971608	0.333333333333333	0.32258064516129	0.727272727272727	0.91304347826087
1444757	0.157894736842105	0.547169811320755	0.428571428571429	0.962962962962963
1258165	1	1	0.882352941176471	0.583333333333333
1528989	0.9375	0.941176470588235	0.642857142857143	0.454545454545455
5912509	0.25	0.195652173913043	0.125	0.733333333333333
1425426	0.428571428571429	0.628571428571429	0.928571428571429	1
3610102	0.0555555555555556	0.121212121212121	0	0.583333333333333
4682248	1	0.955555555555556	0.933333333333333	0.739130434782609
3635807	0.0526315789473684	0.106382978723404	0.307692307692308	0.617647058823529
1261896	0.8125	0.795454545454545	0.888888888888889	0.32258064516129
6253067	0.95	0.892857142857143	0.769230769230769	0.5
1935262	0.12	0.0208333333333333	0.444444444444444	0
2446186	0.666666666666667	0.194444444444444	0.529411764705882	0.0645161290322581
1286362	0.85	0.9	0.666666666666667	0.615384615384615
1407538	0	0	0	0.363636363636364
5213707	0.25	0.3125	0.8125	0.777777777777778
1081160	1	1	1	0.6
5143487	1	1	1	0.653846153846154
5592428_1	0.529411764705882	0.926829268292683	1	1
5592428_2	0.529411764705882	0.926829268292683	1	1
3622483	0	0	0	0.363636363636364
5956698_1	0.875	0.939393939393939	0.923076923076923	0.535714285714286
5956698_2	0.875	0.939393939393939	0.923076923076923	0.535714285714286
1465695	0.125	0.184210526315789	0.476190476190476	0.56
5862217	0.928571428571429	0.864864864864865	0.785714285714286	0.4
5731016	0.9	0.883720930232558	0.894736842105263	0.466666666666667
2482464_1	0.333333333333333	0.28125	0.166666666666667	0.777777777777778
2482464_2	0.333333333333333	0.28125	0.166666666666667	0.777777777777778
4225101	0.346153846153846	0.282608695652174	0.611111111111111	0.8125
4308303	0.631578947368421	0.972972972972973	1	1
5473574	0.714285714285714	0.933333333333333	0.888888888888889	0.444444444444444
6454590	0.761904761904762	0.806451612903226	0.9375	0.37037037037037
5702336	1	0.942857142857143	0.933333333333333	0.52
5090093	0.875	0.548387096774194	0.6875	0.185185185185185
4447586_1	0.571428571428571	0.58974358974359	0.666666666666667	0
4447586_2	0.571428571428571	0.58974358974359	0.666666666666667	0
3956391	0.72	0.921052631578947	0.846153846153846	0.592592592592593
3672319	0.5	0.2	0.1875	0.620689655172414
2431468_1	0.8	0.931818181818182	0.857142857142857	0.428571428571429
2431468_2	0.8	0.931818181818182	0.857142857142857	0.428571428571429
2856939	0.95	0.952380952380952	1	0.714285714285714
2126405	0.0869565217391304	0.153846153846154	0.111111111111111	0
3286226	0.7	0.275	0.785714285714286	0.129032258064516
2575099	0.25	0.133333333333333	0.125	0.551724137931034
4143394	0.789473684210526	0.857142857142857	1	0.4
1351862	0.869565217391304	0.594594594594595	0.642857142857143	0.15
2098005	0	0.0238095238095238	0.1875	0.461538461538462
2619236	0.117647058823529	0.148936170212766	0.642857142857143	0.409090909090909
6297146	1	0.65625	1	1
1896458	1	0.380952380952381	0.5	0.555555555555556
5815042	0.944444444444444	0.902439024390244	0.5	0.416666666666667
6482872	0.0952380952380952	0.642857142857143	0.272727272727273	0.32
3863565	0.631578947368421	0.387096774193548	0.153846153846154	0.0555555555555556
3855924	0.714285714285714	0.477272727272727	0.461538461538462	0.0588235294117647
5526623	0.583333333333333	0.153846153846154	0.642857142857143	0.153846153846154
1538597	0.555555555555556	0.525	0.230769230769231	0.0869565217391304
2990410	0.68	0.906976744186046	0.666666666666667	0.481481481481481
1155713	1	0.770833333333333	0.7	1
413498	0.722222222222222	0.822222222222222	0.384615384615385	0.416666666666667
4594903	1	0.763157894736842	0.923076923076923	1
2223372	0.705882352941177	0.926829268292683	1	0.45
516634	0.944444444444444	0.872340425531915	0.916666666666667	0.482758620689655
3552144	1	1	1	0.657142857142857
6024497	0.916666666666667	0.947368421052632	0.923076923076923	0.5625
4606000	0.04	0.0930232558139535	0	0.428571428571429
3766853	0.842105263157895	0.744186046511628	0.571428571428571	0.315789473684211
6048879_1	1	0.942857142857143	0.9	0.666666666666667
6048879_2	1	0.942857142857143	0.9	0.666666666666667
6048879_3	1	0.942857142857143	0.9	0.666666666666667
5797092	1	1	1	0.685714285714286
401802	0	0.428571428571429	0.210526315789474	0.592592592592593
3159183_1	0	0	0	0.3125
3159183_2	0	0	0	0.3125
3505534	0.176470588235294	0.30952380952381	0.266666666666667	0.814814814814815
2379955	0.739130434782609	0.918367346938776	0.375	0.96
3636598	0	0.236842105263158	0	0
1826088	0.05	0.424242424242424	0.666666666666667	0.714285714285714
1075954	0	0	0	0.264705882352941
5332141	0.125	0.384615384615385	0.3125	0.8
2360288	0.0555555555555556	0.0487804878048781	0.117647058823529	0.291666666666667
2279600	1	0.948717948717949	1	0.695652173913043
2769372	1	1	1	0.689655172413793
6612534	1	0.853658536585366	0.941176470588235	0.5
6484296	0.2	0.121951219512195	0.235294117647059	0.388888888888889
3378644	0.954545454545455	0.976744186046512	0.5625	0.576923076923077
1273910	0.9375	0.815789473684211	1	0.448275862068966
6435948	0.8	0.655172413793103	0.363636363636364	0.357142857142857
2761402	0.5	0.111111111111111	0.333333333333333	0
5803602	0.263157894736842	0.142857142857143	0.235294117647059	0.619047619047619
3196554	1	1	0.933333333333333	0.645161290322581
4011171	0	0.129032258064516	0	0.448275862068966
6617328	0.851851851851852	0.888888888888889	0.785714285714286	0.5
5589835	0.904761904761905	0.675	0.85	1
2881308_1	0.0869565217391304	0.150943396226415	0.0476190476190476	0.548387096774194
2881308_2	0.0869565217391304	0.150943396226415	0.0476190476190476	0.548387096774194
1077810	0	0.0444444444444444	0	0.384615384615385
5270656	0.444444444444444	0.125	0.555555555555556	0
2672630	0	0	0.0555555555555556	0.352941176470588
4350401	0.259259259259259	0.549019607843137	0.666666666666667	0.892857142857143
3644027	0.235294117647059	0.129032258064516	0.473684210526316	0
509976	0.421052631578947	0.784313725490196	1	0.909090909090909
3164764	0.388888888888889	0.642857142857143	0.785714285714286	1
5533033	1	0.943396226415094	0.933333333333333	0.666666666666667
4425104	0	0.06	0	0.382352941176471
6170154	0.363636363636364	0.351351351351351	0.222222222222222	0.823529411764706
2732840	0.8	0.666666666666667	1	0.318181818181818
2409925	0.944444444444444	0.515151515151515	0.909090909090909	0.608695652173913
1978354	0.0769230769230769	0.258064516129032	0	0.0689655172413793
2966515	0.315789473684211	0.138888888888889	0.222222222222222	0.571428571428571
1376092	1	0.959183673469388	1	0.59375
1323159	0.944444444444444	0.85	0.833333333333333	0.37037037037037
5430025	0.958333333333333	0.784313725490196	0.8	0.363636363636364
2746745	0.681818181818182	0.574074074074074	0.363636363636364	0.970588235294118
3549344	0.857142857142857	0.818181818181818	0.818181818181818	0.413793103448276
3378179	0.75	0.722222222222222	0.714285714285714	0.277777777777778
1057868	0.842105263157895	0.951219512195122	0.545454545454545	0.583333333333333
460275	0.555555555555556	0.568181818181818	0.428571428571429	0.0666666666666667
6437089	0.111111111111111	0.111111111111111	0.2	0.375
3373222	0.192307692307692	0.348837209302326	0.0833333333333333	0.769230769230769
3270343	0.1	0.424242424242424	0.294117647058824	0.558823529411765
3376338	0.384615384615385	0.547619047619048	0.705882352941177	1
4570461	0.857142857142857	0.551724137931034	0.944444444444444	1
1855179	0.0526315789473684	0.0192307692307692	0	0.361111111111111
6228166	1	1	0.888888888888889	0.666666666666667
4651925	0.0555555555555556	0.4375	0	0.2
407479	1	0.843137254901961	0.941176470588235	0.483870967741935
1162045	1	1	1	0.67741935483871
4594463	0.857142857142857	0.743589743589744	0.9	0.28125
5352816	0.882352941176471	0.979166666666667	0.941176470588235	0.592592592592593
5490805	0	0.242424242424242	0	0.5
5303556	0.368421052631579	0.566666666666667	0.8	0.90625
6494499	0.5	0.526315789473684	0.785714285714286	1
3444522	0.409090909090909	0.285714285714286	0.4375	0
6597952_1	0.458333333333333	0.512820512820513	0.846153846153846	0.96875
6597952_2	0.458333333333333	0.512820512820513	0.846153846153846	0.96875
3673851	0.428571428571429	0.380952380952381	0.0588235294117647	0.766666666666667
3796157	0.2	0.566666666666667	0.272727272727273	0.157894736842105
4605871	0	0.318181818181818	0.105263157894737	0
1135038	0.695652173913043	0.515151515151515	0.722222222222222	1
3183152	0.5	0.75	0.9375	1
845499	0.185185185185185	0.395833333333333	0	0.0454545454545455
2652338	0.611111111111111	0.545454545454545	0.357142857142857	1
762629	0.259259259259259	0.104166666666667	0.1	0.481481481481481
6194860	0.277777777777778	0.581395348837209	0.454545454545455	0.818181818181818
6593318	0.470588235294118	0.594594594594595	0.5	0.966666666666667
723227	0.647058823529412	0.743589743589744	0.823529411764706	0.333333333333333
4365556_1	0.736842105263158	0.785714285714286	1	0.461538461538462
4365556_2	0.736842105263158	0.785714285714286	1	0.461538461538462
2117694	0.782608695652174	0.722222222222222	0.6	0.136363636363636
5322787	0.217391304347826	0.560975609756098	0.0625	0.5
2073126	0.588235294117647	0.942857142857143	0.5625	0.925925925925926
4626504	0.708333333333333	0.705882352941177	0.533333333333333	0.68
4439987	0.789473684210526	0.658536585365854	0.866666666666667	0.333333333333333
6414714_1	0.578947368421053	0.403846153846154	1	0.241379310344828
6414714_2	0.578947368421053	0.403846153846154	1	0.241379310344828
1674453	1	1	1	0.694444444444444
3048269	0.235294117647059	0.5625	0.0909090909090909	0.44
865769	1	0.914893617021277	0.846153846153846	0.592592592592593
2959515	0.857142857142857	0.880952380952381	0.692307692307692	0.476190476190476
3958174	1	1	1	0.7
2788471_1	0.888888888888889	0.843137254901961	0.363636363636364	1
2788471_2	0.888888888888889	0.843137254901961	0.363636363636364	1
5331090	0.0588235294117647	0.0638297872340425	0	0.448275862068966
389393	0.0555555555555556	0.258064516129032	0.0714285714285714	0.5
2782961	0.7	0.866666666666667	0.842105263157895	0.36
2765590	0.176470588235294	0.323529411764706	0.333333333333333	0
3435920	1	1	1	0.727272727272727
4186153_1	0.84	0.857142857142857	0.928571428571429	0.37037037037037
4186153_2	0.84	0.857142857142857	0.928571428571429	0.37037037037037
2741736	0.857142857142857	0.9375	0.8125	0.461538461538462
5321576	0.705882352941177	0.564102564102564	0.8	1
2313402	0.875	0.674418604651163	0.875	0.466666666666667
1470374	0.0869565217391304	0.355555555555556	0.142857142857143	0.0740740740740741
3305913	0.933333333333333	0.454545454545455	0.857142857142857	0.789473684210526
2279793	0.666666666666667	0.535714285714286	0.583333333333333	0.12
4741342	0.6	0.775	0.923076923076923	0.482758620689655
2230817	0	0	0	0.259259259259259
4377531	0.961538461538462	0.962962962962963	1	0.645161290322581
3520747	0.473684210526316	0.145833333333333	0.333333333333333	0
895621	0.80952380952381	0.5	1	0.888888888888889
462251	0.0588235294117647	0.0833333333333333	0.235294117647059	0.5
6243223	0.2	0.113207547169811	0.176470588235294	0.6
4551067	0.84	0.833333333333333	0.666666666666667	0.482758620689655
3329829	0.947368421052632	1	1	0.703703703703704
5758298	0.909090909090909	0.844444444444444	0.882352941176471	0.46875
1039489	0.818181818181818	0.837209302325581	0.523809523809524	0.363636363636364
517565	0.363636363636364	0.527777777777778	0	0.551724137931034
3656164	0.333333333333333	0.431372549019608	0.375	0.709677419354839
2416138	0.727272727272727	0.80952380952381	0.545454545454545	0.344827586206897
1122672	0.235294117647059	0.162162162162162	0.2	0.514285714285714
5232267_1	0.458333333333333	0.759259259259259	0.8125	0.692307692307692
5232267_2	0.458333333333333	0.759259259259259	0.8125	0.692307692307692
1882306	0.722222222222222	0.863636363636364	0.75	0.419354838709677
6478725	0.590909090909091	0.739130434782609	0.6875	0.9
2426374	0.263157894736842	0.340909090909091	0.117647058823529	0.6
1322202	0	0.0857142857142857	0.461538461538462	0.470588235294118
1101009	0.368421052631579	0.236842105263158	0.666666666666667	0.0909090909090909
507203	0.55	0.351351351351351	0.928571428571429	0.454545454545455
3352048	0.473684210526316	0.210526315789474	0.333333333333333	0.714285714285714
5080825	0.962962962962963	0.925925925925926	1	0.607142857142857
6440879	0.875	0.875	0.928571428571429	0.575757575757576
3567484	0.0740740740740741	0.156862745098039	0.375	0.606060606060606
1494461	0.384615384615385	0.58	0.785714285714286	0.90625
2274592	0.578947368421053	0.318181818181818	0.285714285714286	0.032258064516129
2866767	0.947368421052632	0.893617021276596	0.947368421052632	0.6
3338419	0.0666666666666667	0.0769230769230769	0	0.416666666666667
2317022	0.75	0.818181818181818	0.846153846153846	0.363636363636364
5788083	0.133333333333333	0.209302325581395	0.666666666666667	0.516129032258065
1277735	0.75	0.795454545454545	0.846153846153846	0.384615384615385
4054518	0.181818181818182	0.405405405405405	0.285714285714286	0.695652173913043
175158	0.888888888888889	0.909090909090909	0.571428571428571	0.482758620689655
4603796	0.75	0.769230769230769	0.923076923076923	1
4189382	0.857142857142857	0.645833333333333	0.428571428571429	1
6266568	0.117647058823529	0.25	0.0909090909090909	0.37037037037037
2367342	0.347826086956522	0.439024390243902	0.285714285714286	0
904515	0.857142857142857	1	1	0.67741935483871
262222	0.157894736842105	0.166666666666667	0.117647058823529	0.580645161290323
4495140	0.117647058823529	0.0851063829787234	0.111111111111111	0.40625
1737515	0.388888888888889	0.577777777777778	0.3125	0
3168345	0.173913043478261	0.146341463414634	0.153846153846154	0.565217391304348
3762253	0.25	0.205128205128205	0.416666666666667	0.631578947368421
4206407	0.294117647058824	0.130434782608696	0.125	0
3458281_1	0.423076923076923	0.617647058823529	0.684210526315789	0.545454545454545
3458281_2	0.423076923076923	0.617647058823529	0.684210526315789	0.545454545454545
3458281_3	0.423076923076923	0.617647058823529	0.684210526315789	0.545454545454545
2366181	0.590909090909091	0.865384615384615	0.818181818181818	0.914285714285714
1569250	0.307692307692308	0.333333333333333	0.2	0.777777777777778
1471838	0.576923076923077	0.5	0.65	0.107142857142857
6333686	0.2	0.457142857142857	0.666666666666667	0.185185185185185
2324860	0.473684210526316	0.53125	0.923076923076923	0.166666666666667
5389882	0.2	0.0181818181818182	0	0.384615384615385
5704758	0.0416666666666667	0.171428571428571	0.0769230769230769	0.5
4454442	0.652173913043478	0.794871794871795	0.388888888888889	1
494984	0.8125	0.755555555555556	0.631578947368421	0.333333333333333
2345167	0.590909090909091	0.547619047619048	0.470588235294118	0.96969696969697
2671613	0.5	0.627906976744186	0.636363636363636	0.25
3720699_1	0.5	0.757575757575758	0.666666666666667	1
3720699_2	0.5	0.757575757575758	0.666666666666667	1
3735477	0.9	0.675675675675676	0.944444444444444	0.56
4107432	0.962962962962963	0.901960784313726	0.928571428571429	0.583333333333333
2396917	0.904761904761905	0.707317073170732	1	1
6191478	0.791666666666667	0.906976744186046	0.692307692307692	0.451612903225806
2126598	0.375	0.4	0.1875	0.681818181818182
1034273_1	0.736842105263158	0.558139534883721	0.388888888888889	0.964285714285714
1034273_2	0.736842105263158	0.558139534883721	0.388888888888889	0.964285714285714
689689	0.833333333333333	0.813953488372093	0.9375	0.633333333333333
6013560	0.0416666666666667	0.319148936170213	0	0.0344827586206897
4290618	0.434782608695652	0.64	0.764705882352941	0.933333333333333
2181206_1	0.777777777777778	0.369565217391304	0.7	0.565217391304348
2181206_2	0.777777777777778	0.369565217391304	0.7	0.565217391304348
4178817	0.291666666666667	0.232142857142857	0.0769230769230769	0.666666666666667
4882651	0.7	0.84375	0.8	0.380952380952381
5664699	0.0588235294117647	0.375	0.117647058823529	0.0416666666666667
981969	0.619047619047619	0.628571428571429	0.727272727272727	0.260869565217391
614582	0.111111111111111	0.1875	0	0.458333333333333
3360160	0	0.122448979591837	0.307692307692308	0.44
614439	1	0.976190476190476	0.9375	0.655172413793103
2772570	0.037037037037037	0.333333333333333	0.0625	0.375
4468080	0.888888888888889	0.766666666666667	0.526315789473684	1
3213341	0.666666666666667	0.766666666666667	0.75	0.318181818181818
4277352	0.0555555555555556	0.305555555555556	0.0833333333333333	0.347826086956522
4341241	0.521739130434783	0.927272727272727	0.5	0.8
1390534	0.761904761904762	0.60377358490566	0.857142857142857	1
2320121	0.625	0.914285714285714	0.7	0.4
6514847	0.5	0.631578947368421	0.526315789473684	0.206896551724138
3196925	0.625	0.421052631578947	0.266666666666667	0.84
1498773	0.4	0.395833333333333	0.2	0
2847662	0.227272727272727	0.272727272727273	0.416666666666667	0.75
2978223	0	0.0465116279069767	0.125	0.384615384615385
2621028	0.727272727272727	0.935483870967742	0.764705882352941	0.483870967741935
1453274	0.357142857142857	0.166666666666667	0.0714285714285714	0.5625
5949481	0.923076923076923	0.942307692307692	1	0.655172413793103
616922	0.875	0.894736842105263	0.941176470588235	0.575757575757576
6300155_1	0.105263157894737	0.171428571428571	0	0.448275862068966
6300155_2	0.105263157894737	0.171428571428571	0	0.448275862068966
2319859	0.652173913043478	0.674418604651163	0.722222222222222	1
4456426	0.0526315789473684	0.222222222222222	0.117647058823529	0.590909090909091
2356181	0.444444444444444	0.22	0	0.173913043478261
6280920	0.631578947368421	0.6875	0.166666666666667	0.52
5500046	1	1	0.941176470588235	0.76
3842099	0.08	0.4	0	0.413793103448276
4831872	0.285714285714286	0.205882352941176	0.19047619047619	0.380952380952381
1747230	0.681818181818182	0.805555555555556	0.923076923076923	1
5348695	0.185185185185185	0.387755102040816	0.266666666666667	0.193548387096774
2864884	0.315789473684211	0.30952380952381	0.777777777777778	0.217391304347826
2021112	0.0714285714285714	0.227272727272727	0	0.379310344827586
2961392	0.266666666666667	0.274509803921569	0	0.413793103448276
4454487	0.0869565217391304	0.347826086956522	0.272727272727273	0
6319843	0.764705882352941	0.666666666666667	0.714285714285714	0.357142857142857
519882	0.65	0.773584905660377	0.705882352941177	0.44
4807401	0.238095238095238	0.0697674418604651	0.166666666666667	0.392857142857143
1648758	0.333333333333333	0.487179487179487	0.529411764705882	0.3
1410129	0.235294117647059	0.511627906976744	0.2	0.5
6342946_1	0.705882352941177	0.606060606060606	0.35	0.88
6342946_2	0.705882352941177	0.606060606060606	0.35	0.88
5898512	0.105263157894737	0.333333333333333	0	0.222222222222222
5708248	0	0.13953488372093	0.0666666666666667	0
5565102	0.80952380952381	0.897959183673469	0.916666666666667	0.59375
3160234	0.904761904761905	0.833333333333333	0.736842105263158	0.44
5212574	0.75	0.526315789473684	0.25	0.409090909090909
402516	0.684210526315789	0.553571428571429	0.714285714285714	1
6411403	0.866666666666667	0.702702702702703	1	1
36189	0.8125	0.659090909090909	0.6	1
6166192	0.88	1	0.785714285714286	0.642857142857143
3160996	0.769230769230769	0.342857142857143	0.4	0.15
915249	0.695652173913043	0.555555555555556	0.1875	0.708333333333333
2333420	1	0.954545454545455	1	0.714285714285714
4469903_1	0.217391304347826	0.326086956521739	0.416666666666667	0.032258064516129
4469903_2	0.217391304347826	0.326086956521739	0.416666666666667	0.032258064516129
3056538	0.2	0	0.0714285714285714	0.318181818181818
6581221	0.416666666666667	0.380952380952381	0.294117647058824	0.655172413793103
4046409	0.857142857142857	0.461538461538462	0.727272727272727	0.478260869565217
485222	0.944444444444444	0.810810810810811	0.941176470588235	0.785714285714286
4024170	0.642857142857143	0.705882352941177	0.736842105263158	0.894736842105263
3408900	0.941176470588235	0.973684210526316	1	0.678571428571429
3402664	0.884615384615385	0.895833333333333	0.8	0.733333333333333
6405323_1	0.772727272727273	0.41025641025641	0.285714285714286	0.473684210526316
6405323_2	0.772727272727273	0.41025641025641	0.285714285714286	0.473684210526316
2971493	0.842105263157895	0.818181818181818	0.916666666666667	0.45
5347996	0	0.0540540540540541	0	0.314285714285714
3194985	0.434782608695652	0.444444444444444	0.230769230769231	0.16
1224139	0.375	0.4375	0.368421052631579	0
3779339	0.210526315789474	0.434782608695652	0.9	0.238095238095238
353141	0.7	0.8	1	0.857142857142857
958546	0.8	0.75609756097561	0.823529411764706	1
5425967	0.55	0.707317073170732	0.916666666666667	1
6366117	0.25	0.186046511627907	0.6	0.129032258064516
2240200	0.315789473684211	0.189189189189189	0.647058823529412	0.310344827586207
1758116	0.470588235294118	0.26	0.5	0.733333333333333
6000246	0.666666666666667	0.714285714285714	0.789473684210526	1
1731037	0.333333333333333	0.658536585365854	0.714285714285714	0.645161290322581
6472938	0.444444444444444	0.476190476190476	0.5	0.166666666666667
6227189	0.117647058823529	0.0810810810810811	0.210526315789474	0.483870967741935
3303636_1	0.772727272727273	0.617021276595745	0.933333333333333	1
3303636_2	0.772727272727273	0.617021276595745	0.933333333333333	1
5405054	1	0.76	0.8	0.5
1124030	0.24	0.30188679245283	0.111111111111111	0.625
2920774	0.5	0.354166666666667	0.307692307692308	0.0476190476190476
2935765	0.227272727272727	0.3	0	0
6307472_1	0.12	0.428571428571429	0.25	0.0689655172413793
6307472_2	0.12	0.428571428571429	0.25	0.0689655172413793
2341500	0.115384615384615	0.125	0.2	0.516129032258065
6116106	0.521739130434783	0.521739130434783	0.0666666666666667	0.678571428571429
4020449	0.16	0.105263157894737	0.45	0.0454545454545455
5454289	0.666666666666667	0.722222222222222	0.8	0.4
4813246	0.636363636363636	0.6	0.583333333333333	0.935483870967742
2611671	0.85	0.675675675675676	0.866666666666667	1
3602469	0.647058823529412	0.653061224489796	0.75	0.9375
623452	0.647058823529412	0.648648648648649	0.80952380952381	1
3333986	0.05	0.0377358490566038	0	0.321428571428571
5999461	1	0.92	1	0.7
1388143	0.28	0.380952380952381	0.142857142857143	0
3379401	0.133333333333333	0.142857142857143	0.428571428571429	0
5857610	0.85	0.6	0.909090909090909	0.6
2201870	0.833333333333333	0.771428571428571	1	0.64
3361526	0.0625	0	0	0.25
4364412	0.25	0.204081632653061	0.590909090909091	0.379310344827586
1725527	0.68	0.886792452830189	0.875	0.966666666666667
3889478	0.526315789473684	0.694444444444444	0.833333333333333	0.482758620689655
6306375	0.16	0.255813953488372	0.2	0.323529411764706
2565341	0.708333333333333	0.709090909090909	0.45	0.966666666666667
6449421	0.0526315789473684	0.285714285714286	0.222222222222222	0.48
1444618_1	1	0.769230769230769	1	1
1444618_2	1	0.769230769230769	1	1
2341838	0.277777777777778	0.315789473684211	0.384615384615385	0.612903225806452
4192963	0.923076923076923	0.727272727272727	1	0.590909090909091
6437399	0.875	0.714285714285714	0.75	0.5
3720947	0.588235294117647	0.431818181818182	0.294117647058824	0.0869565217391304
3168930_1	0.8	0.775510204081633	0.631578947368421	0.972222222222222
3168930_2	0.8	0.775510204081633	0.631578947368421	0.972222222222222
618658	0.133333333333333	0.404761904761905	0.333333333333333	0.05
5457415	0.421052631578947	0.484848484848485	0.538461538461538	0.833333333333333
962102	0.0454545454545455	0.325581395348837	0.0833333333333333	0.0384615384615385
3888783_1	0.368421052631579	0.564102564102564	0.714285714285714	0.892857142857143
3888783_2	0.368421052631579	0.564102564102564	0.714285714285714	0.892857142857143
3431555	0.8	0.782608695652174	0.928571428571429	0.516129032258065
4580441	0.227272727272727	0.307692307692308	0	0
4083595	0.541666666666667	0.74468085106383	0.5	0.964285714285714
3987474	0.72	0.863636363636364	0.8	0.5
1651064	0.894736842105263	0.846153846153846	0.8125	1
2378400	0.722222222222222	0.421052631578947	0.4375	0.227272727272727
2959825_1	0.4	0.482758620689655	0.5	0.08
2959825_2	0.4	0.482758620689655	0.5	0.08
6480682	0.777777777777778	0.46875	0.842105263157895	0.8
3548383	0.444444444444444	0.470588235294118	0.571428571428571	0.95
157014	0	0.0930232558139535	0.0666666666666667	0.285714285714286
2810906	0.88	0.722222222222222	0.764705882352941	0.481481481481481
2827625	0.571428571428571	0.765957446808511	0.636363636363636	0.961538461538462
392929	0	0.306122448979592	0.222222222222222	0
5989939	0.7	0.777777777777778	0.875	0.458333333333333
3499795	0.375	0.32258064516129	0.5	0.5
3509183	0.944444444444444	0.676470588235294	0.909090909090909	0.958333333333333
2260315	0.277777777777778	0.347826086956522	0.272727272727273	0.642857142857143
4468004	0.368421052631579	0.205882352941176	0.214285714285714	0
4253815	0.625	0.46	0.578947368421053	0.861111111111111
4627116	0.133333333333333	0.357142857142857	0.0833333333333333	0.0434782608695652
6580115	0.68	0.807692307692308	0.75	1
5964460	0.458333333333333	0.195652173913043	0.3125	0.482758620689655
4817478	0	0.214285714285714	0.333333333333333	0
3996890	0.210526315789474	0.444444444444444	0.3	0.259259259259259
3124738	0.714285714285714	0.558139534883721	0.470588235294118	0.1875
499392	0.210526315789474	0.392857142857143	0.133333333333333	0
3448599_1	0.714285714285714	0.488888888888889	0.2	0.371428571428571
3448599_2	0.714285714285714	0.488888888888889	0.2	0.371428571428571
5878075	0.208333333333333	0.0487804878048781	0.4375	0.0740740740740741
3205902	0.428571428571429	0.361702127659574	0.15	0.0689655172413793
5677594	0.333333333333333	0.542857142857143	0.125	0.147058823529412
6027632	0.722222222222222	0.769230769230769	0.866666666666667	0.636363636363636
2526539_1	0.44	0.470588235294118	0.533333333333333	0.12
2526539_2	0.44	0.470588235294118	0.533333333333333	0.12
5997816	0.705882352941177	0.344827586206897	0.375	0.32258064516129
2965877_1	0.857142857142857	0.357142857142857	0.75	0.6
2965877_2	0.857142857142857	0.357142857142857	0.75	0.6
4835865	0.521739130434783	0.727272727272727	0.857142857142857	0.933333333333333
3427138	0.136363636363636	0.294117647058824	0.19047619047619	0.0357142857142857
3024423	0.789473684210526	0.694444444444444	0.857142857142857	0.96551724137931
4475070	0.176470588235294	0.272727272727273	0	0
1950990	0.368421052631579	0.565217391304348	0.166666666666667	0.523809523809524
3971305	0.791666666666667	0.851851851851852	1	0.538461538461538
2286034	0.238095238095238	0.285714285714286	0.166666666666667	0.173913043478261
2341051	0.285714285714286	0.235294117647059	0.214285714285714	0
3040547	0.846153846153846	0.739130434782609	0.625	0.4
5025886	0.428571428571429	0.297297297297297	0.222222222222222	0
3523438	0.0454545454545455	0.268292682926829	0	0
2398390	0.153846153846154	0.325	0	0.08
6370188	0.0869565217391304	0.288888888888889	0.0588235294117647	0
5869180	0.333333333333333	0.325581395348837	0.3125	0.727272727272727
5740320	0.590909090909091	0.666666666666667	0.833333333333333	0.92
2054482	0.5	0.479166666666667	0.6	0.107142857142857
2864999	0.714285714285714	0.659574468085106	0.916666666666667	1
1343522_1	0.28	0.323529411764706	0.133333333333333	0.0434782608695652
1343522_2	0.28	0.323529411764706	0.133333333333333	0.0434782608695652
735663_1	0.384615384615385	0.365853658536585	0.5	0.551724137931034
735663_2	0.384615384615385	0.365853658536585	0.5	0.551724137931034
399240	0.263157894736842	0.514285714285714	0.777777777777778	0.409090909090909
1933715	0.541666666666667	0.225	0.555555555555556	0.153846153846154
3175223	0.863636363636364	0.641025641025641	0.866666666666667	0.892857142857143
493926	0.5	0.340425531914894	0.666666666666667	0.454545454545455
4219071	0.478260869565217	0.487179487179487	0.235294117647059	0.689655172413793
833980	0.125	0.34375	0.642857142857143	0.272727272727273
3477312_1	0.692307692307692	0.829268292682927	0.769230769230769	0.416666666666667
3477312_2	0.692307692307692	0.829268292682927	0.769230769230769	0.416666666666667
4213614	0.15	0.282051282051282	0.315789473684211	0.65
4723314	0.166666666666667	0.15	0.428571428571429	0.464285714285714
1438668	0.230769230769231	0.56	0.2	0.303030303030303
4063057	0	0.032258064516129	0.15	0.321428571428571
2971846	0.227272727272727	0.27906976744186	0.4	0
3961794	0.333333333333333	0.574468085106383	0.588235294117647	0.333333333333333
6393628	0.565217391304348	0.5	0.526315789473684	0.80952380952381
2968863	0.764705882352941	0.568181818181818	0.533333333333333	0.96
6244453	0	0.0681818181818182	0.0666666666666667	0.32
2101417	0.851851851851852	0.970588235294118	0.909090909090909	0.730769230769231
1407164	0.521739130434783	0.266666666666667	0.7	0.275862068965517
3035057_1	0.470588235294118	0.27906976744186	0.411764705882353	0.0344827586206897
3035057_2	0.470588235294118	0.27906976744186	0.411764705882353	0.0344827586206897
3035057_3	0.470588235294118	0.27906976744186	0.411764705882353	0.0344827586206897
4634192	0.227272727272727	0.484848484848485	0.214285714285714	0.545454545454545
759421	0.363636363636364	0.222222222222222	0.307692307692308	0.592592592592593
4368586	0.0833333333333333	0.166666666666667	0	0.421052631578947
4188317	0.0555555555555556	0.179487179487179	0.153846153846154	0.458333333333333
1263943	0.36	0.391304347826087	0.3	0.0285714285714286
1931617	0.791666666666667	0.75609756097561	0.916666666666667	1
1860401	0.5	0.68	0.705882352941177	1
4289548	0.62962962962963	0.285714285714286	0.555555555555556	0.62962962962963
1587591	0.518518518518518	0.476190476190476	0.833333333333333	0.75
421590	0.578947368421053	0.72	0.666666666666667	1
1270596	0.35	0.529411764705882	0.428571428571429	0.758620689655172
4426687	0.217391304347826	0.151515151515152	0.0909090909090909	0.551724137931034
3356994	0.666666666666667	0.391304347826087	0.625	0.5
2794310	0.304347826086957	0.195652173913043	0.294117647058824	0.571428571428571
5890342	0.291666666666667	0.380952380952381	0.4375	0
622913	0.8	0.595238095238095	0.631578947368421	0.956521739130435
2829744	0.625	0.772727272727273	1	0.962962962962963
1578234	0.3	0.456521739130435	0.523809523809524	0.777777777777778
990528	0.227272727272727	0.333333333333333	0.307692307692308	0
1194230	0.45	0.409090909090909	0.0833333333333333	0.235294117647059
2965943	0.521739130434783	0.606060606060606	0.25	0.78125
4235863	0.814814814814815	0.86	0.888888888888889	0.6
4511598	0.5	0.333333333333333	0.105263157894737	0.107142857142857
5495246	0.0476190476190476	0.236842105263158	0.2	0.333333333333333
5819131_1	0.368421052631579	0.333333333333333	0.157894736842105	0.0454545454545455
5819131_2	0.368421052631579	0.333333333333333	0.157894736842105	0.0454545454545455
4777332	0.227272727272727	0.414634146341463	0.0588235294117647	0.387096774193548
403079	0.666666666666667	0.773584905660377	0.888888888888889	0.5
356243	0.0869565217391304	0.184210526315789	0.166666666666667	0.32258064516129
5485621	0.6	0.543478260869565	0.894736842105263	0.777777777777778
2971261	1	0.934782608695652	0.789473684210526	0.68
873609	0.944444444444444	0.725	0.857142857142857	1
3366498_1	0.733333333333333	0.439024390243902	0.526315789473684	0.730769230769231
3366498_2	0.733333333333333	0.439024390243902	0.526315789473684	0.730769230769231
3726721	0.333333333333333	0.684210526315789	0.5	0.448275862068966
1251245	0.615384615384615	0.340425531914894	0.357142857142857	0.52
4316520	0.333333333333333	0.487179487179487	0.466666666666667	0.181818181818182
4428228	0.263157894736842	0.327272727272727	0.25	0.607142857142857
4257650	0.95	0.891891891891892	0.944444444444444	0.625
2911052	0.222222222222222	0.434782608695652	0.222222222222222	0.037037037037037
6171544	0.740740740740741	0.823529411764706	0.833333333333333	0.575757575757576
4056608	0.428571428571429	0.244897959183673	0.368421052631579	0.111111111111111
4717842	0.6	0.45	0.384615384615385	0.448275862068966
3629408	0.894736842105263	0.901960784313726	0.833333333333333	0.666666666666667
3921288	0.5625	0.424242424242424	0.80952380952381	0.653846153846154
77883	0.666666666666667	0.763157894736842	0.684210526315789	0.878787878787879
4017753	0.653846153846154	0.8	0.916666666666667	0.53125
5402476_1	0.666666666666667	0.630434782608696	0.571428571428571	0.333333333333333
5402476_2	0.666666666666667	0.630434782608696	0.571428571428571	0.333333333333333
593714	0.863636363636364	0.711111111111111	1	0.818181818181818
5452740	0.1875	0.266666666666667	0.384615384615385	0.0303030303030303
5018160	0.863636363636364	0.6	0.842105263157895	0.8125
2929794	0.384615384615385	0.196078431372549	0.166666666666667	0.5
1451629	0.807692307692308	0.52	0.777777777777778	0.464285714285714
3073285	0.36	0.6	0.333333333333333	0.178571428571429
5029682	0.294117647058824	0.531914893617021	0.4	0.275862068965517
4011533	0.75	0.975609756097561	0.785714285714286	0.638888888888889
3850067_1	0.391304347826087	0.34	0.625	0.117647058823529
3850067_2	0.391304347826087	0.34	0.625	0.117647058823529
6196863	0.636363636363636	0.829787234042553	0.619047619047619	1
3489118	0.666666666666667	0.594594594594595	0.523809523809524	0.695652173913043
2597042	0.0714285714285714	0.05	0.0909090909090909	0.333333333333333
2213200	0.315789473684211	0.272727272727273	0.166666666666667	0.419354838709677
5327725	0.0952380952380952	0.186046511627907	0.19047619047619	0
795842	0.4	0.348837209302326	0.761904761904762	0.434782608695652
2956224	0.7	0.868421052631579	0.785714285714286	0.5
5369937	0.782608695652174	0.611111111111111	0.555555555555556	0.342857142857143
4602656_1	0.692307692307692	0.372549019607843	0.736842105263158	0.34375
4602656_2	0.692307692307692	0.372549019607843	0.736842105263158	0.34375
1894820	1	0.704545454545455	0.9375	0.916666666666667
2741519	0.764705882352941	0.71875	0.909090909090909	1
1792315	0.222222222222222	0.232558139534884	0.142857142857143	0.588235294117647
3003892_1	0.833333333333333	0.533333333333333	0.857142857142857	0.818181818181818
3003892_2	0.833333333333333	0.533333333333333	0.857142857142857	0.818181818181818
1378464	0.44	0.692307692307692	0.583333333333333	0.315789473684211
1262726	0.3125	0.413793103448276	0.333333333333333	0.2
4376871	0.84	0.853658536585366	0.5	0.944444444444444
3633122	0.368421052631579	0.192307692307692	0.214285714285714	0
5584922	0.807692307692308	0.6875	0.666666666666667	1
448029	0.37037037037037	0.342105263157895	0.181818181818182	0.5
3473037	0.7	0.73469387755102	1	1
5589359	0.4375	0.566666666666667	0.9375	0.739130434782609
3911525	0.1	0.219512195121951	0.466666666666667	0.516129032258065
387682	0.736842105263158	0.636363636363636	0.529411764705882	0.32258064516129
6525023_1	0.592592592592593	0.604166666666667	0.277777777777778	0.4
6525023_2	0.592592592592593	0.604166666666667	0.277777777777778	0.4
4750588	0.473684210526316	0.313725490196078	0.684210526315789	0.366666666666667
3541035	0.782608695652174	0.534883720930233	0.833333333333333	0.466666666666667
912923	0.695652173913043	0.63265306122449	0.764705882352941	0.944444444444444
2376619	0.470588235294118	0.269230769230769	0.318181818181818	0.0333333333333333
4032497	0.72	0.902439024390244	0.8	1
420918	0.888888888888889	0.795918367346939	0.833333333333333	0.62962962962963
1651080	0.631578947368421	0.66	0.523809523809524	0.923076923076923
3214229	0.526315789473684	0.764705882352941	0.833333333333333	0.92
956120	0.571428571428571	0.754716981132076	0.631578947368421	0.4375
998340	0.625	0.45	0.769230769230769	0.645161290322581
1019867	0.166666666666667	0.179487179487179	0.125	0.441176470588235
2988402	0.888888888888889	0.760869565217391	0.555555555555556	0.933333333333333
3810349	0.407407407407407	0.351351351351351	0.631578947368421	0.5
5496886	0.48	0.463414634146341	0.285714285714286	0.735294117647059
5981089	0.882352941176471	0.783783783783784	1	1
3592495	0.222222222222222	0.319148936170213	0.1	0
3369364	0.714285714285714	0.657894736842105	0.789473684210526	1
1061382	0.5	0.25531914893617	0.352941176470588	0.037037037037037
1072114_1	0.857142857142857	0.711111111111111	0.818181818181818	0.607142857142857
1072114_2	0.857142857142857	0.711111111111111	0.818181818181818	0.607142857142857
888109	0.185185185185185	0.32	0.0714285714285714	0
5054277	0.272727272727273	0.0851063829787234	0.157894736842105	0.28125
2985772	0.695652173913043	0.714285714285714	0.888888888888889	1
6350918	0.235294117647059	0.5	0.333333333333333	0.5
6031296	0.333333333333333	0.392156862745098	0.461538461538462	0.62962962962963
1180368	0.409090909090909	0.238095238095238	0.235294117647059	0
3315679	0.961538461538462	0.805555555555556	0.909090909090909	0.612903225806452
6440341	0.37037037037037	0.304347826086957	0.105263157894737	0.0416666666666667
4624350	0.583333333333333	0.731707317073171	0.5	0.885714285714286
2820665	0.583333333333333	0.666666666666667	0.526315789473684	0.838709677419355
3840899_1	0.5	0.46875	0.8	0.7
3840899_2	0.5	0.46875	0.8	0.7
2255709	0.85	0.763157894736842	1	1
3730024	0.705882352941177	0.424242424242424	0.769230769230769	0.35
2857352	0.736842105263158	0.75	0.764705882352941	0.551724137931034
5246991	0.1875	0.285714285714286	0.0625	0.0526315789473684
5789250	0.714285714285714	0.266666666666667	0.428571428571429	0.363636363636364
4878495	0.533333333333333	0.892857142857143	0.785714285714286	0.8
720401	0.294117647058824	0.555555555555556	0.526315789473684	0.19047619047619
6452441	0.625	0.432432432432432	0.578947368421053	0.444444444444444
4757762	0.958333333333333	0.738095238095238	1	0.727272727272727
5363605	0.7	0.742857142857143	0.4	0.789473684210526
1444564	0.315789473684211	0.288888888888889	0.117647058823529	0.551724137931034
3168960	0.9	0.793103448275862	0.6	0.689655172413793
1290469	0.611111111111111	0.625	0.944444444444444	0.766666666666667
6495147_1	0.428571428571429	0.365384615384615	0.733333333333333	0.296296296296296
6495147_2	0.428571428571429	0.365384615384615	0.733333333333333	0.296296296296296
1350651	0.652173913043478	0.634146341463415	0.636363636363636	0.740740740740741
3273518	0.88	0.871794871794872	0.772727272727273	0.6
3610454	0.739130434782609	0.75	0.75	0.48
2650082	0.6	0.423076923076923	0.705882352941177	0.714285714285714
5552736	0.407407407407407	0.58	0.692307692307692	0.333333333333333
1374306	0.6	0.471698113207547	0.736842105263158	0.393939393939394
3364408	0.764705882352941	0.628571428571429	0.705882352941177	0.931034482758621
3079911	0.8125	0.51063829787234	0.722222222222222	0.7
2588915	0.428571428571429	0.216216216216216	0.545454545454545	0.291666666666667
4461000	1	0.814814814814815	1	1
5868221	0.863636363636364	0.666666666666667	0.933333333333333	0.928571428571429
3541782	0.72	0.434782608695652	0.7	0.695652173913043
1271274	0.333333333333333	0.45	0.764705882352941	0.523809523809524
3409149	0.652173913043478	0.509433962264151	0.733333333333333	0.791666666666667
2792055	0.166666666666667	0.219512195121951	0.444444444444444	0.583333333333333
3329894	0.2	0.166666666666667	0	0
1693232	0	0.1875	0	0
2399513	0.136363636363636	0.24	0.315789473684211	0.428571428571429
2380180	0.45	0.511627906976744	0.466666666666667	0.740740740740741
2546076	0.6	0.636363636363636	0.833333333333333	0.896551724137931
1127961	0.157894736842105	0.235294117647059	0	0
1980185	0.722222222222222	0.469387755102041	0.333333333333333	0.4
5562479	0.8	0.714285714285714	0.923076923076923	0.789473684210526
5349343	0.315789473684211	0.19047619047619	0.3125	0.347826086956522
2335148	0.722222222222222	0.76	0.846153846153846	1
1583401	0.222222222222222	0.177777777777778	0.0588235294117647	0
536249	0.736842105263158	0.787234042553192	0.578947368421053	0.535714285714286
3811835	0	0.0303030303030303	0.0666666666666667	0.24
2911433	0.6	0.333333333333333	0.222222222222222	0.366666666666667
4409612	0.352941176470588	0.513513513513513	0.461538461538462	0.571428571428571
734851	0.75	0.837209302325581	0.761904761904762	0.478260869565217
1718185_1	0.166666666666667	0.181818181818182	0.545454545454545	0.28
1718185_2	0.166666666666667	0.181818181818182	0.545454545454545	0.28
1718185_3	0.166666666666667	0.181818181818182	0.545454545454545	0.28
4860596	0.277777777777778	0.258064516129032	0.111111111111111	0.53125
5492403	0.315789473684211	0.333333333333333	0.571428571428571	0.565217391304348
5568667	0.473684210526316	0.583333333333333	0.5	0.583333333333333
1650626	0.882352941176471	0.755102040816326	0.923076923076923	0.941176470588235
3114627_1	0.0476190476190476	0.254901960784314	0.142857142857143	0
3114627_2	0.0476190476190476	0.254901960784314	0.142857142857143	0
5873714	0.19047619047619	0.275	0.125	0
3634226	0.944444444444444	0.8	1	0.925925925925926
3976138	0.571428571428571	0.780487804878049	0.941176470588235	0.888888888888889
6408039	0.185185185185185	0.183673469387755	0.0909090909090909	0.5
2196091	0.416666666666667	0.431818181818182	0.263157894736842	0.619047619047619
2277299	0.55	0.405405405405405	0.315789473684211	0.428571428571429
1877670	0.315789473684211	0.219512195121951	0.444444444444444	0.142857142857143
6595433	0.45	0.72972972972973	0.764705882352941	0.774193548387097
60651	0.714285714285714	0.82051282051282	0.916666666666667	1
3194940	0.481481481481481	0.288888888888889	0.529411764705882	0.466666666666667
2326469	0.166666666666667	0.261904761904762	0.0588235294117647	0.28125
1458362	0.941176470588235	0.780487804878049	1	0.709677419354839
6486637	1	0.652173913043478	0.764705882352941	0.857142857142857
2979414	0.523809523809524	0.526315789473684	0.75	0.772727272727273
5857825	0.157894736842105	0	0.3125	0.212121212121212
5275641	0.2	0.222222222222222	0.5	0.205882352941176
4141095	0.44	0.225	0.333333333333333	0.458333333333333
1429960	0.285714285714286	0.459459459459459	0.777777777777778	0.391304347826087
562612	0.75	0.636363636363636	0.823529411764706	0.931034482758621
1205451	0.307692307692308	0.441176470588235	0.352941176470588	0.409090909090909
5351490	0.521739130434783	0.777777777777778	0.388888888888889	0.6
6073461	0.739130434782609	0.829787234042553	1	0.529411764705882
2357841	0.476190476190476	0.2	0.285714285714286	0.133333333333333
6254080	0.277777777777778	0.594594594594595	0.666666666666667	0.580645161290323
262301	0.555555555555556	0.372093023255814	0.588235294117647	0.466666666666667
5652887	0.9375	0.641025641025641	0.882352941176471	0.857142857142857
1644903	0.8	0.694444444444444	0.846153846153846	0.538461538461538
2216644	0.5	0.423076923076923	0.285714285714286	0.5
3791262	0.80952380952381	0.666666666666667	0.705882352941177	0.730769230769231
5834140	0.48	0.625	0.357142857142857	0.384615384615385
2722749	0.217391304347826	0.352941176470588	0.0833333333333333	0.423076923076923
2694412	0.238095238095238	0.264150943396226	0.214285714285714	0.206896551724138
3224979	0.384615384615385	0.319148936170213	0.411764705882353	0.0882352941176471
3495604	0	0.153846153846154	0	0
4517714	0.9	0.765957446808511	0.941176470588235	1
2662232	0.846153846153846	0.672727272727273	0.909090909090909	0.866666666666667
6608922	0.36	0.448979591836735	0.461538461538462	0.48
4045640	0.210526315789474	0.304347826086957	0.105263157894737	0
2661877	0.75	0.6875	0.684210526315789	0.954545454545455
1373051	0.956521739130435	0.777777777777778	0.923076923076923	1
5518519	0.636363636363636	0.82	0.842105263157895	0.583333333333333
5586804	0.230769230769231	0.214285714285714	0.357142857142857	0
3010030	0.823529411764706	0.880952380952381	0.909090909090909	0.685714285714286
484639	0.736842105263158	0.545454545454545	0.714285714285714	0.857142857142857
1125452	0.7	0.666666666666667	1	0.851851851851852
6446090	0.136363636363636	0.153846153846154	0.0714285714285714	0.375
5327458	0.565217391304348	0.526315789473684	0.375	0.227272727272727
4044736_1	0.28	0.462962962962963	0.411764705882353	0.68
4044736_2	0.28	0.462962962962963	0.411764705882353	0.68
1021973	0.533333333333333	0.653061224489796	0.684210526315789	0.903225806451613
5582120	0.56	0.76	0.6	0.535714285714286
598972	0.304347826086957	0.547619047619048	0.764705882352941	0.461538461538462
513503	0.0869565217391304	0.131578947368421	0.117647058823529	0.260869565217391
6367832	0.944444444444444	0.942307692307692	0.875	0.689655172413793
3715421	0.714285714285714	0.836363636363636	0.684210526315789	0.967741935483871
1229760	0.826086956521739	0.571428571428571	0.6	0.555555555555556
6584718	0.470588235294118	0.34375	0.294117647058824	0.44
2953423	0.772727272727273	0.607843137254902	0.875	0.772727272727273
2144855	0.736842105263158	0.642857142857143	0.833333333333333	0.571428571428571
398821	0.846153846153846	0.695652173913043	0.777777777777778	0.612903225806452
2191993	0.764705882352941	0.790697674418605	0.80952380952381	0.612903225806452
4184199	0.64	0.577777777777778	0.333333333333333	0.384615384615385
1347566	0.818181818181818	0.653061224489796	0.9375	0.652173913043478
3958170	0.733333333333333	0.543478260869565	0.642857142857143	0.40625
4047322	0.409090909090909	0.5	0.476190476190476	0.444444444444444
5264783	0.037037037037037	0.188679245283019	0.133333333333333	0
2409300	0.454545454545455	0.340425531914894	0.230769230769231	0.608695652173913
5433822	0.818181818181818	0.560975609756098	0.8	0.657142857142857
1680982	0.217391304347826	0.244444444444444	0.0909090909090909	0
2587350	0.818181818181818	0.897959183673469	0.65	0.791666666666667
2300557_1	0.714285714285714	0.48936170212766	0.5	0.310344827586207
2300557_2	0.714285714285714	0.48936170212766	0.5	0.310344827586207
2665776	0.777777777777778	0.488888888888889	0.625	0.478260869565217
4101245	0.666666666666667	0.456521739130435	0.777777777777778	0.6
1148617	0.25	0.609756097560976	0.384615384615385	0.59375
536446	0.217391304347826	0.294117647058824	0.111111111111111	0.227272727272727
5739482	0.72	0.9375	0.846153846153846	0.9
5893392	0.666666666666667	0.694444444444444	0.75	0.521739130434783
4108992	0.333333333333333	0.2	0.214285714285714	0
1675214	0.5625	0.577777777777778	0.857142857142857	0.571428571428571
2911246	0.578947368421053	0.348837209302326	0.277777777777778	0.590909090909091
5977158	0.625	0.773584905660377	0.928571428571429	0.64
1171915	0.25	0.233333333333333	0.533333333333333	0.2
4863999	0.772727272727273	0.772727272727273	0.764705882352941	0.458333333333333
4846861	0.8	0.627450980392157	0.75	0.870967741935484
2475863	0.764705882352941	0.825	0.75	1
860123	0.684210526315789	0.511627906976744	0.736842105263158	0.708333333333333
5830367	0.92	0.588235294117647	0.888888888888889	0.72
3493724	0.714285714285714	0.384615384615385	0.692307692307692	0.545454545454545
1981771	0.95	0.75	0.75	0.666666666666667
3921803	0.388888888888889	0.371428571428571	0.384615384615385	0.137931034482759
6204739	0.428571428571429	0.30188679245283	0.7	0.19047619047619
61789	0.333333333333333	0.387755102040816	0.2	0.535714285714286
560811	0.823529411764706	0.523809523809524	0.473684210526316	0.533333333333333
5937901	0.904761904761905	0.866666666666667	0.764705882352941	0.620689655172414
6500545	0.666666666666667	0.416666666666667	0.421052631578947	0.681818181818182
3514622	0.555555555555556	0.595744680851064	0.368421052631579	0.5
2608621	0.6875	0.575757575757576	0.5	0.476190476190476
3510029	0.80952380952381	0.761904761904762	0.7	0.92
2779273	0.2	0.216216216216216	0	0.380952380952381
2348072	0.458333333333333	0.674418604651163	0.823529411764706	0.708333333333333
485739	0.631578947368421	0.469387755102041	0.2	0.321428571428571
621291	0.740740740740741	0.625	0.6	0.5
5882311	0.875	0.789473684210526	0.8125	0.6
5280757	0.315789473684211	0.342105263157895	0.375	0.555555555555556
50419	0.590909090909091	0.815789473684211	0.684210526315789	0.458333333333333
1889380	0.476190476190476	0.488888888888889	0.5	0.210526315789474
2733213	0.875	0.803921568627451	1	1
5981836	0.791666666666667	0.867924528301887	0.947368421052632	1
6534240_1	0.24	0.306122448979592	0.272727272727273	0.0571428571428571
6534240_2	0.24	0.306122448979592	0.272727272727273	0.0571428571428571
3341857	0.210526315789474	0.540540540540541	0.416666666666667	0.586206896551724
715414	0.473684210526316	0.394736842105263	0.5625	0.44
2618105	0.72	0.930232558139535	1	0.866666666666667
2807023	1	0.854166666666667	1	1
3170791	0.307692307692308	0.377777777777778	0.277777777777778	0.166666666666667
633404	0.631578947368421	0.577777777777778	0.769230769230769	0.482758620689655
4070155	0.68	0.627906976744186	0.75	0.814814814814815
2606915	0.75	0.513513513513513	0.625	0.518518518518518
2360673_1	0.884615384615385	0.784313725490196	0.777777777777778	0.942857142857143
2360673_2	0.884615384615385	0.784313725490196	0.777777777777778	0.942857142857143
3991363	0.5	0.548387096774194	0.642857142857143	0.428571428571429
5528162	0.416666666666667	0.535714285714286	0.444444444444444	0.413793103448276
3615557	0.842105263157895	0.830188679245283	1	1
4476201	0.85	0.69811320754717	1	0.884615384615385
2053201	0.956521739130435	0.755102040816326	0.785714285714286	0.956521739130435
4577454	0.157894736842105	0.243243243243243	0.125	0.0416666666666667
3226451	0.421052631578947	0.354166666666667	0.0769230769230769	0.347826086956522
5210399	0.25	0.24	0.45	0.321428571428571
6413406	0.727272727272727	0.714285714285714	0.761904761904762	0.464285714285714
4755529	0.684210526315789	0.633333333333333	0.571428571428571	0.53125
1926265	0	0.186046511627907	0.136363636363636	0
6219342	0.842105263157895	0.773584905660377	0.571428571428571	0.925925925925926
3021850	0.227272727272727	0.285714285714286	0.230769230769231	0.0476190476190476
4260960	0.95	0.75609756097561	0.705882352941177	0.696969696969697
3769701	0.4	0.584905660377358	0.625	0.764705882352941
2733531	0.0526315789473684	0.170212765957447	0	0
5326604	0.590909090909091	0.545454545454545	0.615384615384615	0.696969696969697
5377145_1	0.4	0.305555555555556	0.368421052631579	0.407407407407407
5377145_2	0.4	0.305555555555556	0.368421052631579	0.407407407407407
6347630	0.705882352941177	0.772727272727273	0.80952380952381	0.575757575757576
468542	0.8	0.875	0.846153846153846	1
1413105	1	0.865384615384615	1	1
2213634_1	0.4	0.254901960784314	0.4	0.111111111111111
2213634_2	0.4	0.254901960784314	0.4	0.111111111111111
2213634_3	0.4	0.254901960784314	0.4	0.111111111111111
3497405	0.625	0.680851063829787	0.933333333333333	0.53125
5593596	0.842105263157895	0.795454545454545	1	0.736842105263158
3404681	0.521739130434783	0.534883720930233	0.333333333333333	0.3
5687904	0.894736842105263	0.791666666666667	1	1
463707	0	0.150943396226415	0.0526315789473684	0
4835000	0.5	0.41304347826087	0.6	0.4
1535233	0.875	0.8	0.722222222222222	0.764705882352941
5684974	0.9	0.636363636363636	0.8125	0.666666666666667
3074208_1	0.727272727272727	0.58	0.80952380952381	0.606060606060606
3074208_2	0.727272727272727	0.58	0.80952380952381	0.606060606060606
5859506_1	0.72	0.636363636363636	0.764705882352941	0.636363636363636
5859506_2	0.72	0.636363636363636	0.764705882352941	0.636363636363636
4000125	0.88	0.765957446808511	0.7	1
2761907	0.478260869565217	0.473684210526316	0.307692307692308	0.419354838709677
4766437	0.80952380952381	0.685185185185185	0.777777777777778	0.916666666666667
3262987	0.45	0.590909090909091	0.666666666666667	0.5
3249095	0.611111111111111	0.348837209302326	0.294117647058824	0.526315789473684
3935655	0.32	0.32258064516129	0.1	0.185185185185185
5588029	0.571428571428571	0.5	0.666666666666667	0.571428571428571
6481687	0.470588235294118	0.457142857142857	0.625	0.59375
984497	0.4	0.294117647058824	0.5	0.136363636363636
6003453	0.869565217391304	0.775	0.529411764705882	0.607142857142857
6444121	0.884615384615385	0.783783783783784	0.923076923076923	1
613293	0.409090909090909	0.51063829787234	0.266666666666667	0.409090909090909
5835124	0.260869565217391	0.3	0.333333333333333	0.35
4191181	0.25	0.476190476190476	0.2	0.375
5868652	0.380952380952381	0.326086956521739	0.4375	0.631578947368421
2807366	0.894736842105263	0.795454545454545	0.875	1
990374	0.952380952380952	0.828571428571429	0.9	1
2735202	0.80952380952381	0.731707317073171	0.619047619047619	0.793103448275862
1166201	0.5625	0.6	0.411764705882353	0.62962962962963
735855	0.8	0.666666666666667	0.9375	0.608695652173913
27152	0.45	0.674418604651163	0.727272727272727	0.684210526315789
4156469	0.214285714285714	0.354166666666667	0.230769230769231	0.12
2735268	0.75	0.755555555555556	0.833333333333333	0.939393939393939
926863	0.8	0.815789473684211	0.5	0.575757575757576
4684654	0.75	0.684210526315789	0.75	0.894736842105263
6076888	0.105263157894737	0.232142857142857	0.214285714285714	0.371428571428571
6598467	0.272727272727273	0.418604651162791	0.19047619047619	0.444444444444444
4837937	0.952380952380952	0.857142857142857	1	1
6291290	0.869565217391304	0.82	1	1
4463943	0.666666666666667	0.423076923076923	0.692307692307692	0.6
3128398	0.4	0.354166666666667	0.277777777777778	0.612903225806452
6601876	0.590909090909091	0.645833333333333	0.714285714285714	0.84375
2552511	0.363636363636364	0.358490566037736	0.454545454545455	0.566666666666667
3460560	0.2	0.358974358974359	0.444444444444444	0.15
698972	0.705882352941177	0.568181818181818	0.888888888888889	0.666666666666667
5995797	0.111111111111111	0.214285714285714	0.166666666666667	0
5876185	0.647058823529412	0.477272727272727	0.388888888888889	0.571428571428571
3508674	0.666666666666667	0.68	0.882352941176471	0.772727272727273
3668981	0.407407407407407	0.36	0.272727272727273	0.451612903225806
5816229_1	1	0.836734693877551	0.882352941176471	1
5816229_2	1	0.836734693877551	0.882352941176471	1
2387438	0.611111111111111	0.469387755102041	0.7	0.413793103448276
4389137	0.590909090909091	0.604166666666667	0.6	0.482758620689655
6335120	0.5	0.35	0.571428571428571	0.310344827586207
488767	0.647058823529412	0.605263157894737	0.705882352941177	0.470588235294118
1101042	0.611111111111111	0.384615384615385	0.588235294117647	0.586206896551724
4330136	0.409090909090909	0.234042553191489	0.416666666666667	0.571428571428571
4862391	0.863636363636364	0.642857142857143	0.818181818181818	0.633333333333333
4536719	0.4	0.565217391304348	0.538461538461538	0.28125
4825693	0.176470588235294	0.288461538461538	0.263157894736842	0.0434782608695652
5592109	0.384615384615385	0.477272727272727	0.2	0.392857142857143
1222498	0.631578947368421	0.707317073170732	0.666666666666667	0.793103448275862
3692328	0.578947368421053	0.558823529411765	0.6	0.642857142857143
6363918	0.769230769230769	0.770833333333333	0.785714285714286	1
1229147	0.857142857142857	0.840909090909091	0.857142857142857	0.636363636363636
3762261	0.578947368421053	0.576923076923077	0.85	0.633333333333333
3518237	0.16	0.163265306122449	0	0.0303030303030303
6175976	0.0526315789473684	0.133333333333333	0	0
1671289_1	0.611111111111111	0.692307692307692	0.636363636363636	0.862068965517241
1671289_2	0.611111111111111	0.692307692307692	0.636363636363636	0.862068965517241
4011417	0.526315789473684	0.358490566037736	0.368421052631579	0.346153846153846
6463863	0.117647058823529	0.317073170731707	0.263157894736842	0.454545454545455
6206527	0.5	0.609756097560976	0.285714285714286	0.5
3392128	0.1875	0.363636363636364	0.153846153846154	0.318181818181818
3171178	0.833333333333333	0.862745098039216	1	1
5952128	0.782608695652174	0.75	0.857142857142857	0.7
4170979	0.714285714285714	0.8	0.846153846153846	0.952380952380952
2342147	0.285714285714286	0.48	0.375	0.5
310207	0.695652173913043	0.8	0.526315789473684	0.583333333333333
1380809	0.0555555555555556	0.260869565217391	0.0769230769230769	0.222222222222222
2750985	0.583333333333333	0.48	0.692307692307692	0.409090909090909
6491989	0.1875	0.276595744680851	0.125	0.137931034482759
5118330	0.0869565217391304	0.333333333333333	0.285714285714286	0.28
1352380	0.285714285714286	0.482758620689655	0.25	0.555555555555556
3690936	0.722222222222222	0.71875	0.692307692307692	0.884615384615385
3490226	0.777777777777778	0.714285714285714	0.857142857142857	0.636363636363636
1951495	0.24	0.15	0.0833333333333333	0.037037037037037
2940367	0.526315789473684	0.541666666666667	0.538461538461538	0.48
6114569	0.2	0.244897959183673	0.0833333333333333	0.384615384615385
5488063	0.476190476190476	0.380952380952381	0.272727272727273	0.62962962962963
4612095	0.80952380952381	0.857142857142857	0.894736842105263	1
5836172	0.807692307692308	0.804347826086957	0.857142857142857	1
2277660	1	0.849056603773585	0.9375	0.971428571428571
2104412	0.375	0.577777777777778	0.352941176470588	0.6
616465	0.444444444444444	0.51063829787234	0.6875	0.4375
5760917	0.92	0.833333333333333	0.9375	1
2119514	0.130434782608696	0.272727272727273	0.0454545454545455	0.166666666666667
2642176	0.25	0.361702127659574	0.222222222222222	0.409090909090909
3348640	0.777777777777778	0.732142857142857	0.666666666666667	0.545454545454545
981239	0.125	0.111111111111111	0	0
2971438	0.153846153846154	0.276595744680851	0.384615384615385	0.227272727272727
1659261	0.733333333333333	0.765957446808511	0.916666666666667	0.91304347826087
1294014	0.653846153846154	0.765957446808511	0.714285714285714	0.870967741935484
5653070	0.111111111111111	0.191489361702128	0	0.0357142857142857
1090018_1	0.666666666666667	0.574074074074074	0.6	0.620689655172414
1090018_2	0.666666666666667	0.574074074074074	0.6	0.620689655172414
1089814	0.833333333333333	0.736842105263158	0.888888888888889	0.958333333333333
978835	0.7	0.648648648648649	0.75	0.807692307692308
6327199	0.5625	0.815789473684211	0.8	0.8
5340931	0.631578947368421	0.58974358974359	0.588235294117647	0.739130434782609
5334536	0.619047619047619	0.567567567567568	0.5	0.588235294117647
5682988	0.791666666666667	0.821428571428571	1	0.916666666666667
5487357	0.85	0.653061224489796	0.722222222222222	0.7
5578547	0.6	0.531914893617021	0.8	0.653846153846154
3697689_1	0.769230769230769	0.708333333333333	0.75	0.857142857142857
3697689_2	0.769230769230769	0.708333333333333	0.75	0.857142857142857
1325613	0.722222222222222	0.795454545454545	0.7	0.954545454545455
6522301_1	0.652173913043478	0.8	0.9375	0.869565217391304
6522301_2	0.652173913043478	0.8	0.9375	0.869565217391304
3762566	0.882352941176471	0.711538461538462	0.823529411764706	0.769230769230769
4831842	0.5	0.625	0.384615384615385	0.56
3584477	0.130434782608696	0.217391304347826	0.0769230769230769	0.2
2027282	0.736842105263158	0.609756097560976	0.789473684210526	0.735294117647059
2737642	0.875	0.777777777777778	0.8	0.78125
2716651	0.739130434782609	0.85	0.761904761904762	0.714285714285714
4213686_1	0.647058823529412	0.636363636363636	0.647058823529412	0.62962962962963
4213686_2	0.647058823529412	0.636363636363636	0.647058823529412	0.62962962962963
5969938	0.75	0.588235294117647	0.666666666666667	0.545454545454545
6437388	0.666666666666667	0.472222222222222	0.611111111111111	0.458333333333333
1366187	0.736842105263158	0.69047619047619	0.769230769230769	0.730769230769231
3766733	0.222222222222222	0.238095238095238	0.3	0.444444444444444
2294153	0.238095238095238	0.243243243243243	0.2	0.241379310344828
3982679	0.333333333333333	0.425	0.318181818181818	0.296296296296296
5644159	0.347826086956522	0.254901960784314	0.333333333333333	0.178571428571429
2814429	0.368421052631579	0.441860465116279	0.307692307692308	0.46875
1288308	0.681818181818182	0.571428571428571	0.714285714285714	0.7
5403509	0.55	0.583333333333333	0.615384615384615	0.523809523809524
3853792	0.8	0.744186046511628	0.9	0.833333333333333
4012123	0.0769230769230769	0.272727272727273	0.2	0.25
2721713	0.173913043478261	0.216216216216216	0.333333333333333	0.346153846153846
4680057	0.85	0.785714285714286	0.944444444444444	0.76
5263110	0.714285714285714	0.636363636363636	0.8	0.617647058823529
6029591	0.2	0.26	0.0588235294117647	0.214285714285714
6491294_1	0.347826086956522	0.428571428571429	0.2	0.25
6491294_2	0.347826086956522	0.428571428571429	0.2	0.25
6573500	0.523809523809524	0.416666666666667	0.263157894736842	0.5
3330743	0.2	0.266666666666667	0.142857142857143	0.363636363636364
3493868	0.875	0.787878787878788	0.833333333333333	0.863636363636364
6497078	0.875	0.803921568627451	0.916666666666667	0.942857142857143
6334918	0.44	0.479166666666667	0.65	0.571428571428571
6607393	0.277777777777778	0.18	0.214285714285714	0.185185185185185
2604369	0.25	0.302325581395349	0.466666666666667	0.25
3056119_1	0.590909090909091	0.488372093023256	0.4375	0.5
3056119_2	0.590909090909091	0.488372093023256	0.4375	0.5
5968817	0.142857142857143	0.177777777777778	0.0952380952380952	0.0645161290322581
4155492	0.235294117647059	0.181818181818182	0.157894736842105	0.2
2923406	0.8125	0.782608695652174	0.923076923076923	0.740740740740741
4369010	0.0526315789473684	0.13953488372093	0.153846153846154	0.166666666666667
258994	0.166666666666667	0.12962962962963	0.0833333333333333	0.1
