1
0.970873786407767
0.794372072884976
0.934579439252337
0.934579439252337
0.934579439252337
0.784923056063996
0.173464771902872
0.728029416886292
0.74548828946324
0.74548828946324
0.80882210639185
0.467502855514196
0.606839576064775
0.67783255736249
0.442392244593586
0.678153203550385
0.66975294364031
0.727272727272727
0.63022468642901
0.430089717046239
0.676084574282826
0.645161290322581
0.237729420462216
0.592017071309865
0.616636122626906
0.533814661612574
0.533814661612574
0.589228212308143
0.585147356019807
0.702230929363318
0.673765461131049
0.340578525902926
0.609768134851466
0.64674511664799
0.462139583761237
0.637047163362953
0.620778591337298
0.541730182926829
0.307618517348905
0.262134281278686
0.571428571428571
0.668873974019897
0.593262763053167
0.593262763053167
0.519914142505199
0.548872180451128
0.512644396185676
0.315298698869397
0.529222140086419
0.395722216171836
0.340415984321684
0.603460747690531
0.533706511834879
0.589731232622799
0.474624484734952
0.591733463920892
0.574432618336146
0.423184301656144
0.558006853755672
0.475408590186201
0.530568134673552
0.556758542945015
0.252491694352159
0.154651651645635
0.324870889378171
0.505111271435707
0.438503652819107
0.549236817393243
0.465116279069768
0.578567887643977
0.594059405940594
0.525857303404915
0.559864511203276
0.522131015612425
0.522131015612425
0.510727523382616
0.383392146880589
0.461214763473039
0.49336284728141
0.49336284728141
0.353365384615385
0.423745326529985
0.627699670438532
0.367150416906611
0.49956197402137
0.48997982517412
0.311649149944432
0.311649149944432
0.311649149944432
0.27716849451645
0.451330005447563
0.479963897975261
0.580036386807885
0.356420958328572
0.240906481815093
0.32
0.517647058823529
0.363376826770152
0.204202634120178
0.382608695652174
0.458867623377179
0.449815644840711
0.392000102396796
0.451776301801102
0.367578162273919
0.139798425512711
0.53970161413514
0.37815740868904
0.459016393442623
0.48
0.421937186656372
0.46106951989348
0.309604226051751
0.485981308411214
0.485981308411214
0.415075809017657
0.100199209328755
0.388476978802976
0.264606416147121
0.264606416147121
0.507682531091919
0.294464911083823
0.320643665657392
0.471364317841079
0.322825525187021
0.491440982001046
0.491440982001046
0.491440982001046
0.372752464500762
0.448275249746902
0.443237995933251
0.351646831686501
0.45609756097561
0.482242580355539
0.385444260796097
0.396957462470166
0.388057639395268
0.506488742955082
0.383520825632163
0.46783079297911
0.4
0.25531914893617
0.468614892797716
0.267394423073939
0.176217078598733
0.431825138849786
0.354413296948648
0.337622767212482
0.345311504603158
0.401260367910656
0.233146837225811
0.401217277034271
0.153255781246861
0.317541692721927
0.45360824742268
0.402333343957563
0.363636363636363
0.363636363636363
0.382083108472746
0.223949379103061
0.372214157873355
0.45360824742268
0.518406985618939
0.404704767615884
0.378312254771619
0.215210338274335
0.366311690816318
0.293463130403166
0.460748349229641
0.389891696750903
0.353863256961139
0.449535238954495
0.334323864889766
0.298119763715493
0.34754102841585
0.374059348114204
0.462630410970964
0.157603887457416
0.331131054050719
0.320136560376515
0.231874988346292
0.338182977405309
0.341930304703737
0.104143483191689
0.4
0.357603686635945
0.444444444444445
0.378947368421053
0.433874290671197
0.433874290671197
0.4
0.243713696834723
0.243713696834723
0.205164839972995
0.295926991663458
0.270451492238864
0.301716791225641
0.301716791225641
0.24048997916325
0.364319120867473
0.258877730556689
0.294985017796725
0.38222186050873
0.34804902936157
0.380853894410519
0.380853894410519
0.117786748949546
0.201168373623014
0.270346569124067
0.270346569124067
0.191054101464268
0.0524061282397118
0.410361420317232
0.204283067113357
0.362633815083203
0.368648447497887
0.322953519423957
0.274559394678544
0.376068376068376
0.307478628945584
0.344443810093126
0.234736875742999
0.310911856133979
0.302003682597025
0.299862440489716
0.229119303102763
0.14036128771311
0.210566116210264
0.197345318067775
0.172453986643284
0.347047359304027
0.296801053565093
0.375
0.247961682457184
0.31784632561626
0.225500768265835
0.199022539552897
0.199022539552897
0.199022539552897
0.341085271317829
0.312669529787128
0.338983050847458
0.338983050847458
0.346521203743055
0.377101702239502
0.251748251748252
0.370868435214856
0.283464566929134
0.336541824196881
0.11441591346861
0.261880628416847
0.336448598130841
0.345611811271328
0.0695469462065594
0.293645424489698
0.381528622030877
0.195300829389663
0.27807486631016
0.202523727109075
0.303865777080062
0.362437117620551
0.168820310124658
0.152443588727238
0.322177594703667
0.322177594703667
0.361605755055413
0.33868113953997
0.312400363967243
0.287943270941748
0.243187814026441
0.374995713610738
0.315871065318083
0.219664616605268
0.341860857818305
0.28164652205118
0.389027431421447
0.241924812710222
0.133921909415072
0.163563785571869
0.391969042182562
0.353112701640295
0.325775781851402
0.279731508607993
0.221041786612527
0.216033432226369
0.198236659016595
0.227344899515859
0.096972700615372
0.398961980498734
0.169226622110394
0.306049237222257
0.294868393790544
0.299311317347763
0.25
0.266239324512107
0.358052456760116
0.350877192982456
0.380682299702205
0.239751369773977
0.37702895111533
0.258542931407831
0.267379679144385
0.196877706390777
0.294849732312892
0.294849732312892
0.347187246773019
0.162189092793918
0.237683678803796
0.204947167532518
0.311714429361488
0.239552075445359
0.31240511408603
0.178612822153678
0.207521634111661
0.225083670856721
0.199582704941736
0.258780889253278
0.258780889253278
0.347640097911665
0.248867663676826
0.233058002720073
0.0308314818953442
0.247549973141265
0.431824563497316
0.431824563497316
0.330827067669173
0.198752762908551
0.22745829497959
0.175781941282412
0.324324324324325
0.45236972263488
0.45236972263488
0.345962426264293
0.249475866413034
0.255524987631602
0.1481697322892
0.292682926829269
0.346798185178915
0.346798185178915
0.247402043505702
0.1873206872161
0.190103381885051
0.123860432809331
0.243281945289768
0.23809620125514
0.176960464032355
0.277227722772277
0.286303693796174
0.238378887742788
0.287055008230352
0.239986669356183
0.247398107380269
0.137307990615486
0.251703865874065
0.245796921788598
0.230937668405074
0.281153814642973
0.115864813001271
0.178825509759356
0.128154758191798
0.112128092821625
0.112128092821625
0.167995139426174
0.0846653291613309
0.18468158194043
0.321223077868952
0.267413679831936
0.258707747468816
0.190362274228238
0.295741503746009
0.169950811435147
0.269571324657893
0.237026863196576
0.236371838721897
0.214441994381095
0.291972537771368
0.236988139429008
0.269413916177394
0.207681420175122
0.206763504471412
0.232050997378908
0.122006036088101
0.318368847475361
0.10144809083331
0.183038529022973
0.227933614743482
0.248945186227662
0.155417526522742
0.266101479164715
0.216230959104606
0.15921361217591
0.122747704834796
0.0509038160021505
0.0509038160021505
0.0509038160021505
0.126495074947086
0.270621473637611
0.236119154138037
0.224818607222823
0.386911465234766
0.25371565611073
0.275524012255055
0.319487042275895
0.196690388751288
0.215744781170433
0.129879043709796
0.221362718626092
0.221362718626092
0.188852111162215
0.234716853238488
0.217386448967018
0.182438273496235
0.171713120713848
0.271672385349023
0.271672385349023
0.101545869524076
0.245966306822799
0.207498109438236
0.133515300527401
0.133515300527401
0.289121299467423
0.201124698645842
0.189262144003805
0.169885169738419
0.248394004282655
0.223213212018272
0.266583284148395
0.194094387569581
0.253706568834646
0.187193797633039
0.141560143011069
0.205921266972779
0.176927923732296
0.200611594727925
0.133067930398253
0.249550190135167
0.193896204133032
0.229988193624557
0.246161488999339
0.174996638289155
0.229741988452065
0.223346473332991
0.188670440813889
0.24714694983321
0.24714694983321
0.143372336683474
0.31173129163955
0.202150550252664
0.2186313076773
0.186793878991445
0.264924091251307
0.0391541631822781
0.154043647337798
0.0458777214603295
0.26450363095901
0.202944056841517
0.164516252988777
0.178082406146817
0.14371123324415
0.0903416273416037
0.109096214060249
0.0525005162259138
0.120885365566842
0.21169135633456
0.21169135633456
0.150829936611751
0.0905697017369741
0.139349137680748
0.211384603289537
0.177403591595325
0.182940605683355
0.207502655984995
0.179335621918798
0.159351403816783
0.276057634350124
0.237309323486939
0.247047255480364
0.14657173816566
0.14657173816566
0.157632977801338
0.096978389613635
0.161001484461606
0.0627442988712309
0.0604607239449924
0.241463343394883
0.0411652334453045
0.171095350479311
0.171095350479311
0.236716779738757
0.270233267701764
0.0956783108842738
0.190836510510959
0.411376790461227
0.116375098502758
0.0875426555842652
0.253329918032787
0.217037919571593
0.166532060688962
0.15016097510547
0.131841467346524
0.122507958154235
0.100526315789473
0.191145321487777
0.209154143605905
0.209154143605905
0.234923283734297
0.21983096271888
0.168556272009228
0.210146235782632
0.151460474431808
0.151460474431808
0.195292723049575
0.282419210559279
0.209018531660791
0.132067182589301
0.128463895032269
0.13751827263225
0.0971797045654908
0.161515938026996
0.237352078647614
0.233788892119802
0.171068017104542
0.2243399468833
0.13833381406279
0.14587428671258
0.194350282485876
0.130900491004883
0.117636372294039
0.111869801251016
0.0280496791251552
0.215433161166469
0.161914176845205
0.244897959183674
0.244897959183674
0.0940297484934745
0.224956377790703
0.118045476536043
0.198848727717555
0.119614362476243
0.119614362476243
0.15598202205875
0.135646960573089
0.172093553485913
0.214076626519226
0.214076626519226
0.162936299225622
0.215156451637724
0.211535409412024
0.124964229625948
0.0673490036705688
0.167799521394128
0.164597098858723
0.164597098858723
0.145789142762634
0.229501808569477
0.152040715438259
0.136975581395321
0.151467563814819
0.213151380763225
0.151675224409885
0.0330738948906851
0.156305828589376
0.129443739505299
0.144410081297221
0.121632893605765
0.150445806352367
0.122315059020533
0.0778852282604201
0.231484257871064
0.0480564974712765
0.195719960123383
0.17913267587985
0.188894474798333
0.188894474798333
0.203886661850057
0.153931394030814
0.184759328584634
0.0489903700996655
0.143397352392012
0.143397352392012
0.132402837481315
0.204049390928367
0.204049390928367
0.177786808422383
0.084665201456222
0.0908895170430166
0.184165232358004
0.135343158955869
0.22759897766947
0.01879845459296
0.106088128945272
0.161018179465472
0.17828130625101
0.227977718146957
0.159789546520968
0.162587971358268
0.166869431177361
0.12190305537137
0.191607402593074
0.179629590595374
0.107213827484059
0.107213827484059
0.0325885809822342
0.0325885809822342
0.188599808140736
0.188458401856846
0.091839526881477
0.073280276997374
0.138645284713616
0.209652323515313
0.151946094247974
0.151946094247974
0.199096151971634
0.132380210152912
0.122168613929073
0.192103529524125
0.160097483560842
0.0827461103522347
0.0841006831350199
0.187729710402946
0.197692748242773
0.0896175983725995
0.177482238137857
0.178960913114804
0.178960913114804
0.178960913114804
0.126954069298953
0.107494675994274
0.237383783845846
0.178889922538922
0.138691764552233
0.109593443259267
0.213303739302764
0.107051727323543
0.132374622644887
0.1726573431513
0.125796490111737
0.224199246654358
0.0629911096585762
0.115287081726242
0.188703868854511
0.146047512303871
0.227059376884654
0.158498573994551
0.135239270362146
0.137042573475605
0.197245822659686
0.103593580949154
0.190377967134453
0.0866401735032433
0.131446207492279
0.131446207492279
0.136427629713215
0.132012154772002
0.0622947901679931
0.125420152099947
0.163695001170699
0.137650415843291
0.092259181612754
0.092259181612754
0.0854844468494151
0.0706389347698465
0.0857829908638363
0.120694534005188
0.189277426158664
0.149661125055638
0.0744636663749308
0.0964685743367528
0.0335287985242538
0.08263086381234
0.110207084328136
0.0495756821128829
0.142189250015822
0.0909042271344381
0.0909042271344381
0.111278265508662
0.129926042854915
0.0859443677826922
0.116772180903635
0.134016342115507
0.130388085546485
0.0591583221959085
0.117304934320938
0.186290202292426
0.186290202292426
0.183512802269187
0.0251870698774118
0.148655523193494
0.0528001953356538
0.0779427208434395
0.140044843440845
0.122274494402636
0.134412131256883
0.172171127671405
0.172171127671405
0.167973559125368
0.130639668495787
0.189094993866621
0.127330785074839
0.127330785074839
0.108311072016587
0.0360423909886284
0.225552482043121
0.146109838183544
0.141136703043671
0.0752400323509837
0.221102509486455
0.212742957351623
0.179665611878966
0.127419969576453
0.100223148590516
0.100223148590516
0.108125873240986
0.144409083299845
0.0992321176512125
0.165556115534177
0.120132104738718
0.0743015547685681
0.132985189192734
0.156927235512054
0.0723610066189531
0.0734738090153962
0.117702541424346
0.169701632284777
0.0601493344668435
0.136981675888409
0.14259006869588
0.144589433817934
0.135385840402823
0.184658035900255
0.0673367569187934
0.0673367569187934
0.158529095989741
0.0561215383935184
0.146865219253451
0.0717741935483871
0.0662736065493909
0.164227454337303
0.162052453808919
0.150804293650062
0.131692272647655
0.0818388965162367
0.107286661500043
0.107286661500043
0.157141370750777
0.172775603181497
0.0477368295316729
0.0981185658501954
0.150193186236391
0.127404162102958
0.132888671388383
0.0372292582630016
0.166725460325658
0.137496252935822
0.14683893352864
0.0886345971718755
0.124284933896019
0.149674519540888
0.149674519540888
0.0114914019323014
0.0991896852509228
0.0816131579387292
0.0772706530502635
0.10625898842348
0.091463499547323
0.0897505059173074
0.0747277281606333
0.0914708660886703
0.194174757281553
0.121319916793798
0.079615035056405
0.133002734737841
0.0678683991910457
0.166209247987623
0.136780650542119
0.19672131147541
0.075343291235074
0.0732689629844206
0.110533168139306
0.156615187050117
0.115748653315824
0.0479396528589763
0.0232495437565672
0.108935871489887
0.104443105304432
0.0654923654545733
0.149395242244325
0.106968675329777
0.0345690863700138
0.119263000124544
0.14825528709352
0.14825528709352
0.14825528709352
0.146444213796531
0.0803794403048897
0.0129394782967315
0.0645535735696288
0.12821796326859
0.12821796326859
0.106933681744458
0.0943774872730981
0.164689943311086
0.175477565908689
0.0865395318327902
0.038123964301737
0.0838561065043707
0.109343833853471
0.12837232184238
0.0449468653859589
0.0670592424039259
0.150575985686701
0.145836154323866
0.081484392155673
0.120424211330907
0.104723021121713
0.0502932640736264
0.179929549656151
0.0911752465482279
0.0149312565671148
0.107821132862438
0.219975490427288
0.111114278926111
0.119134892873862
0.0376922982055904
0.119600984865026
0.092419333635936
0.0417312452288972
0.0183653212376221
0.05884682703367
0.115086772116005
0.00377255672620934
0.102766289105723
0.16
0.111588471052389
0.0744369981176297
0.0115423513257041
0.132028537617807
0.0912506645756488
0.11850050758602
0.0837161746979786
0.136892152709128
0.0682961336230725
0.080571784278789
0.149237288597778
0.116103163655727
0.0976382320413651
0.111600051781304
0.111600051781304
0.11189800565902
0.0429733025012749
0.147647913446238
0.0463325442988021
0.121446050332904
0.104864645559316
0.069370577513102
0.0285114973439769
0.0664562286800023
0.0612506611485891
0.0521785730889065
0.042206764050458
0.087701240781772
0.107325818458968
0.0807802110046269
0.00627139405329219
0.0918760142600782
0.108175113109506
0.0723941188354072
0.108866008359796
0.0642751405217459
0.109274254412497
0.109274254412497
0.081687934429472
0.0769433656674883
0.120922730307988
0.0342307082825236
0.0711223926406021
0.0421305151230263
0.1256726133301
0.089524043736801
0.102897721649032
0.104242698686075
0.112323298608263
0.114068336197755
0.0580348699621347
0.0955111036577851
0.0458291016563018
0.139200676455882
0.0959793483094035
0.0843507214206436
0.0684129713644212
0.199476659405064
0.0833286519472231
0.104135263532162
0.0968810068948987
0.0878881667873259
0.0392961551820998
0.0366973626299617
0.0535784605431028
0.152498453976935
0.104625389666364
0.144471964641178
0.0413806763418591
0.0790728482136566
0.0490536185852802
0.098408701662623
0.0796657678583006
0.127772324811449
0.09403754969437
0.0723341886824726
0.0723341886824726
0.114639614219374
0.0202359691286645
0.134034179254451
0.151351351351351
0.0380758784390367
0.0604636967618889
0.0328689031168693
0.051787343750362
0.0498099264118832
0.0498099264118832
0.0324666098323387
0.0131467654171705
0.119297900585083
0.1273566484475
0.0992616175197191
0.0570838229756997
0.110538827322017
0.0434072916168206
0.0839871935776748
0.0190310605629862
0.122443325055721
0.132665491926231
0.0677137369292492
0.0805290423011413
0.0937141123334193
0.122464283071649
0.0169945190852198
0.00922626633712533
0.00922626633712533
0.0520188301467277
0.0694948006115121
0.139303482587065
0.0926811510267569
0.0926811510267569
0.0926811510267569
0.138865436828521
0.0964549544084486
0.0620723084006739
0.13792988688884
0.104845936766979
0.0342929292929292
0.0252740722867663
0.0830058462670003
0.0528752934755539
0.0528752934755539
0.0190418172983406
0.0190418172983406
0.127296742664784
0.0258519906158839
0.056405422942563
0.03743028525247
0.0893681235741743
0.0665460584523963
0.0191665456657471
0.0291586407768166
0.108949453101383
0.113296662547692
0.0881759788090915
0.0419546812919631
0.00723886714822665
0.0707861028455935
0.0717073419603707
0.0732116236817014
0.0736035218474248
0.0385469790992754
0.0378632991107091
0.11571193626153
0.0670982461772119
0.0522891588263672
0.0529391020931277
0.114946790014156
0.0446072446072447
0.067241793657695
0.0657037893855799
0.0999999999999999
0.117904526882636
0.0611464707377529
0.0851709489021525
0.0565205201159672
0.0388556500186329
0.0914522434843976
0.086933670655749
0.078820610129908
0.0504893548828392
0.0531775600077645
0.025068902502079
0.106021898145849
0.106021898145849
0.0690208065747297
0.0137512881291879
0.0618928927529966
0.041918074014072
0.0451764333589326
0.0787386192222947
0.073041511261212
0.0701718182885327
0.0785025893451399
0.0590330677204628
0.0230233223477029
0.00537000727425133
0.0904934468374153
0.0722700908755403
0.0746702269197193
0.0906820738638217
0.0894967974865908
0.0608084110895196
0.0608084110895196
0.0299694971438133
0.0946198528926768
0.0738459291001169
0.0535464853583313
0.111691052736659
0.0247075163511321
0.0691469046377387
0.0408817320770952
0.0650509280851732
0.0811703408358926
0.0614931833987352
0.0317583997633045
0.0639863798727222
0.0927949368913697
0.041599056554159
0.0464679784971816
0.0697635370881047
0.00325912954954087
0.0880521840145414
0.0929925082299605
0.0671880969136421
0.0730664995985893
0.0754340305104336
0.0682562829468984
0.0542987668060071
0.0663137286166465
0.0681057210706138
0.0370313602406174
0.0468511823378539
0.084219665726069
0.0486867289837079
0.0664541995347206
0.045313177957301
0.0933165779319429
0.00647990410584717
0.00647990410584717
0.0703311213843354
0.0233356079377831
0.0777608086901075
0.0217302688270294
0.0103793305229867
0.08660817839634
0.0360883827171619
0.0567451390955806
0.0222741621664328
0.0222741621664328
0.0807576118607901
0.0987902445557172
0.0987902445557172
0.0330538361616315
0.0418200468400341
0.0318972660658274
0.0287660091382055
0.013307451460294
0.0194873146714721
0.000318903435299149
0.000318903435299149
0.0352077591356552
0.0428388019436727
0.00532504607748597
0.0486837612976416
0.00238271993999843
0.0142174397287524
0.0304387636014134
0.0222190537739174
0.01902372144433
0.00646285641683825
0.0286583211859623
0.0478014102609364
0.0372793232555587
0.0490197106167167
0.0325100275584313
0.050363589161726
0.048830818971068
0.048830818971068
0.0567764845467055
0.0488692720506202
0.0112695098385845
0.0359978130414254
0.0357691803349387
0.0119838099583852
0.0486195003390757
0.0163151739508029
0.0163151739508029
0.0238226360693154
0.00681327101363259
0.0403023949814291
0.0237942437937517
0.0126818033183105
