1
1
1
1
1
1
1
1
1
1
1
1
1
1
1
1
1
0.0279329608938548
1
1
1
0.999999999999999
0.999999999999999
0.999999999999999
1
0.969362722828951
0.985915492957747
0.952380952380952
0.952380952380952
0.952380952380952
0.334545454545455
0.952380952380952
0.0251256281407035
0.940594059405941
0.9375
0.902777777777777
0.855855855855856
0.833333333333333
0.844155844155844
0.846774193548387
0.821917808219177
0.825242718446601
0.825242718446601
0.833333333333333
0.871212121212122
0.864915904894854
0.827067669172933
0.81896551724138
0.792682926829268
0.164701578495454
0.793955535648928
0.794726009082938
0.755509309153071
0.7832439676867
0.789473684210527
0.785123966942149
0.714285714285714
0.75
0.706521739130435
0.720338983050848
0.14839651379252
0.14839651379252
0.729166666666666
0.714285714285714
0.69620253164557
0.697384806973848
0.624458745329299
0.730303829582919
0.683928705420063
0.681818181818182
0.684445548722833
0.666597692535694
0.666597692535694
0.665184297186435
0.606993616298307
0.654761904761905
0.702926251308011
0.672268907563026
0.672268907563026
0.628968674179514
0.228167821629152
0.228167821629152
0.683654773970146
0.639097744360903
0.639097744360903
0.661528639833849
0.692059473765096
0.60773789827489
0.60773789827489
0.574334705918505
0.566043164193904
0.636050267851175
0.555555555555555
0.513329405414289
0.580700378367848
0.622201542860226
0.622201542860226
0.622201542860226
0.555555555555556
0.514705882352942
0.555555555555555
0.566390685306932
0.47490967889148
0.528846153846153
0.514705882352942
0.532786885245901
0.526618783924557
0.639094543842492
0.563868414990295
0.404484922384777
0.145493677819212
0.536912751677852
0.474452554744525
0.258500360802864
0.492424242424243
0.492424242424243
0.48780487804878
0.417521289038299
0.445544554455445
0.589830439135206
0.439191757663642
0.360006841334039
0.447689231389391
0.448717948717949
0.450231209141969
0.450231209141969
0.451929897178522
0.471750563059869
0.573528152090653
0.584443126577376
0.43271046064944
0.44092838051801
0.324705075128255
0.115335169104337
0.341322703480597
0.347272925426752
0.274840357598978
0.46436400303441
0.46436400303441
0.391653110605527
0.386034320812275
0.188149498659706
0.360600004594216
0.400342663550134
0.36983204134367
0.342241523508955
0.12292908508517
0.293881353992784
0.369130895534786
0.381944444444444
0.344635491842579
0.493714978040285
0.406351004268364
0.314487168009915
0.376530413225802
0.316681031980746
0.381944444444444
0.333333333333333
0.404587148456358
0.330165692007797
0.289871320036384
0.298399313722472
0.300799812710392
0.422341460371835
0.349560828048691
0.378628162145556
0.284960517204161
0.212287620475279
0.343400913548964
0.266259719277112
0.341880341880342
0.357142857142857
0.401596911924896
0.39212240158728
0.481621067467064
0.290668380506746
0.244358448528822
0.297663024137894
0.400694810746649
0.31576492245923
0.390293445788852
0.35644499266893
0.450520833333333
0.272727272727272
0.244695011567053
0.445517415848492
0.283200885252003
0.223275271576564
0.279568129148206
0.343422284029248
0.306711411741338
0.306711411741338
0.306711411741338
0.288409941097697
0.302937257390652
0.386013920770082
0.309361387272126
0.281690140845071
0.21639429846593
0.369210847710947
0.369210847710947
0.290433470090152
0.280040208765107
0.271350819301746
0.380085200751547
0.169344718964941
0.251961153832464
0.244589681461896
0.258922511905217
0.258922511905217
0.345434657283765
0.151623993419687
0.24958035753744
0.144431398946503
0.276132624110332
0.231423138828308
0.18628991991866
0.245623189916473
0.264552045441197
0.264552045441197
0.264552045441197
0.219420751284189
0.323913441249463
0.324683079590413
0.306041764736687
0.19845261059514
0.242241455510667
0.106818710473072
0.306198859023326
0.240962517792086
0.370149209930284
0.303005421120727
0.212779611420185
0.212779611420185
0.212779611420185
0.0963285161650334
0.533854353546475
0.533854353546475
0.272389522207976
0.255632744807591
0.181117995272465
0.181117995272465
0.223806692686381
0.394120195845842
0.239396350005568
0.161434177904655
0.204457593129895
0.250874277681949
0.251075844206405
0.188294962343794
0.208205506645519
0.408640141621927
0.224397114233153
0.286411382777449
0.183534352220779
0.213276616387702
0.112689328466427
0.266460877483082
0.249481967076231
0.159729709922062
0.0367018553343836
0.226376085725657
0.241047373775451
0.172152905470049
0.160252114363303
0.141430690731399
0.248485122972208
0.224468048584728
0.132095179449315
0.283395046067032
0.18876052160469
0.200271290802293
0.199993638824619
0.17444192531144
0.1660477191227
0.175040519798893
0.206317215094626
0.206317215094626
0.1642903866976
0.260559202706953
0.260559202706953
0.233430999830497
0.222163078590153
0.2053278295072
0.174610153266707
0.24077495249764
0.098994887408384
0.204203158770883
0.172107270255431
0.169516081259676
0.155063926594648
0.121271992378282
0.217117758701837
0.159408339208371
0.206095871210066
0.17267753553113
0.239269779214426
0.189214542440354
0.120811326208931
0.158101550303288
0.192873845813883
0.192873845813883
0.0797982705076034
0.211220197798833
0.270657876461433
0.206082354988498
0.105509975298934
0.179904765888451
0.225950061317713
0.225950061317713
0.0864324959696308
0.118550550837788
0.181965093445434
0.20570983015345
0.202347161985122
0.109229098498388
0.11262686789204
0.178665260783721
0.132579821554942
0.150575248160049
0.206469295782867
0.163664899100407
0.179645636973369
0.203360219323912
0.153272731261876
0.14547832427729
0.14547832427729
0.14547832427729
0.133860535078913
0.0908632448559537
0.0908632448559537
0.178980605336801
0.0475689116618621
0.169978340710048
0.131863761587654
0.0821391525798183
0.10593823780615
0.165738171209424
0.137885799042147
0.128699701449025
0.165720914656577
0.119755173047709
0.0230272401087275
0.104263382833678
0.104263382833678
0.201206363622713
0.0739474356290824
0.147017379891366
0.147017379891366
0.148760126504773
0.145406057842591
0.177223592162616
0.182045906491716
0.0657645151597432
0.26005098590441
0.26005098590441
0.112130620296265
0.132137937221204
0.121317272879267
0.109589979259085
0.116590987229838
0.0636248531304343
0.151558857999359
0.0927206095785732
0.0548203550368626
0.0548203550368626
0.116752182452008
0.108804900014429
0.140015480614297
0.140015480614297
0.0777666653140084
0.0777666653140084
0.147131620526323
0.128274310433555
0.127795217784169
0.107184868012767
0.0640328315182059
0.0640328315182059
0.0746610150229251
0.136798572529616
0.10769661886752
0.236713301869653
0.11334913831863
0.0996935720751319
0.0796267238225355
0.0879046161585759
0.112691831845093
0.152873625991758
0.0922350506128521
0.123584937975225
0.1282993727741
0.0711491161792016
0.183702697774662
0.0851980231710343
0.120990201423557
0.120990201423557
0.120990201423557
0.058328764407272
0.132936138079517
0.119831443669918
0.0752145482269371
0.106576747862228
0.0880574819006609
0.124083728135819
0.0546116021988258
0.0952351179633517
0.102422948732352
0.0513103331767068
0.100301616449333
0.0767763655973625
0.0895269746354568
0.101824339555326
0.0817294359387885
0.120710069421416
0.0970864618787777
0.0569874174917492
0.0695563403572022
0.0695563403572022
0.0904724619425199
0.0953155060720841
0.0606127290500917
0.0537926786880461
0.0786920906561674
0.0431894872639389
0.0431894872639389
0.101978427865674
0.0968184074779384
0.12279366062988
0.0676414650203073
0.0676414650203073
0.0980302729501908
0.0961084032772984
0.131135660655038
0.0559392237950369
0.0559392237950369
0.0884718308418626
0.0959688886334717
0.0434578907688706
0.12609666560739
0.143804780876494
0.0606350173097442
0.0529237123728237
0.0923339917152867
0.0923339917152867
0.0630742177623951
0.0765681872988214
0.036402884369851
0.058248436366699
0.111474230919395
0.0870060229198119
0.090190421701772
0.0679399703170816
0.0287523443055973
0.133323566758618
0.0769307886442399
0.0379061522181562
0.0379061522181562
0.0379061522181562
0.0541516763168595
0.0303823218660803
0.0353073602271347
0.0592803728655
0.0315207143967806
0.060224961050664
0.060224961050664
0.060224961050664
0.0523793150996999
0.0540581182468791
0.0351833034874626
0.0378275092695286
0.0378275092695286
0.0774578558188159
0.0535440070466357
0.056653536395946
0.0470200379742478
0.05165003354579
0.0485681324599401
0.0372644053995818
0.078251314960581
0.0414631364348479
0.0272608001879951
0.0910306945845139
0.0374011112181734
0.05308406475688
0.00574568051502552
0.043607433638756
0.0321984731041176
0.0562955735105325
0.0393362416850526
0.0393362416850526
0.036190581476484
0.00846898078141714
0.0509930200994163
0.0487204427296966
0.0483245639184945
0.0424738835719637
0.0350718909176471
0.014624752132607
0.0366557990965133
0.0485434566966489
0.0262314561484559
0.00406778553956374
0.0114982534617237
0.00403516838030755
0.00403516838030755
0.0188201570366513
0.0363520419955715
0.0470778232445621
0.0157740599759644
0.0176021381140163
0.0197450613213558
