0.232558139534883
0.357142857142857
0.357142857142857
0.194805194805195
0.0335570469798657
0.10204081632653
0.0619789051860317
0.0619789051860317
0.0619789051860317
0.0580994639774037
0.094868807817271
0.0516948980828798
0.0516948980828798
0.0516948980828798
0.25739930272235
0.14793905903389
0.148304214426433
0.0301069841451897
0.123725682185162
0.32883820166823
0.32883820166823
0.377838174268014
0.136651604110176
0.167603692284376
0.0743204250750946
0.241324314541671
0.378893136276359
0.210037523452158
0.0608343257408866
0.0446897967816237
0.156726980072033
0.156726980072033
0.180595294130987
0.197143565296128
0.0864497836986422
0.174439547388695
0.0358139684219912
0.266725563842686
0.11064389553495
0.11064389553495
0.21153732904743
0.0485394241159408
0.0766747439675195
0.0766747439675195
0.164397076311004
0.0413639970022741
0.163155320276149
0.262508892488191
0.262508892488191
0.261206281007183
0.180581962678374
0.118562246167646
0.0850233805380313
0.369819248572409
0.13284359092522
0.225558101107988
0.052243320256864
0.0282068896828418
0.0282068896828418
0.239964857666335
0.167882086155805
0.200161306525568
0.0917782459237423
0.0853172824779422
0.0956727389781701
0.151717157609376
0.186419442560544
0.213105868716568
0.213105868716568
0.0573153056458427
0.136880812787185
0.136880812787185
0.136880812787185
0.15328486749764
0.108688269062394
0.0746383833779708
0.0746383833779708
0.196973658636831
0.127408593474861
0.123354620230746
0.108204794566546
0.108204794566546
0.110435811418454
0.165316218073777
0.055938567660476
0.146618687015044
0.190460055939888
0.190460055939888
0.190460055939888
0.0689236245893412
0.0689236245893412
0.0737159127268154
0.0737159127268154
0.242463849634868
0.19036936715312
0.142548461762472
0.0880554024653769
0.255173411054694
0.111733437917591
0.0419733901124249
0.130201705447983
0.133033424842356
0.0832962876453261
0.0212942644248968
0.153048725397443
0.315619242403623
0.315619242403623
0.0646898920688062
0.0646898920688062
0.221400837988056
0.221400837988056
0.116116642443548
0.108155884823296
0.00621979511678745
0.123515140894752
0.151964705951846
0.151964705951846
0.128937212718553
0.0927841490568731
0.0750270367700072
0.0750270367700072
0.141232842680009
0.141232842680009
0.104313617664434
0.0984641230738979
0.0906646806977025
0.129298394976748
0.0796878616539365
0.111073708919738
0.218446601941747
0.0889169744403384
0.109544502251615
0.106126398580633
0.0665004155269349
0.0657672564032318
0.0748386596814551
0.152151868883386
0.07711461050941
0.07711461050941
0.07711461050941
0.0822256787330315
0.0511267031972664
0.0511267031972664
0.125502713152025
0.129609824922449
0.0679028437409899
0.0728767072784663
0.084986702846421
0.0545420875522473
0.0665102338515866
0.0753772888501857
0.103582153495901
0.0591926473194489
0.102099761791856
0.106226964005003
0.106608200133796
0.106608200133796
0.106608200133796
0.0468524515336591
0.140222223353988
0.0230730685131195
0.0230730685131195
0.0678173556805477
0.0720744207216387
0.0427571143057269
0.0766183051706648
0.153055763146705
0.0632760927914954
0.0626721753430782
0.0298575624558721
0.0667556290974185
0.177393328165379
0.0713936355318141
0.0908858956864989
0.213583808528532
0.213583808528532
0.101802254428574
0.100251197926552
0.185051147073543
0.116190671600074
0.0535218611048485
0.15874147531515
0.133214476559659
0.138146925342939
0.0921356726321072
0.0921356726321072
0.05309215804071
0.207587449909153
0.10283812558872
0.101082039001271
0.0385708404469925
0.0407687162016849
0.230200111899649
0.074039467963872
0.0742543005480611
0.0682658298028944
0.0657770085534601
0.0543460158246804
0.124579303540027
0.10212833075141
0.189313857389968
0.131673494800513
0.131673494800513
0.131673494800513
0.203714147159996
0.144293288855473
0.0854950339347339
0.118333479051977
0.072549983978456
0.10952374075435
0.0972222222222222
0.0564392529611559
0.184761331436198
0.190163745559148
0.153852489454275
0.153852489454275
0.0986915686002974
0.0988655624460947
0.0537039160251399
0.121563222468994
0.121563222468994
0.104896215575029
0.0848401878275604
0.0620062734158742
0.163292757406798
0.0812559936726215
0.11536569488629
0.245524344750608
0.189367134754645
0.203004173954572
0.101696380000394
0.0502391165798161
0.05705868275216
0.0390274491627516
0.0947805916495302
0.0951143109952825
0.177781267609537
0.159543083230898
0.0941524278975245
0.0347975868147088
0.28246029974194
0.138540015083225
0.0896663656047763
0.112109406588266
0.0627861808667331
0.0120499718101242
0.158191589130164
0.120703841098753
0.120703841098753
0.0480421472564222
0.0762533860586001
0.0409564915167713
0.165876186215757
0.120666064894469
0.110458288828212
0.0277892390094233
0.114912800613771
0.124086543620185
0.0773661161370094
0.0829979375663283
0.0476658246828236
0.0476658246828236
0.0591870490343064
0.126168214310145
0.126168214310145
0.0704063726729666
0.0812845089455628
0.0404319984632332
0.15321951899293
0.111979736607482
0.176811748224456
0.0350514321117771
0.0578928426652453
0.0447477355993032
0.103518429542669
0.0702991351512806
0.0324987664493389
0.108906243169047
0.0691547531804611
0.0809842150271705
0.0907933228869325
0.0560150532944791
0.071748374705845
0.0464621611947732
0.155131423475863
0.130423223518135
0.0869445760794168
0.0833399717248635
0.0857291135422942
0.0839609190637624
0.0445239893599553
0.0544685222947826
0.0781704036951495
0.0781704036951495
0.0564497951370677
0.0659612601308804
0.135731655146016
0.108452960474641
0.108452960474641
0.106762532599247
0.0784916560080195
0.0665400763171913
0.0318170399898886
0.209212939603231
0.0574580287619855
0.0880303547596141
0.0700028353738329
0.0912950120772179
0.0671929433697068
0.0943380589571054
0.0943380589571054
0.0191760626752227
0.245850988700565
0.0643143130479233
0.0643143130479233
0.0701743716860393
0.0598487774357117
0.0598487774357117
0.0794971132009991
0.0200199394072361
0.0634637267979841
0.0603934386683666
0.105236309986161
0.0572934092327484
0.0906937197709812
0.104363205009346
0.0525224141404919
0.116322051786709
0.0787356034242929
0.0488388150188826
0.0488388150188826
0.195895904164103
0.136200716845878
0.0997270959024293
0.0464536357519878
0.0860960072818605
0.0688886291080219
0.0932415974152706
0.03638582261934
0.0154262166502855
0.0234905144439239
0.0878980127080922
0.0810154959971262
0.0382304304005149
0.0382304304005149
0.0632873821138567
0.0748706168275986
0.0147472289167652
0.101013128220691
0.101013128220691
0.0201310622195808
0.0863304934396514
0.0609881781292298
0.0208389807535917
0.0314345513744116
0.13762922573901
0.0331667847675999
0.136117437218714
0.0520816570203284
0.078823424993553
0.119697841987255
0.0882890315046731
0.0577890983126333
0.0306190518553302
0.0751855561200252
0.0716011202312619
0.102395505018749
0.0661538686168471
0.11383618768277
0.0471989212044953
0.0483052717937148
0.0483052717937148
0.0483052717937148
0.198473821511058
0.067968264946425
0.0236134140665304
0.104718000502914
0.118175647694887
0.118175647694887
0.133813476534452
0.0539603476047818
0.0415458938972919
0.149647775694214
0.0100161565824492
0.239869417319809
0.0635806634652171
0.0953175041873714
0.109179428743062
0.0995308706584652
0.1116540587553
0.0365354467140939
0.0078045574517153
0.0159070130517292
0.0160717401843624
0.0186595990119674
0.0186595990119674
0.0400152665293927
0.0795368619914105
0.114197769554767
0.0612703961063522
0.0247299581319349
0.0449539970262855
0.122858533085723
0.144187274525951
0.0426896973279848
0.119059059161269
0.0235523235765481
0.049135628662425
0.135696354271168
0.0570307898641924
0.0570307898641924
0.0582441180094588
0.0914742507049005
0.117405615569841
0.105062741825355
0.0497571952362366
0.0209552773524867
0.0618819352573009
0.0331072914053387
0.0757487253121506
0.0339816369566275
0.00261472000221887
0.105447922257669
0.0703168256724457
0.138040255408786
0.0857810717212831
0.036956559262987
0.036956559262987
0.112587596244214
0.0314659752730007
0.0936244513366834
0.0270947752181672
0.0943676198616768
0.0927380622701787
0.0546429948235151
0.0829670043719531
0.0516058580682535
0.222178146491779
0.0259907188954793
0.0442863711672711
0.0801616886219199
0.0327917941658652
0.0576910282897682
0.0763898187800182
0.0559077112427458
0.130480987022525
0.0310626512882171
0.0169900116783836
0.195522516849939
0.030970929187985
0.0502219297063215
0.0734890625030231
0.0292816244846745
0.117104749817983
0.148767626800532
0.0738312877459717
0.0323391101777468
0.157247197155722
0.0564297055280357
0.0303081682763345
0.135440416875331
0.053087235064034
0.0734058728819302
0.0480615364506024
0.0306329069723042
0.0431627545822329
0.0692867919048946
0.106238969982645
0.0642067287584743
0.0190504456473042
0.107672229123493
0.0625059101654847
0.026839443822377
0.0923729353668193
0.0689698492544897
0.0144549732354616
0.0345204094741435
0.0966593530158283
0.0327527872011373
0.0523209333388543
0.0425030604912434
0.0551254996488422
0.042058999454524
0.0156335539341543
0.0179869597313434
0.0416669281554371
0.0731824781867944
0.0156496802623659
0.0838626864404306
0.0941499439353516
0.047001025136577
0.0710702090092837
0.0320050320050319
0.0115635859973977
0.0988402944527361
0.0578032283567717
0.0454242064101702
0.0296193422975134
0.0289994690757765
0.0289994690757765
0.0289994690757765
0.0467689699821029
0.0670071428745004
0.0349388573030584
0.0273250199595751
0.10701486108392
0.0424729454974998
0.0718366573323364
0.0322831308980737
0.0448172084449962
0.0147308755277867
0.0300058452665814
0.115087366337398
0.078040773497623
0.078040773497623
0.0685281090618104
0.0189829773336792
0.0663440366931963
0.159068080190175
0.159068080190175
0.0267274938632742
0.12948323167292
0.176133919206637
0.0256470995292013
0.0632394241218955
0.016309691160376
0.049619926057327
0.049619926057327
0.0155145670458861
0.0364171178919828
0.0193907229492709
0.0607208552371265
0.0393295610425066
0.120933409549467
0.0729486103820446
0.0467738169313218
0.0421545829297377
0.0239751113631084
0.0723109987490033
0.0552915377380417
0.00721857482074639
0.0171200994243215
0.0905195088466623
0.0629012479364808
0.066465069464332
0.0504186402024552
0.0449472181470866
0.0449472181470866
0.0165478451536091
0.0430582589939951
0.0112778390115532
0.10399939472937
0.0807478843198703
0.0795445485887566
0.0971389395792168
0.0235127761818198
0.0275443324390052
0.0302732051842303
0.12423927237416
0.0075169293472645
0.0456753885862076
0.0546448461488838
0.124223602484472
0.12885678069182
0.0338164492391738
0.12317508985034
0.0292915394547562
0.057055801052105
0.0197167035597572
0.110533510466532
0.075894636010813
0.027319323166253
0.0421193494527239
0.092392691520497
0.00573048941939051
0.108524059041187
0.108524059041187
0.120679411344937
0.0351057067456433
0.0351713548229061
0.0351713548229061
0.06382066114327
0.0260137136160347
0.0963929948932197
0.0347903478628768
0.0680100871549073
0.0134974803398231
0.0806562606592934
0.0103303889297551
0.0622067367088623
0.0544312964069274
0.0909478707841938
0.0321014043299243
0.0296450662179061
0.055680526391222
0.0427308785513841
0.00802429720621552
0.0496010919452982
0.0829536495159512
0.0627649979776921
0.0585325008032398
0.0664643845011841
0.00988410901073809
0.0758664170304536
0.042792461693321
0.0202663700758025
0.0470591348528684
0.047169048651043
0.0027916794179249
0.0251645915148607
0.0455459369591451
0.00335151999814207
0.114876269290607
0.070192246102409
0.0653043420820752
0.117528044794986
0.0491438839441644
0.0159080209521882
0.119692749027514
0.0682190454596334
0.0189334367100503
0.0573460785404154
0.0193699292765815
0.0380717183605072
0.0185562869495873
0.0490006230972515
0.0442112489069521
0.0573773684233527
0.0355883585572232
0.0190095151180102
0.05474844750265
0.0767323322771731
0.0369599746699349
0.115206859476329
0.000634644561832234
0.0464316957906501
0.0398436425618556
0.0370555611462057
0.0590802761945192
0.0711848798979387
0.0142587850120802
0.0403018380014398
0.04646595878257
0.0236025410626572
0.0236025410626572
0.0236025410626572
0.0961711741509427
0.0423340812137361
0.0406882089442488
0.0170214542722127
0.0392242275461602
0.00702791620275466
0.032894933552968
0.0305175190904498
0.0646551724137933
0.045926992143317
0.0494274926652606
0.060936729746914
0.0161447010448889
0.0176603355295648
0.00373814770876332
