0.792158544617479
0.691048095146862
0.691048095146862
0.556190815959714
0.707498807613758
0.663888186980909
0.515941914921722
0.523337527051803
0.482879550340487
0.482879550340487
0.470827477049699
0.530075251226922
0.530075251226922
0.412114192969314
0.533063919573041
0.421097102306327
0.503576489641676
0.503679706294104
0.487693222598656
0.569967403114814
0.569967403114814
0.505169401347854
0.505169401347854
0.422347790184583
0.160055256379474
0.452294921176485
0.384939646006629
0.384939646006629
0.384939646006629
0.276305033658194
0.276305033658194
0.276305033658194
0.197974985110185
0.447392727825315
0.428804580925644
0.423772410091251
0.417204695524578
0.40217317133864
0.40217317133864
0.453572874382095
0.460371829884834
0.47923530431767
0.396672893669348
0.434206855269153
0.287795378399757
0.356754821400204
0.356754821400204
0.334766275300096
0.435297185047039
0.291564573746904
0.346927757220778
0.456263736263736
0.390083719806033
0.249819255215897
0.243766691306407
0.331375358653046
0.273608933933208
0.153532925928347
0.325265076243892
0.294165339825984
0.42268621269738
0.226968945490359
0.363547280744733
0.247731763621493
0.322054292002935
0.385892705677072
0.361499835260791
0.210083359541973
0.32409436334808
0.32409436334808
0.399462554031109
0.387895476039273
0.387895476039273
0.307659099134728
0.409158946937113
0.228275636455779
0.22377912263288
0.327940695207568
0.310220631785241
0.317805286139607
0.363833713231304
0.435389702350238
0.223749418404269
0.345909887789502
0.313253837255629
0.270526069445431
0.236965038236855
0.239848247372174
0.327167887396214
0.212927384419589
0.238756176627954
0.282471211917756
0.257125772373929
0.26720139494333
0.311620822875994
0.28798920762002
0.244660938888879
0.244107450180387
0.265476026926776
0.229394695569905
0.312690830474592
0.312690830474592
0.302568011237843
0.285714285714286
0.326187889855207
0.326187889855207
0.31857203816041
0.228094025564472
0.201261166815768
0.315535929345644
0.230948695809084
0.239610323846866
0.282666254580195
0.199876845630841
0.168311169368478
0.18098294487888
0.333024845028585
0.333024845028585
0.271456873264373
0.254998748667797
0.218841856449853
0.191864005322266
0.254545454545454
0.256478368532973
0.256364348229083
0.256364348229083
0.16786685772599
0.169078077489375
0.212172308965259
0.125719980884387
0.148355899069319
0.148355899069319
0.186163453287494
0.231845823390998
0.305084745762711
0.179549082279178
0.362367388563777
0.266761103661403
0.151514370409955
0.170872509039457
0.043371571657712
0.101754929397124
0.200162378122447
0.221241406272983
0.219588498497201
0.268175324912055
0.135667871669313
0.260100516553566
0.315789473684211
0.0967731415540082
0.198519116288643
0.246500527279792
0.245725220575601
0.20427342892903
0.0981138721370821
0.241245297339674
0.134579160503374
0.166654759866899
0.228032008654579
0.198940324084561
0.24
0.107089783708799
0.209597679956283
0.0652164612073043
0.26903729803658
0.235353084373056
0.239431990495273
0.210597080937638
0.190518095775101
0.189082787376043
0.0670371390290384
0.0495077025700346
0.0770646022619282
0.273870650891428
0.198549227626714
0.227995023227993
0.202084227731448
0.212651247652774
0.205562795869007
0.0850101872046687
0.245914761960768
0.160913813232003
0.167908622576795
0.145586105309264
0.190047140479093
0.225943121288822
0.161080600062674
0.181554333456847
0.181554333456847
0.181133801793612
0.21258636524754
0.0456372329358808
0.247834323422343
0.146084188626937
0.133813882542577
0.227774118390991
0.134943607169717
0.158766323060933
0.0389326861237123
0.0389326861237123
0.147689336521523
0.113312042787207
0.152204619352695
0.138423999616663
0.136529664953078
0.147314691650784
0.0640110082824016
0.11705234281669
0.0884867043427135
0.0884867043427135
0.12775601270985
0.164271986731018
0.125711981899408
0.170302986955389
0.128477778225315
0.179098251852688
0.10755844560897
0.104888173416684
0.10094550698086
0.2
0.174052604691277
0.174052604691277
0.0371116531491435
0.0869719226994558
0.0529947710569136
0.0606947076241436
0.170660216308483
0.17272738176769
0.132052885208661
0.0651928148136204
0.10294309189213
0.12838712985153
0.14947148237225
0.14947148237225
0.147215163190755
0.138789942018501
0.140604151888278
0.0433714413905169
0.0433714413905169
0.16679171352013
0.107374883624152
0.144207034531391
0.123004381294948
0.144015374225154
0.165290590272156
0.181138742954453
0.0781513424413712
0.0657996388904853
0.118103340260957
0.137365283726326
0.137365283726326
0.110022904870895
0.109808099303206
0.0498391885205345
0.0498391885205345
0.157363912456376
0.0392237826115948
0.0232422184190156
0.0997591836734694
0.088730270937329
0.054539789976544
0.121987642607468
0.0925468032497355
0.101568884355264
0.111718288595854
0.0602799872767568
0.0904840373398501
0.0904840373398501
0.0904259991989857
0.0779976575920659
0.059826828336089
0.0652311220773263
0.0944614460303064
0.0386138234600753
0.0812157270656478
0.0920637741824906
0.0677483833069181
0.0307757809417806
0.0481308205450321
0.0818930002198857
0.029789748019582
0.0983141593963066
0.0751917245959039
0.0364716775658841
0.00976281300266873
