1
1
1
1
0.984327308755613
0.883155911175338
0.883155911175338
0.87585647313379
0.933017807220129
0.965909090909091
0.965909090909091
0.936680524464343
0.883469176413205
0.873771498771499
0.873771498771499
0.965909090909091
0.965909090909091
0.882352941176471
0.835876198779425
0.825298438934802
0.825298438934802
0.804409005628518
0.808641716608692
0.775268514119311
0.785642083014263
0.851616330608394
0.91001289072901
0.803571428571428
0.806301482289592
0.754644494428324
0.822854018589393
0.822854018589393
0.883012102196324
0.885439605813698
0.885439605813698
0.952380952380952
0.952380952380952
0.754573170731707
0.855952656461798
0.845567048935951
0.793936422689946
0.775455857437654
0.775455857437654
0.770661945265607
0.787764115304003
0.633802816901408
0.773552463894877
0.755378317688729
0.721351851651904
0.721821591376866
0.581032730888966
0.742673906558245
0.674631247056726
0.711689598594525
0.734465758999593
0.702893944000664
0.702893944000664
0.560333512231445
0.377670756787677
0.647610403259378
0.507437419354839
0.646458942339178
0.618668094133508
0.758599508599508
0.658310871960336
0.658310871960336
0.638343094653316
0.582864708441106
0.596153846153846
0.681193920527376
0.581962943671404
0.68532306633769
0.588935458954326
0.58702025586354
0.566688210833561
0.657762469325607
0.554445093637566
0.612189241200295
0.617036462486936
0.695662232504338
0.525846702317291
0.546388079536043
0.684896316306973
0.586440195135847
0.556802873821285
0.631740345930498
0.456445993031359
0.511293121235653
0.329982187308542
0.546821734255174
0.487014944286489
0.420476163025307
0.536688464178619
0.536688464178619
0.344734715863184
0.49096979828345
0.466784210585364
0.557478715325789
0.222438206936489
0.42365616066604
0.473712663873496
0.473712663873496
0.464605332320584
0.391331752773738
0.375442546055896
0.48780487804878
0.4353115830369
0.49625765584728
0.500209724471946
0.500209724471946
0.473840643219144
0.433639626746572
0.430157823280443
0.486407213221506
0.486407213221506
0.515968028731888
0.515968028731888
0.477399533011569
0.477399533011569
0.372635294702563
0.434235333797598
0.283383869571994
0.503833515881708
0.379681323726229
0.156964513816011
0.378535371397144
0.395507430286112
0.395507430286112
0.330788239059274
0.349041976915568
0.399956408020924
0.260111022997621
0.210615779613956
0.354401968991557
0.432267749491911
0.432267749491911
0.405165082756898
0.405165082756898
0.405165082756898
0.293187793560388
0.225638192272395
0.371052121681844
0.264402615444063
0.264892554020265
0.329043384472735
0.329043384472735
0.121882627297227
0.257237531269039
0.21063716439746
