1
1
0.814159292035398
0.751515151515152
0.701792445417312
0.614804574588413
0.0511721431053174
0.492960563198292
0.617449664429531
0.496035019841208
0.401090918664339
0.211741603399977
0.0424997797068327
0.367145617783421
0.26656399872378
0.160184629652245
0.113017769413953
0.235835107027815
0.0900267147314965
0.0857199950226704
0.151265705267067
0.210685072296014
0.289855072463768
0.167842664226999
0.224684146648459
0.0426177204982227
0.230266410842778
0.274159692998207
0.263031768317921
0.358813223474788
0.215410993732727
0.175999866387175
0.186893943794655
0.262008733624454
0.188659530954948
0.200322468065182
0.185349279186225
0.201419665333073
0.222222222222223
0.154171331226388
0.241280654877181
0.170528564101437
0.199924025267123
0.161478314584823
0.207829980482454
0.149382141253655
0.106800458638054
0.210350492828874
0.100522482622869
0.159679108517863
0.16708164073799
0.203393051218653
0.211663535267592
0.084928634324143
0.064392917623882
0.171454917153389
0.112010789185932
0.0887564264888314
0.217734717542812
0.19672131147541
0.118911611085982
0.0155894065815914
0.195683583055798
0.113078803344555
0.180825665535355
0.0523945313153394
0.167390911350308
0.0307450980392156
0.00295634056416683
0.0571570736678402
0.0267418256961778
0.191575906738644
0.111545851324334
0.0531591939381745
0.0531591939381745
0.116326293469664
0.116326293469664
0.0984507119583044
0.123204833056352
0.184303479772836
0.0671318350031687
0.0671318350031687
0.175049677098857
0.117551677916394
0.11508270684976
0.151541373336136
0.047205146437428
0.105389915604688
0.0872311509470175
0.0964284329865424
0.0798302120263552
0.0834983278042027
0.157027406285984
0.11604455360998
0.0558950002873596
0.119581517041645
0.0359530894625559
0.275379488185574
0.112302646437519
0.310952923195602
0.0199222556694903
0.0703153596760079
0.0894215244267773
0.0304949903240753
0.112299225985049
0.154490371423
0.0470005646524051
0.0297065557596621
0.239193624158557
0.0524922799629487
0.0527104686890294
0.024137435317766
0.024137435317766
0.0998139494846226
0.123559737810132
0.0343577803930324
0.0355599785493945
0.0337988932222273
0.0541272489889539
0.0908956522371316
0.154177964903887
0.130705076557105
0.114256053531206
0.0805338170885802
0.0113061419612328
0.0113061419612328
0.0694014346791269
0.0998330873579637
0.0815444682681419
0.0815444682681419
0.0543977217435033
0.129832793655406
0.0456731155846637
0.0456731155846637
0.162417515983806
0.125763873459736
0.0759076788605762
0.123559049278206
0.104658860535046
0.104658860535046
0.0483537942252694
0.157913677342133
0.0655633863476126
0.0655633863476126
0.110750694326674
0.0480482189392663
0.0830411111356242
0.111294860843273
0.0640623075753575
0.117371760943149
0.0404200541695587
0.0404200541695587
0.161403577020705
0.0749195361148065
0.0545798722743129
0.0849764244810108
0.0811957231312072
0.107855028318247
0.107855028318247
0.130834294918259
0.0371577238826051
0.0371577238826051
0.0859967834469284
0.175212077038071
0.102865388118936
0.0725081478384159
0.00509301548697446
0.187264088937297
0.187264088937297
0.0921841473139572
0.138228734502027
0.103384408324796
0.0175674151987667
0.000522692119076036
0.0971089831166801
0.0480958667401538
0.0859169676409308
0.102208756417248
0.0170650131491409
0.113945947399389
0.0719076817022122
0.148996009122284
0.233876642480986
0.0164914249469397
0.142027007369603
0.128930796583149
0.0478741430546382
0.0170974359099106
0.0699915934604664
0.0541901168104346
0.0821922014097091
0.0821922014097091
0.119513054409131
0.0963534798767554
0.0986958846696523
0.128359240327167
0.0464229311254346
0.0586966303932157
0.0212417196161957
0.0881010586011844
0.169347198351534
0.0976734160634405
0.0476588899603172
0.0802001750757242
0.0810880544645686
0.16288323183955
0.100783368445575
0.114597904482866
0.114597904482866
0.0398618391108185
0.0394000898462568
0.0937045464201957
0.0893109607666016
0.0455083688998547
0.101628768628083
0.0738452495948491
0.0218385051885506
0.170861240903042
0.0855825653987924
0.0485547507329299
0.0470241823214597
0.00686805419911403
0.0576600233889334
0.0271136448021589
0.157066870582563
0.0283906611193033
0.0283906611193033
0.144932962275432
0.0103799348059501
0.0726534949772767
0.0318784421990834
0.0638310553418091
0.0722897196261682
0.0752465228314893
0.069749436327538
0.0906332060213104
0.10033134019991
0.10033134019991
0.0987357769558515
0.0487452075322915
0.0511375008417351
0.0590809367421315
0.103992334777514
0.00490327703478913
0.0221309519647567
0.0221309519647567
0.0660182257249074
0.147362328910263
0.0681229785555182
0.0936484268527413
0.0936484268527413
0.0101888345987368
0.0934302914152206
0.0934302914152206
0.0556145884924561
0.038149673798399
0.0197176447657703
0.0411483568558699
0.0411483568558699
0.174590169213579
0.0890071375740965
0.030354749711432
0.0418608309130247
0.136821992150626
0.0381173316922477
0.012535085182376
0.012535085182376
0.0296920886873356
0.031284266430864
0.031284266430864
0.0946942385799559
0.128863297467602
0.0673949184957312
0.04057238712144
0.0946398787344172
0.0125981695693553
0.123340963890705
0.0217512838781576
0.0528924314326899
0.127578320688278
0.0363924212900029
0.0809611095276094
0.0257990385599582
0.0305405214329965
0.0305405214329965
0.0109349453030925
0.0973851449800655
0.118669731298121
0.118669731298121
0.0859402580099918
0.0136844690176839
0.0550449628308954
0.114003727404966
0.0574366722456658
0.0376427628158827
0.132408227692073
0.119372577183651
0.0666341077319071
0.103555237641266
0.126716679222186
0.109448439126018
0.159655867631996
0.0490692473157254
0.0617421834675556
0.0337758093934698
0.06954489045226
0.0637820643530035
0.101055197479019
0.0461905797917617
0.0398936401637289
0.0442819480228768
0.0968913468752597
0.0566574856312788
0.0474153087158245
0.0280809364726134
0.0891453336598756
0.0217499898536253
0.0596686268753565
0.167825066942273
0.0419527904769127
0.0077944145498417
0.0591152331787722
0.0853057455739684
0.0293887380680188
0.0147299667097692
0.0862741875277513
0.0920939301558933
0.0367302872265723
0.00577501268936123
0.150501058487927
0.150501058487927
0.0387960946522808
0.0353066064606818
0.0444687995622313
0.079086146696378
0.0589188789147176
0.0225811995434703
0.0853035653195623
0.0853035653195623
0.0718686583401326
0.114802739844682
0.0214964531364605
0.0506349498099984
0.0133370774324412
0.0807853169990159
0.0635815330853858
0.0146073952131152
0.0882056327511577
0.0882056327511577
0.0717910570231021
0.0474669281576564
0.0386718739114319
0.0841010525755976
0.0175241976566479
0.0307171973642494
0.0798233897106506
0.0348834765369368
0.0324947965083089
0.0324947965083089
0.0749631376528383
0.00382953206623194
0.111144684312462
0.14116033602086
0.119492796013296
0.0398912521653251
0.0659893077263309
0.0950461868581322
0.0802455914899694
0.147505310383006
0.147505310383006
0.0615369008427868
0.0947907088702084
0.0169556137021018
0.0771936462622431
0.0908206469925492
0.0908206469925492
0.0510309707314001
0.0505342450783197
0.0921069386307243
0.0630765352909903
0.105467887603859
0.105467887603859
0.105467887603859
0.0795610862202882
0.0406747639729923
0.0242999388888121
0.0999921985336338
0.0655998796048459
0.176927322422607
0.0869160540708529
0.124026611861593
0.124026611861593
0.124026611861593
0.0524635797475343
0.0644015166410654
0.0229880131206794
0.111150647529088
0.0359729262647213
0.0105319541747062
0.0318129891497019
0.0818024166417181
0.109700473365915
0.0836521525229762
0.05282270051864
0.0277622210788359
0.0185656914094255
0.0306224300766716
0.0437795442986845
0.0439145001473783
0.0364503926503562
0.0690193943334484
0.0511858953026503
0.0526766350584642
0.0526766350584642
0.0456347315877218
0.0535712034773776
0.040672044220031
0.0272660540606318
0.0366561548415661
0.0255257561538389
0.0628999596961394
0.0628999596961394
0.0409178978176431
0.089332308386449
0.070448333760811
0.0611795070331654
0.0245860338730424
0.0385916654563991
0.0229384102704365
0.0449593541505187
0.0308583839377457
0.0385858806438467
0.0514826823371403
0.0601562748805016
0.0424493236252308
0.0203554410460993
0.112852664576803
0.0932917479911967
0.0299547300277823
0.100042748649721
0.0051186063966182
0.0051186063966182
0.0639030609165356
0.0437571894425489
0.0568212869095414
0.0830962214984953
0.0259559191443588
0.0145095009049256
0.0282644981489581
0.0282644981489581
0.0282644981489581
0.0246393600505325
0.0541688683693582
0.0541688683693582
0.0176473112481872
0.0535578854173592
0.0325066642043705
0.0448159591916502
0.0116131695821724
0.00614164271804492
0.0455153585813353
0.0258542412319172
0.0762277668166024
0.0721858306700048
0.0253126292000034
0.0637095369875003
0.0320655349156416
0.031049757653616
0.0212510593105164
0.0707631611327285
0.0531282327586207
0.0450284093457596
0.0254142684931708
0.0454021235948412
0.0131106084288807
0.0606683632113933
0.0225718365663939
0.0361726676606846
0.0155181968488026
0.0562678062678064
0.0644838446694367
0.0454378151627632
0.0873199133643936
0.103130965653717
0.0522569860158402
0.0344923784853804
0.0141356497990573
0.0276694431976934
0.0749293563579274
0.0597636155969057
0.0307370477787882
0.0542875362665274
0.0129866632368795
0.0182875060032427
0.0182875060032427
0.0182875060032427
0.0765097695022645
0.0765097695022645
0.0843530350593419
0.0202473578027129
0.0202473578027129
0.019351438456618
0.019351438456618
0.118765286457893
0.0658682409558627
0.0411942436187223
0.0876956820513789
0.118824489098952
0.0413983417633845
0.040806395675394
0.0200330017618482
0.0126553075574232
0.0542586164747813
0.0548851225379497
0.0187270687399519
0.0368112014453479
0.0289939932023233
0.0746814059440534
0.0323010911995231
0.05313793789708
0.0663350010128022
0.0141370439151516
0.0076988193857468
0.0356524140882085
0.0369064509014045
0.0416303895611832
0.0416303895611832
0.00580780899162812
0.0202717734829071
0.00647425593479326
0.0345051676168128
0.0244185006663606
0.0748147993096245
0.0436941516053437
0.0436941516053437
0.0481661916868124
0.016462087181107
0.0233368160896904
0.0359462395850974
0.0106468022600093
0.0944019457847969
0.0176958735043839
0.0410571276026616
0.0143391643328773
0.0143391643328773
0.0299926083659417
0.0219363802749496
0.0719082564713511
0.069187001448867
0.0863407140679502
0.0963164896745139
0.0678659058860328
0.019474439737146
0.0517303240869093
0.0396246530762514
0.0312243083762077
0.00642002057301142
0.0361584831968613
0.0287018212914694
0.0772480248348905
0.0266231309132965
0.0266231309132965
0.0300002237828656
0.0208760690163551
0.0930232558139539
0.0763107996499033
0.0674254180959947
0.0235243348270341
0.0235243348270341
0.0226712099506259
0.0425084094622677
0.0287866992852524
0.0467167384982429
0.0316208792499532
0.0540954000624098
0.0185679196929187
0.0425330594393958
0.0309348083925766
0.0149645038208959
0.0171134473447684
0.0833283032404124
0.0375375849907433
0.0122007149143788
0.0774218970748598
0.0051758047296759
0.0489232733046253
0.0169930353948246
0.0546196893412242
0.0206953404769896
0.0206953404769896
0.0124692528296637
0.0176648250637272
0.0367248439578491
0.0138011623402924
0.0200598797769427
0.0200598797769427
0.0270225817378011
0.0886235431722098
0.0336084169493123
0.0600256187045499
0.0121113164249964
0.0988626968963868
0.0177859954503523
0.0561392712254614
0.0561392712254614
0.0777121196689881
0.0330050164479779
0.0529702160752542
0.0742834104961133
0.0122729084664582
0.0162775522656204
0.0145921663988057
0.119050544322885
0.012154755417608
0.00413758575128804
0.00413758575128804
0.00413758575128804
0.0224216834354483
0.0224216834354483
0.0209675079641308
0.0757392389505318
0.0543463076729653
0.0543463076729653
0.00289624041383511
0.0733892218348639
0.00142734489026292
0.0493965291562453
0.107192936718102
0.0285651266064012
0.0254184731032056
0.086918779460079
0.086918779460079
0.0730633739360777
0.0251468502656562
0.0156406234526791
0.0254016671161495
0.0419743525831475
0.0385149859460026
0.0128996690061905
0.0517019525226156
0.0102678575392481
0.0102678575392481
0.0157891022798328
0.0305907931974894
0.00614984756262453
0.00827553332018879
0.00827553332018879
0.0724561677311925
0.0144757619996292
0.000264589048822296
0.0272033559561072
0.0181949451761135
0.0496715975497971
0.0417101364476966
0.0294329625579617
0.0294329625579617
0.0294329625579617
0.0367777062210917
0.0782027066663036
0.00830085895699749
0.0189128573896552
0.0404509279891054
0.00464036534507614
0.0669465155806056
0.0634920634920635
0.0374549486589217
0.0105664323254885
0.0258801842038562
0.028762618779142
0.00379913911074255
0.0638079673887532
0.0232505613378317
0.0218675363684166
0.0124175338946149
0.0606075928773053
0.0192441085173133
0.0152953511140802
0.0121379042632512
0.0692636568991849
0.0200219023351838
0.0238852037801803
0.0426588056279035
0.0135107694826998
0.0381698835465257
0.0355999601707512
0.0355999601707512
0.0257850310485734
0.0236075326014363
0.0205040582640449
0.0198674952324588
0.0535464730236649
0.0365145228215768
0.0272610519847224
0.0317084002999268
0.00956011430327768
0.00508889587367862
0.017050197723548
0.0113794283533641
0.00866580172155328
0.0271519540412812
0.0358476873748539
0.0206294909380099
0.0400436882226063
0.0254999538742308
0.023693647968402
0.0475755029362923
0.0226455658116091
0.0311966563124197
0.0144901299425999
0.00697966592520124
0.0123608633187943
0.0124758663971789
0.0222814553593193
0.0308719479289082
0.0292195993272509
0.0291917202359073
0.0578004234964478
0.00771244676656248
0.030319722842197
0.0342790041259686
0.0156282445591965
0.0436856870344577
0.0405384464257192
0.0616991211648666
0.0162584381478026
0.0222313929092601
0.0267353538633131
0.0117379552611469
0.017909896528132
0.0141262274104362
0.0294257311132538
0.0357801990772433
0.0301249006773051
0.0308577211607254
0.0412948534286352
0.0250057740331144
0.0103167377359573
0.0053195777275329
0.016188553675829
0.0513864850097978
0.0366097547199781
0.039447769322568
0.0249603193478441
0.0423638153648558
0.0200813636910771
0.0100649905070002
0.00145441479113547
0.0123746563906815
0.0539677557058041
0.0539677557058041
0.0264676425885607
0.0187995280354569
0.0160047657625814
0.0548827809762759
0.0155943316617572
0.0217968303274462
0.0578538638234743
0.0022083380685505
0.0394674820274042
0.00218902068180017
0.00818703612750413
0.0404323024271395
0.0404323024271395
0.0382504380594141
0.00844140529687989
0.042191620894489
0.00609582784078051
0.0325378849545681
0.0250773427851936
0.0072849439058826
0.0060284581810945
0.00674316526919562
0.0129244367338924
0.0276215088083855
0.0282490249588815
0.0266301069044261
0.0266301069044261
0.00344799786670637
0.00375376154130678
0.0463587982194016
0.0539567741562491
0.0169460166764925
0.0215287916492294
0.0461685190460901
0.0213607247257093
0.0213607247257093
0.0118744721013902
0.00657139853727434
0.0155219922535376
0.00537390061129449
0.00849539079587289
0.0456872866594304
0.0137906690968472
0.0217929961595585
0.0534920398750184
0.0056163417800269
0.00703227521433096
0.0227943226005702
0.0127894250476139
0.00308288827860167
0.0324157854466289
0.0324157854466289
0.0226778828530609
0.0752450674434515
0.0103801911845355
0.0103801911845355
0.0123603590372093
0.02017095533655
0.00618368251159753
0.0201935528990733
0.0131433528213888
0.0174155073886916
0.0156077567692397
0.00504034805283049
0.0156431820681052
0.000566806421623247
0.0205935977636277
0.00871222521605903
0.010158557401725
0.00964004272166457
0.0269662288313384
0.0158141788001019
0.016370061094732
0.0117283537899352
0.0290120195709404
0.0019966699465044
0.00195144586848835
0.0113482605007313
0.0113482605007313
0.0113482605007313
0.00271494406495675
0.0120834048165408
0.0230902548030812
0.00989094312366638
0.00989094312366638
0.0161234351852399
0.0228068946828198
0.00584415363909738
0.00920936202461875
0.00186552526629856
0.0134974743842845
0.0149774530816031
0.00921972624510091
0.0105704701643709
0.00145583667133567
