1
0.839286845225383
1
0.859532705068868
0.796038122019946
0.793943147801572
0.892552135054618
0.836894332200965
0.937489629361389
0.937489629361389
0.986666666666667
0.672017021594281
1
1
0.871602624179944
0.768738421886326
0.952536824877251
0.848094504051736
0.848094504051736
0.911598746081505
0.920536635706915
0.88235294117647
0.885714285714286
0.829278492330972
0.859636363636364
0.859636363636364
0.799857368447864
0.806918918918919
0.835099523409027
0.874543877657293
0.857611154211786
0.604003083296937
0.789065411583902
0.822383356111944
0.734864615158916
0.895626210826211
0.723040915055722
0.661054291518697
0.679871366705793
0.629224144431077
0.506024096385543
0.610625214086483
0.616662975428833
0.48040895044396
0.893617021276596
0.68129140461216
0.655088049469015
0.861226920786182
0.861226920786182
0.758800521512386
0.801646090534979
0.602139353016686
0.801483712428775
0.814658537099939
0.563737486095662
0.72
0.528314238952537
0.345954438334642
0.607622462440986
0.620689655172414
0.264
0.656011901379713
0.576308526397353
0.601376385542169
0.743583329163956
0.580997152292709
0.356756756756757
0.666991355168635
0.53510359112672
0.462356330741349
0.540458015267175
0.591549295774647
0.500903489706082
0.549563003465455
0.325775686741415
0.561509433962264
0.555947897169487
0.466837489477344
0.33886208525369
0.606825732407128
0.426077801152212
0.591419707826614
0.428315544884109
0.446163603303054
0.251406394116665
0.401870219723791
0.285133389503144
0.483075988392009
0.415207534007674
0.385147389148681
0.311088324768996
0.334794548180205
0.390366732814126
0.342117050961644
0.352962601626016
0.423851732473812
0.497030520332741
0.393952943658429
0.343557460836876
0.452766971541889
0.310453994904565
0.230841592543392
0.365949777794681
0.0475767656113069
0.485294117647058
0.241151939570384
0.345585197684229
0.280042978772601
0.288473247380284
0.196190330137435
0.226112508237466
0.244587049069443
0.272756206719246
0.409274834353967
0.234262428927493
0.186675351581592
0.205282796965307
0.145749348828708
0.102808068972993
0.245127357708579
0.131738281757866
0.130113636363637
0.117757622198673
