TARA_4	TARA_30	TARA_70	TARA_76	TARA_78
2001864	40	10	29	12	10
2908389	41	12	24	9	10
1556960	46	10	32	16	14
2593672	44	10	25	13	9
378771	49	12	37	15	15
2425864	47	11	29	9	10
1186647	40	14	39	10	10
1385041	42	15	29	15	9
1235560	35	11	26	15	9
1111043_1	40	9	26	10	11
1111043_2	40	9	26	10	11
422987	39	10	25	10	13
1734032	40	14	20	13	9
1189196	51	11	26	15	15
838160	41	10	30	10	14
2253325	44	12	20	13	11
1783426	55	14	38	10	9
186994	47	11	27	9	15
2488590	44	14	27	16	10
1746017	48	16	36	11	12
599565	40	10	25	11	11
2112862	47	15	30	9	12
2791012_1	44	11	29	11	12
2791012_2	44	11	29	11	12
947218	37	14	30	13	9
1122752	59	13	38	9	10
2266755	38	12	25	10	9
770742	41	14	31	10	14
847228_1	37	12	23	10	9
847228_2	37	12	23	10	9
534123	40	10	37	14	9
358957	41	10	36	12	14
78320	41	9	20	11	10
1393730	52	9	21	9	9
1152065_1	52	16	25	9	14
1152065_2	52	16	25	9	14
34543	41	12	33	13	12
606918	47	11	33	15	12
60217	42	11	25	11	12
642910	49	10	26	10	9
2199325	59	12	35	9	9
847998	55	12	33	11	14
870773	45	10	34	14	15
1297276	38	13	30	9	12
199411	34	11	31	14	9
290065	47	9	32	11	9
501533	60	9	31	15	9
1254062_1	44	9	25	12	9
1254062_2	44	9	25	12	9
1216820	49	12	32	9	13
1214413	53	12	35	10	11
2357837	46	14	25	10	10
1767704_1	39	10	27	12	12
1767704_2	39	10	27	12	12
701552	52	15	22	10	9
2889460_1	35	12	38	12	10
2889460_2	35	12	38	12	10
2853559	38	13	24	10	14
2553741	38	13	31	13	10
2848307	43	11	26	16	14
352439	44	11	36	11	9
1526077	45	13	30	14	9
1418892	59	10	31	11	9
204428	47	11	20	12	12
814033_1	57	14	29	9	12
814033_2	57	14	29	9	12
471493	50	10	32	13	11
1212595	53	12	32	11	9
1894287	44	15	30	11	12
2033331_1	54	11	22	15	10
2033331_2	54	11	22	15	10
422398	46	10	23	12	12
1906003_1	40	10	28	16	9
1906003_2	40	10	28	16	9
2346384	41	12	32	10	10
2581229	54	12	29	11	15
1555235	53	13	27	10	10
121723	57	11	39	9	12
877980	53	14	28	12	11
2275159	45	12	32	9	13
825882	51	14	35	10	10
526110	37	13	28	12	10
850702	50	11	29	11	11
413964	46	13	33	12	11
1293573	45	10	35	10	10
300461	52	9	30	12	14
2636840	45	12	28	9	9
1691503	33	9	39	12	10
226242	40	10	35	9	14
1521669	56	9	35	11	10
12093	43	13	26	10	11
2374769	46	14	26	9	9
469885	55	11	25	10	15
823766	56	10	29	12	10
988712_1	44	12	30	9	11
988712_2	44	12	30	9	11
531063	42	13	30	15	11
2884536	42	14	30	15	10
2512007	41	10	30	9	12
333742	53	10	37	12	10
1263704	41	13	39	10	9
915450	45	9	25	12	9
2311524_1	58	12	25	16	9
2311524_2	58	12	25	16	9
1156998	38	11	23	10	11
2584283	41	10	27	10	11
586787	32	9	20	9	10
1264753	58	13	39	10	11
2772706	51	9	36	16	9
2717861	42	15	37	9	9
2414815	56	14	23	9	12
868518	48	10	31	9	9
2000752_1	51	15	34	13	10
2000752_2	51	15	34	13	10
913093_1	39	10	25	14	13
913093_2	39	10	25	14	13
1303031	52	11	37	13	9
2170260	41	10	24	9	11
248426	45	10	31	9	9
2388253	42	12	28	13	12
2236530	47	9	38	11	9
472552	59	15	28	12	12
909708	52	10	35	15	10
937868	38	9	36	15	9
1303087	36	10	33	12	9
2149766	55	12	25	14	10
2792827	43	11	36	9	15
839458	56	9	23	12	12
2667260	41	10	24	12	15
1685553	52	12	28	14	11
451332	55	12	33	9	10
1460212	33	10	28	14	10
347845	33	10	29	9	10
1896372	50	9	25	9	10
152546_1	34	10	38	9	10
152546_2	34	10	38	9	10
522595	45	14	29	11	11
2249872_1	51	14	22	11	13
2249872_2	51	14	22	11	13
1432302_1	48	10	38	10	12
1432302_2	48	10	38	10	12
2779141	54	15	35	11	9
49805	40	9	24	9	11
2917193	51	9	24	15	11
2708182	48	14	22	11	9
1551363	53	14	20	11	14
1182778	50	11	35	12	11
151146	49	11	23	9	13
2313649	52	9	28	10	13
1040747	38	10	20	16	13
489027	48	16	31	12	15
624431	53	12	32	12	14
2915375	47	10	28	11	13
1670446	38	14	34	11	12
803905	46	11	38	14	10
1066240	44	9	36	12	9
141112	44	11	30	9	9
2752906	45	12	28	11	9
2389435	48	13	30	12	14
208845	59	12	30	10	12
123781	43	16	37	10	9
2351979	48	15	23	11	9
765119	46	10	39	9	9
916761	35	9	25	11	14
347353	50	9	33	14	10
2176985	36	11	23	11	12
687428	37	11	22	14	15
1813845	57	12	38	10	11
2153367_1	52	12	25	12	13
2153367_2	52	12	25	12	13
600636	56	9	28	11	9
384102_1	43	9	34	9	12
384102_2	43	9	34	9	12
1355320	40	13	27	9	10
1364742	59	14	22	10	13
585805_1	49	10	33	12	13
585805_2	49	10	33	12	13
562842	39	9	32	15	12
2348903	57	10	23	12	14
222476	60	12	26	12	10
210176	46	9	31	16	10
2852278	54	10	24	9	9
241799	57	11	26	13	11
881325	57	11	37	9	9
884179	41	13	24	10	14
2674316	58	11	28	10	11
275898	60	13	35	12	12
582494_1	56	12	32	15	10
582494_2	56	12	32	15	10
2343720	45	10	29	11	12
664947	51	12	24	9	10
82760	51	9	28	12	13
2000106	36	11	22	14	13
2458989	46	12	24	10	13
375962	54	9	33	12	10
1603432	53	9	23	14	11
2344845	58	11	29	13	15
812677	45	13	36	15	9
1693079	51	15	32	11	13
1784679	55	9	30	13	9
141992	42	13	26	11	9
2097502	58	9	23	12	12
1361989	44	14	35	9	13
774399	38	15	32	10	9
516590	46	15	28	9	10
2933678	45	11	33	11	11
1993174	52	11	37	10	11
2420437	49	13	25	10	9
2297363	53	10	21	9	15
540102	46	13	28	14	10
1018206_1	50	13	29	14	11
1018206_2	50	13	29	14	11
634313	43	10	35	11	11
2839392	59	10	33	10	13
2322375	56	9	34	12	13
1598767_1	53	13	36	9	9
1598767_2	53	13	36	9	9
837551	47	14	33	10	11
