TARA_146	TARA_147	TARA_148
843098	1	1	1
5191166	1	1	1
4980667	1	1	1
481397	1	1	1
369147_1	0	0	0
369147_2	0	0	0
3119521	1	1	1
2991900	0	0	0
2588650	0	0	0
2570657	0	0	0
1938141	1	1	1
1103627_1	0	0	0
1103627_2	0	0	0
1097816	1	1	1
4354490	0	0	0
5869002	0	0	0.0163934426229508
2949385_1	0.0256410256410256	0	0
2949385_2	0.0256410256410256	0	0
2234659_1	1	1	0.96969696969697
2234659_2	1	1	0.96969696969697
5503394	0.989010989010989	1	1
2420078	0	0	0
3839809	0	0	0
3763774_1	0.98	1	1
3763774_2	0.98	1	1
673819	0	0	0
1030861	0.0123456790123457	0	0.0112359550561798
1443814	0.971428571428571	0.956521739130435	0.984126984126984
4022371_1	1	0.95	1
4022371_2	1	0.95	1
2299958	1	1	1
1746913	0.015625	0	0.0192307692307692
5005372	0.0517241379310345	0	0
6059637_1	0	0	0
6059637_2	0	0	0
471414	0	0	0
1143506	0	0.0285714285714286	0.0119047619047619
1339256	0	0	0.0454545454545455
9763	0	0	0
6224860	1	1	0.925925925925926
1537580	0.971428571428571	1	0.947368421052632
6375407	1	1	0.964285714285714
6483427_1	0	0	0.04
6483427_2	0	0	0.04
6099692	1	1	0.96969696969697
510393_1	0	0	0.0714285714285714
510393_2	0	0	0.0714285714285714
1933929	0.0571428571428571	0	0.0303030303030303
2518244	0	0	0
5948863	0.985074626865672	0.967741935483871	0.964912280701754
428273	0.985714285714286	1	1
1714767	1	1	0.966101694915254
3128211	0	0.0526315789473684	0
5945077	1	1	1
5325178	0.971428571428571	0.95	1
6765791	0.968253968253968	1	0.975609756097561
2855306	0.010989010989011	0.04	0
466286	1	1	1
4046932	1	1	1
5446014_1	1	1	1
5446014_2	1	1	1
1178600_1	0	0	0
1178600_2	0	0	0
5456787	0.944444444444444	1	0.945945945945946
1419231	0	0	0.0975609756097561
4466731	0.111111111111111	0	0
5202981	0	0	0
2054690_1	1	0.95	0.88
2054690_2	1	0.95	0.88
5908890	0.0428571428571429	0	0
1694296	1	1	1
2318756_1	0	0	0.162162162162162
2318756_2	0	0	0.162162162162162
5303029_1	0.976190476190476	1	1
5303029_2	0.976190476190476	1	1
5303029_3	0.976190476190476	1	1
690086_1	0.0740740740740741	0	0
690086_2	0.0740740740740741	0	0
690086_3	0.0740740740740741	0	0
2666046	1	1	0.869565217391304
1401834	0.0149253731343284	0	0.0192307692307692
942714	0.974358974358974	1	1
6558105	0.975	0.941176470588235	1
4724147	0	0	0.25
2516241	0.0952380952380952	0	0.125
3420118_1	0.971014492753623	1	1
3420118_2	0.971014492753623	1	1
2653779	0.959183673469388	1	0.96551724137931
2933142	0	0	0.117647058823529
2302449	1	1	0.904761904761905
2378067_1	0.0181818181818182	0	0
2378067_2	0.0181818181818182	0	0
1530376	0.891891891891892	1	0.983333333333333
4751101	1	0.866666666666667	1
377500_1	0	0.105263157894737	0.0327868852459016
377500_2	0	0.105263157894737	0.0327868852459016
3627543_1	0	0	0.04
3627543_2	0	0	0.04
2006395	0.981481481481482	1	0.957446808510638
6316193	0.9	1	0.980392156862745
3060048	1	1	1
3642540_1	0.956521739130435	0.928571428571429	0.827586206896552
3642540_2	0.956521739130435	0.928571428571429	0.827586206896552
262316_1	0	0	0
262316_2	0	0	0
262316_3	0	0	0
2191507	0.962962962962963	1	0.935483870967742
6553577	0	0	0
5743893	0.927272727272727	0.875	0.945945945945946
2597767_1	1	1	0.9375
2597767_2	1	1	0.9375
5703961	0.111111111111111	0	0
258239	1	1	0.833333333333333
1801542_1	0	0	0
1801542_2	0	0	0
5312864	0.966666666666667	0.833333333333333	0.909090909090909
1411035_1	0.927272727272727	1	0.918367346938776
1411035_2	0.927272727272727	1	0.918367346938776
1411035_3	0.927272727272727	1	0.918367346938776
4732082	0.967741935483871	1	0.769230769230769
6421811	0.870967741935484	1	0.8125
2131388	0.975	1	0.8
2671383	1	1	0.94
4623638	0	0	0
4587845	0	0	0
5129818	0.916666666666667	1	0.894736842105263
2334372	1	0.96	1
598373	1	0.925925925925926	0.833333333333333
2231353_1	0.024390243902439	0	0.0967741935483871
2231353_2	0.024390243902439	0	0.0967741935483871
5342829	1	0.941176470588235	0.96078431372549
839332	0.981132075471698	1	0.95
3989737	0.0869565217391304	0.0769230769230769	0.0731707317073171
5311874	0.0465116279069767	0.166666666666667	0.125
1594009	0.0943396226415094	0	0.0363636363636364
6377210	0.956989247311828	1	0.983333333333333
1756413	0.0487804878048781	0	0.227272727272727
990343	0.0425531914893617	0.12	0.0363636363636364
5487219	1	0.916666666666667	1
1355144	0.0571428571428571	0	0.0625
5740391	0	0	0.232558139534884
5593193	0	0	0
1045835	0.895522388059702	0.96	0.959183673469388
3807770	1	1	0.943181818181818
6217689	0.157894736842105	0.0384615384615385	0.0487804878048781
4247052	0.0166666666666667	0	0
2667515	0.0119047619047619	0	0.0263157894736842
5762265	0	0.04	0.0943396226415094
2342581	0.12	0.142857142857143	0.0816326530612245
6921196	1	1	1
157105	0.0588235294117647	0	0.255813953488372
6799560	0	0	0
4783618	0.902439024390244	1	0.80952380952381
2841455	0.0434782608695652	0	0
1204163_1	1	1	1
1204163_2	1	1	1
180900_1	0.0606060606060606	0.0714285714285714	0.393939393939394
180900_2	0.0606060606060606	0.0714285714285714	0.393939393939394
3193219	0.0816326530612245	0.0384615384615385	0.0535714285714286
5334325	0.0307692307692308	0	0
5750033	1	1	0.8125
2054507_1	0.0169491525423729	0.0416666666666667	0
2054507_2	0.0169491525423729	0.0416666666666667	0
7114058	0.0588235294117647	0.0666666666666667	0.0263157894736842
4228447	0	0	0.032258064516129
5737551	0.0153846153846154	0	0
4176574	0.982142857142857	0.888888888888889	1
4988961	0	0	0.0454545454545455
6528485	0.950819672131147	0.875	0.85
2877554	0.0833333333333333	0.12	0.196428571428571
3252238	0.02	0	0
2146684	0.145161290322581	0.125	0.0185185185185185
1390836	0.985915492957746	1	0.931818181818182
5563763_1	0	0	0
5563763_2	0	0	0
3774865	0.974358974358974	0.966666666666667	0.890243902439024
1708705	0.0545454545454545	0	0.0638297872340425
2883740_1	0.869565217391304	1	0.816326530612245
2883740_2	0.869565217391304	1	0.816326530612245
2904459	0.15	0	0.108108108108108
646460	1	1	1
3347205_1	1	1	0.964285714285714
3347205_2	1	1	0.964285714285714
6945467	1	1	1
5811122	1	1	0.933333333333333
5793214	0.227272727272727	0.0555555555555556	0.206896551724138
321917	0.9	1	1
6230662	0.955555555555556	0.882352941176471	0.702702702702703
2594103_1	0.866666666666667	0.925925925925926	0.862745098039216
2594103_2	0.866666666666667	0.925925925925926	0.862745098039216
2594103_3	0.866666666666667	0.925925925925926	0.862745098039216
1036280	1	0.851851851851852	0.808823529411765
2919949_1	0.957446808510638	0.75	0.844444444444444
2919949_2	0.957446808510638	0.75	0.844444444444444
6188719	0.833333333333333	0.842105263157895	0.86046511627907
1375224	0.952380952380952	1	0.80952380952381
954020	0.717391304347826	1	0.821428571428571
6331562	0.857142857142857	0.636363636363636	0.653846153846154
3161383	0.456521739130435	0.0769230769230769	0.166666666666667
6298834_1	0.836363636363636	0.8125	0.863636363636364
6298834_2	0.836363636363636	0.8125	0.863636363636364
4195831	1	0.916666666666667	0.961538461538462
4902890	0.166666666666667	0.117647058823529	0.0217391304347826
5705980	0.793103448275862	1	1
6972076	0.902777777777778	1	0.901639344262295
143781	0	0	0
660861	0.170212765957447	0	0.222222222222222
5438347	0.983333333333333	0.80952380952381	0.645161290322581
3292202	0	0	0
1086483_1	0.132075471698113	0.413793103448276	0.195652173913043
1086483_2	0.132075471698113	0.413793103448276	0.195652173913043
3714588_1	0.217391304347826	0.461538461538462	0.269230769230769
3714588_2	0.217391304347826	0.461538461538462	0.269230769230769
5389151	1	1	1
5178822	0.0895522388059701	0.148148148148148	0.111111111111111
5036678	0.2	0.153846153846154	0.289473684210526
7006657	0	0	0
1300036	0.810344827586207	1	0.857142857142857
3563684	0.191176470588235	0.125	0.09375
1688505	0.233333333333333	0.0833333333333333	0.16
6689884	0.115384615384615	0.333333333333333	0.16
1294569	0.8	0.8	0.725490196078431
3835833_1	1	0.958333333333333	0.953125
3835833_2	1	0.958333333333333	0.953125
1564583	0.0810810810810811	0.2	0.0882352941176471
6795634_1	0.719298245614035	0.941176470588235	0.851851851851852
6795634_2	0.719298245614035	0.941176470588235	0.851851851851852
2708451	1	1	1
6490251_1	0	0	0.0571428571428571
6490251_2	0	0	0.0571428571428571
6490251_3	0	0	0.0571428571428571
5570655	0.96551724137931	1	0.875
310245_1	0.105263157894737	0.28	0.210526315789474
310245_2	0.105263157894737	0.28	0.210526315789474
1060067	0.606060606060606	0.538461538461538	0.666666666666667
337720	0.0925925925925926	0.428571428571429	0.0188679245283019
2341409	0.586206896551724	0.888888888888889	0.3
6337689	1	1	1
6882310	0	0	0.0434782608695652
3282721	0.0978260869565217	0.0714285714285714	0.1
6059309	0.241935483870968	0.333333333333333	0.333333333333333
1043321_1	0.82258064516129	0.956521739130435	0.837209302325581
1043321_2	0.82258064516129	0.956521739130435	0.837209302325581
1043321_3	0.82258064516129	0.956521739130435	0.837209302325581
5393582	0.0144927536231884	0.130434782608696	0.0517241379310345
5426484	0.636363636363636	0.727272727272727	0.529411764705882
6620057	0.80327868852459	0.52	0.735849056603774
2567314	0.851063829787234	0.933333333333333	0.82051282051282
5534278	0.5	0.916666666666667	0.702702702702703
2991097	0.0540540540540541	0	0.0975609756097561
1367527	0.780821917808219	1	0.85
1601384_1	0.970588235294118	1	0.678571428571429
1601384_2	0.970588235294118	1	0.678571428571429
374421	0.770833333333333	0.642857142857143	0.710526315789474
6042257_1	0.944444444444444	1	0.886792452830189
6042257_2	0.944444444444444	1	0.886792452830189
6042257_3	0.944444444444444	1	0.886792452830189
5128092	0	0	0.0666666666666667
2620934	0.835820895522388	1	0.940298507462687
901746	0.913793103448276	0.8125	0.888888888888889
1154291_1	0.46875	0.214285714285714	0.777777777777778
1154291_2	0.46875	0.214285714285714	0.777777777777778
3389223	0.673913043478261	0.214285714285714	0.260869565217391
1323643	0.296296296296296	0.117647058823529	0.230769230769231
752395	0.0857142857142857	0.0666666666666667	0.04
793295	0.0491803278688525	0.0666666666666667	0.164179104477612
5882990	0.583333333333333	0.7	0.217391304347826
5757708_1	0.125	0.2	0.176470588235294
5757708_2	0.125	0.2	0.176470588235294
6856469	1	1	1
443524	0.255813953488372	0.181818181818182	0.268292682926829
5844479_1	0.972972972972973	1	1
5844479_2	0.972972972972973	1	1
4230316	0.568181818181818	0.333333333333333	0.675675675675676
184063_1	0.365079365079365	0.208333333333333	0.344262295081967
184063_2	0.365079365079365	0.208333333333333	0.344262295081967
3499169	0.272727272727273	0.444444444444444	0.275862068965517
3329288	0.39622641509434	0.260869565217391	0.275862068965517
942935	0.618181818181818	0.733333333333333	0.758620689655172
4415023	0.411764705882353	0.272727272727273	0.260869565217391
1151210	0.898876404494382	0.837837837837838	0.828125
4745811	0.21875	0.411764705882353	0.222222222222222
912486	1	1	0.975
6250955	0.032258064516129	0.0666666666666667	0
1225082_1	1	1	1
1225082_2	1	1	1
913128	0.666666666666667	0.2	0.538461538461538
216474	0.36	0.6875	0.741935483870968
6898029	0.659574468085106	0.588235294117647	0.606060606060606
6513779_1	0.193548387096774	0.1875	0.25
6513779_2	0.193548387096774	0.1875	0.25
6513779_3	0.193548387096774	0.1875	0.25
2405895	0.340425531914894	0.4	0.386363636363636
9415	0.96875	0.823529411764706	0.975609756097561
2756441_1	0.807692307692308	0.6875	0.733333333333333
2756441_2	0.807692307692308	0.6875	0.733333333333333
5021798_1	0.833333333333333	0.828571428571429	0.841463414634146
5021798_2	0.833333333333333	0.828571428571429	0.841463414634146
3039121	0.879120879120879	0.851851851851852	0.850574712643678
6025593	0.987179487179487	1	0.95
238121	0.168421052631579	0.219512195121951	0.293333333333333
3592658	0.176470588235294	0.7	0.130434782608696
705591	0.283018867924528	0.692307692307692	0.558139534883721
6167011	0.418604651162791	0.285714285714286	0.63265306122449
160005	0.851851851851852	0.466666666666667	0.678571428571429
4172999	0.964285714285714	0.9	0.92
2762308	0.394736842105263	0.1	0.65
6379393_1	0.0652173913043478	0	0.0816326530612245
6379393_2	0.0652173913043478	0	0.0816326530612245
6379393_3	0.0652173913043478	0	0.0816326530612245
308176	0.48	0.227272727272727	0.5625
2766742	1	1	1
3425502	0.642857142857143	0.75	0.433333333333333
2541744	0	0	0
1389992	0.753086419753086	0.875	0.854545454545454
5037479	0.186813186813187	0.310344827586207	0.272727272727273
355402_1	0.946808510638298	0.857142857142857	0.897435897435897
355402_2	0.946808510638298	0.857142857142857	0.897435897435897
532571_1	0.235955056179775	0.535714285714286	0.345454545454545
532571_2	0.235955056179775	0.535714285714286	0.345454545454545
1338663	0.134615384615385	0.0714285714285714	0
6578592	0.13953488372093	0	0.0806451612903226
2957039	0.666666666666667	0.6875	0.358974358974359
4084823	0.428571428571429	0.0434782608695652	0.257142857142857
3408672	0.0181818181818182	0	0.0204081632653061
5214856	0.185185185185185	0.117647058823529	0.116666666666667
2188941	0.444444444444444	0.722222222222222	0.611111111111111
2305943	0	0	0.0476190476190476
3213819	0.290909090909091	0.307692307692308	0.426470588235294
879709	0.533333333333333	0.206896551724138	0.5
4876073	0.688311688311688	0.783783783783784	0.523809523809524
1370119_1	0.46969696969697	0.666666666666667	0.474576271186441
1370119_2	0.46969696969697	0.666666666666667	0.474576271186441
6629019	0.195121951219512	0	0.108695652173913
300095_1	0.653846153846154	0.476190476190476	0.59375
300095_2	0.653846153846154	0.476190476190476	0.59375
1792749	0.24390243902439	0.368421052631579	0.382978723404255
1993463	0.333333333333333	0.277777777777778	0.377777777777778
1676484	0.543478260869565	0.652173913043478	0.48
3587746	0.8	0.764705882352941	0.55
3420910	0.555555555555556	0.366666666666667	0.456140350877193
3453775_1	0.8	0.48	0.830188679245283
3453775_2	0.8	0.48	0.830188679245283
6198266	0.422222222222222	0.611111111111111	0.446808510638298
4206853	0.975	1	1
4837610	0.457142857142857	0.277777777777778	0.509433962264151
4153069	0.238805970149254	0.210526315789474	0.224137931034483
4516592	0.654761904761905	0.791666666666667	0.51063829787234
5228675	0.931372549019608	0.891891891891892	0.9125
1696531	0.241379310344828	0.272727272727273	0.372093023255814
761147	0.655737704918033	0.652173913043478	0.55
3622493	0.649122807017544	0.571428571428571	0.5
7108262	0.6	0.833333333333333	0.673913043478261
6516373	0.9	0.866666666666667	0.782608695652174
3799397	0.872340425531915	0.789473684210526	0.942857142857143
2449012	1	1	1
1978833	0.435897435897436	0.272727272727273	0.553846153846154
4352162	0.80952380952381	0.888888888888889	0.6
5733306_1	0.26530612244898	0.0476190476190476	0.111111111111111
5733306_2	0.26530612244898	0.0476190476190476	0.111111111111111
5733306_3	0.26530612244898	0.0476190476190476	0.111111111111111
4078330	0.821428571428571	0.956521739130435	0.948717948717949
2303499_1	0.313725490196078	0.214285714285714	0.529411764705882
2303499_2	0.313725490196078	0.214285714285714	0.529411764705882
3620189	0.636363636363636	0.75	0.555555555555556
1032665	1	1	0.981132075471698
4494304	0.394736842105263	0.368421052631579	0.315789473684211
1967428	0.906976744186046	0.904761904761905	0.975
2867777	1	0.793103448275862	0.986666666666667
1780523	0.383333333333333	0.25	0.241379310344828
6556680	0.769230769230769	1	0.59375
5880064	0.425531914893617	0.304347826086957	0.317460317460317
156332	0.415094339622642	0.5	0.446428571428571
222707	0.0804597701149425	0	0.183098591549296
3102141_1	0.638297872340426	0.789473684210526	0.657894736842105
3102141_2	0.638297872340426	0.789473684210526	0.657894736842105
6092828	0.666666666666667	0.875	0.857142857142857
5782634	0.352941176470588	0.230769230769231	0.186046511627907
4591599	0.808823529411765	0.555555555555556	0.829787234042553
2577380	0.421686746987952	0.205882352941176	0.181818181818182
4303542	0.26027397260274	0	0.0227272727272727
6423856	0.394366197183099	0.538461538461538	0.56140350877193
2552230	0.735294117647059	0.705882352941177	0.674418604651163
6290709	0.326530612244898	0.136363636363636	0.307692307692308
2921448	0.230769230769231	0.181818181818182	0.24
5091847	0.0909090909090909	0.0909090909090909	0.169811320754717
2957504	0.60377358490566	0.444444444444444	0.839285714285714
7114820	0.0508474576271186	0	0.0256410256410256
6897603	0.213333333333333	0.157894736842105	0.226415094339623
1109598	0.161290322580645	0.285714285714286	0.415094339622642
3586749	0.659574468085106	0.818181818181818	0.764705882352941
3033098	0.702127659574468	0.727272727272727	0.753846153846154
4406618	0.553571428571429	0.733333333333333	0.65
3740748	0.149253731343284	0.19047619047619	0.10958904109589
6610641	0.621951219512195	0.541666666666667	0.701492537313433
2016388	0.276923076923077	0.0769230769230769	0.362068965517241
4294128	0.0677966101694915	0	0.112903225806452
6624236_1	0.935483870967742	0.851851851851852	0.932432432432432
6624236_2	0.935483870967742	0.851851851851852	0.932432432432432
5058274	0.247311827956989	0.34375	0.36046511627907
712753	0.363636363636364	0.391304347826087	0.189189189189189
1480035	0.754716981132076	0.933333333333333	0.634146341463415
64726	0.95	1	0.797101449275362
5554450	0.771428571428571	0.833333333333333	0.652173913043478
4823141	0.157142857142857	0.518518518518518	0.154929577464789
4280241	0.222222222222222	0.0526315789473684	0.344827586206897
5387096	0.828571428571429	0.925925925925926	0.958333333333333
4546636	0.2	0	0.0256410256410256
1404736	0.372881355932203	0.0666666666666667	0.169811320754717
2427672	0.120879120879121	0	0.0470588235294118
6924313	0.475609756097561	0.285714285714286	0.625
4638898	0.0823529411764706	0.125	0.128571428571429
1245048	0.202702702702703	0.115384615384615	0.207547169811321
2140510	0.192982456140351	0.333333333333333	0.189189189189189
1216194	0.307692307692308	0.4	0.363636363636364
5431639	0.867469879518072	0.517241379310345	0.8
4500145	0.453488372093023	0.41025641025641	0.397590361445783
3379779	0.571428571428571	0.75	0.533333333333333
1896982	0.8125	0.789473684210526	0.884057971014493
3960203_1	0.17741935483871	0.0714285714285714	0.125
3960203_2	0.17741935483871	0.0714285714285714	0.125
6947620	0.397590361445783	0.25	0.490566037735849
5736270	0.815384615384615	0.681818181818182	0.947368421052632
1454832	0.82089552238806	0.791666666666667	0.803571428571429
72634	0.278481012658228	0.352941176470588	0.157303370786517
1344311	0.133333333333333	0.103448275862069	0.2
4606219	0.857142857142857	0.92	0.945945945945946
2605494	0.815384615384615	0.615384615384615	0.9
6530981	0.767676767676768	0.766666666666667	0.678571428571429
5065612	0.08	0.0434782608695652	0.0754716981132075
4232397	0.232876712328767	0.62962962962963	0.319444444444444
1938163	0.779411764705882	1	0.760869565217391
1294862	0.716216216216216	0.714285714285714	0.627118644067797
3758698	0.674418604651163	0.857142857142857	0.848484848484849
1008372	0.900900900900901	0.885714285714286	0.906666666666667
4216678	0.3	0.5	0.340425531914894
5961999	0.948717948717949	0.735294117647059	0.753623188405797
3138841	0.63855421686747	0.52	0.566666666666667
2259774	0.329896907216495	0.269230769230769	0.362068965517241
1276291	0.2	0.128205128205128	0.314814814814815
208813	0.241379310344828	0.0740740740740741	0.134328358208955
6062276	0.244897959183673	0.125	0.0625
158899	0.783132530120482	0.807692307692308	0.91566265060241
4750500	0.292307692307692	0.631578947368421	0.518518518518518
704466	0.258064516129032	0.05	0.115384615384615
1261599	0.642857142857143	0.666666666666667	0.6
6331924	0.4875	0.305555555555556	0.354838709677419
4794953	1	0.95	0.844827586206897
1607771_1	0.6625	0.517241379310345	0.619047619047619
1607771_2	0.6625	0.517241379310345	0.619047619047619
1607771_3	0.6625	0.517241379310345	0.619047619047619
4129016	0.46551724137931	0.379310344827586	0.571428571428571
760798	0.353658536585366	0.444444444444444	0.384615384615385
2017942	0.25	0.407407407407407	0.36
1232518_1	0.666666666666667	0.766666666666667	0.666666666666667
1232518_2	0.666666666666667	0.766666666666667	0.666666666666667
2533740_1	0.206896551724138	0.366666666666667	0.378048780487805
2533740_2	0.206896551724138	0.366666666666667	0.378048780487805
2533740_3	0.206896551724138	0.366666666666667	0.378048780487805
1279549	0.244444444444444	0.0555555555555556	0.294117647058824
3533703_1	0.741935483870968	0.884615384615385	0.629032258064516
3533703_2	0.741935483870968	0.884615384615385	0.629032258064516
4490086	0.851351351351351	0.678571428571429	0.822222222222222
3974744	0.916666666666667	0.846153846153846	0.782608695652174
5072764	0.341463414634146	0.0731707317073171	0.287671232876712
109069	0.134328358208955	0.0689655172413793	0.333333333333333
2271	0.857142857142857	0.666666666666667	0.591836734693878
1469339	0.372093023255814	0.181818181818182	0.464788732394366
6635234	0.617647058823529	0.428571428571429	0.661290322580645
3785927	0.833333333333333	0.875	0.622222222222222
266981	0.634408602150538	0.484848484848485	0.547169811320755
7091196	0.274509803921569	0.347826086956522	0.372549019607843
2843037	0.705882352941177	0.615384615384615	0.929577464788732
4613576	0.72	0.636363636363636	0.731707317073171
3998311	0.169491525423729	0.36	0.087719298245614
3880288	0.5	0.565217391304348	0.46
1272979	0.948275862068966	0.967741935483871	0.89041095890411
1539458	0.163934426229508	0	0.326086956521739
1155254	0.428571428571429	0.178571428571429	0.296296296296296
3877347	0.125	0.1	0.142857142857143
6147663	0.413333333333333	0.55	0.627450980392157
3053141	0.131313131313131	0.0789473684210526	0.0166666666666667
1693562	0.290322580645161	0.473684210526316	0.421052631578947
951407	0.953125	0.947368421052632	0.860759493670886
564105	0.0135135135135135	0.25	0.121621621621622
5166445_1	0.880952380952381	0.941176470588235	0.75
5166445_2	0.880952380952381	0.941176470588235	0.75
412679	0.268292682926829	0.45	0.307692307692308
2664883	0.416666666666667	0.227272727272727	0.333333333333333
6729458	0.289855072463768	0.15	0.0294117647058824
3415452	0.413793103448276	0.15	0.368421052631579
2891064	0.571428571428571	0.5	0.613636363636364
3740068	0.352941176470588	0.421052631578947	0.447368421052632
1711180	0.323529411764706	0.210526315789474	0.375
6023200	0.15	0.27027027027027	0.0857142857142857
917828	0.584615384615385	0.666666666666667	0.458333333333333
5019739	0.24	0.151515151515152	0.214285714285714
4157127	0.779069767441861	0.794117647058823	0.666666666666667
758004	0.115384615384615	0.0588235294117647	0.27027027027027
2882384	0.82089552238806	0.621621621621622	0.897435897435897
2833935	0.285714285714286	0.357142857142857	0.4
2923702	0.363636363636364	0.333333333333333	0.441860465116279
3587571	0.818181818181818	0.821428571428571	0.826923076923077
3082311	0.709677419354839	0.633333333333333	0.616279069767442
3231954_1	0.3	0.475	0.186666666666667
3231954_2	0.3	0.475	0.186666666666667
4150262	0.805555555555556	0.75	0.777777777777778
1374746	0.784810126582278	0.818181818181818	0.758064516129032
6620005	0.476744186046512	0.517241379310345	0.434782608695652
2935466	0.804123711340206	0.6	0.830769230769231
3874662	0.676056338028169	0.625	0.655172413793103
4878763	0.67741935483871	0.823529411764706	0.795454545454545
7089748	0.833333333333333	0.863636363636364	0.821428571428571
7093474	0.723214285714286	0.772727272727273	0.609756097560976
2488633	0.861111111111111	0.846153846153846	0.857142857142857
3422629	0.710843373493976	0.606060606060606	0.52
3883586	0.75	0.735294117647059	0.85
1072707	0.283333333333333	0.125	0.229166666666667
3094073	0.285714285714286	0.206896551724138	0.25
1673697	0.73015873015873	0.461538461538462	0.815384615384615
2872397	0.767123287671233	0.620689655172414	0.574074074074074
5684740_1	0.395833333333333	0.264705882352941	0.363636363636364
5684740_2	0.395833333333333	0.264705882352941	0.363636363636364
5970399	0.694444444444444	0.956521739130435	0.833333333333333
313573	0.884615384615385	0.896551724137931	0.867924528301887
6078413	0.0714285714285714	0.411764705882353	0.141025641025641
2561035	0.4	0.351351351351351	0.453333333333333
5640433	0.147058823529412	0.363636363636364	0.184615384615385
6281575_1	0.593023255813954	0.486486486486487	0.576923076923077
6281575_2	0.593023255813954	0.486486486486487	0.576923076923077
55517	0.0927835051546392	0.0740740740740741	0.153846153846154
5906641	0.131147540983607	0	0.293103448275862
6746487	0.71	0.631578947368421	0.609756097560976
122361	1	1	0.884615384615385
1080502	0.246153846153846	0.12	0.122448979591837
942325	0.876404494382023	0.72972972972973	0.965909090909091
48085	0.236363636363636	0.2	0.17741935483871
367149	0.303030303030303	0.181818181818182	0.328358208955224
4360515	0.658823529411765	0.75	0.851851851851852
4915358_1	0.837837837837838	1	0.978723404255319
4915358_2	0.837837837837838	1	0.978723404255319
6055711	0.5	0.416666666666667	0.431034482758621
1377249	0.441860465116279	0.516129032258065	0.571428571428571
5399881	0.252525252525253	0.0333333333333333	0.132352941176471
2629824	0.145454545454545	0.0357142857142857	0.210526315789474
3376783	0.90625	1	0.774647887323944
3972445	0.688888888888889	0.65	0.777777777777778
2782424	0.378378378378378	0.208333333333333	0.390243902439024
133166	0.164383561643836	0.2	0.176470588235294
1529165	0.272727272727273	0.294117647058824	0.274509803921569
4958774	0.565217391304348	0.769230769230769	0.64
4789247	0.769230769230769	0.714285714285714	0.607843137254902
5137467	0.746478873239437	0.846153846153846	0.936507936507937
5475225	0.938271604938272	0.902439024390244	0.821428571428571
5168378_1	0.137254901960784	0.15625	0.347222222222222
5168378_2	0.137254901960784	0.15625	0.347222222222222
5168378_3	0.137254901960784	0.15625	0.347222222222222
963684	0.8	0.857142857142857	0.625
644890	0.58	0.611111111111111	0.654545454545455
2824867	0.0777777777777778	0.289473684210526	0.150684931506849
3861568	0.807692307692308	0.526315789473684	0.679012345679012
6349120	0.707692307692308	0.888888888888889	0.68
4155315	0.694117647058824	0.483870967741935	0.695652173913043
4176148	0.689655172413793	0.741935483870968	0.676470588235294
4333071	0.132530120481928	0.409090909090909	0.225352112676056
2835035_1	0.139240506329114	0.0689655172413793	0.0649350649350649
2835035_2	0.139240506329114	0.0689655172413793	0.0649350649350649
4478567_1	0.146666666666667	0.181818181818182	0.0652173913043478
4478567_2	0.146666666666667	0.181818181818182	0.0652173913043478
4817464	0.226415094339623	0.157894736842105	0.295454545454545
6314289	0.283783783783784	0.375	0.306451612903226
4514028	0.135593220338983	0.259259259259259	0.144927536231884
6034116	0.180722891566265	0.157894736842105	0.0892857142857143
85390	0.869047619047619	1	0.966666666666667
4716773	0.459459459459459	0.228571428571429	0.33695652173913
972101	0.7875	0.891891891891892	0.705882352941177
3021199	0.266666666666667	0.346153846153846	0.125
2108899	0.148148148148148	0.1	0.03125
5870847	0.283950617283951	0.4	0.253521126760563
5648089	0.302631578947368	0.130434782608696	0.25974025974026
4182823_1	0.0681818181818182	0	0.164179104477612
4182823_2	0.0681818181818182	0	0.164179104477612
5572747	0.214285714285714	0.225	0.204819277108434
5410435	0.0833333333333333	0.205882352941176	0.15625
5332361	0.740740740740741	0.645161290322581	0.851351351351351
4810670	0.261538461538462	0.2	0.435897435897436
4657651	0.1375	0.08	0.0634920634920635
1777315	0.76271186440678	1	0.829268292682927
2080316	0.873239436619718	0.95	0.735632183908046
6464463	0.188405797101449	0.413793103448276	0.317460317460317
1155073	0.277777777777778	0.230769230769231	0.277777777777778
3699649	0.236842105263158	0.171428571428571	0.227848101265823
1840279	0.964285714285714	0.952380952380952	0.816326530612245
5715337	0.0909090909090909	0.105263157894737	0.259259259259259
2402377	0.0947368421052632	0	0.0327868852459016
6824054	0.69620253164557	0.846153846153846	0.68
1447187	0.711538461538462	0.5	0.703703703703704
1140547	0.215189873417722	0	0.192307692307692
6071516	0.95	0.769230769230769	0.909090909090909
542643	0.156626506024096	0.208333333333333	0.264150943396226
2789659	0.797297297297297	0.888888888888889	0.754098360655738
5483675	0.520833333333333	0.652173913043478	0.441176470588235
4972275	0.7	0.730769230769231	0.732142857142857
1055343	0.438356164383562	0.375	0.220588235294118
3139166	0.837837837837838	0.714285714285714	0.69047619047619
2436679	0.125	0.227272727272727	0.310344827586207
6182361	0.855769230769231	0.942857142857143	0.826666666666667
627636	0.907216494845361	0.973684210526316	0.888888888888889
6880531	0.653846153846154	0.6	0.588235294117647
2406939	0.178571428571429	0.257142857142857	0.0641025641025641
311709	0.686046511627907	0.75	0.623655913978495
6900000	0.218181818181818	0.315789473684211	0.26530612244898
6899755	0.796296296296296	0.8125	0.72
1488421	0.495238095238095	0.5	0.352941176470588
6116174	0.214285714285714	0.290322580645161	0.369565217391304
2647973_1	0.727272727272727	0.735294117647059	0.87719298245614
2647973_2	0.727272727272727	0.735294117647059	0.87719298245614
2649956	0.854166666666667	0.888888888888889	0.89041095890411
4248295	0.1625	0.153846153846154	0.0806451612903226
897340	0.418181818181818	0.379310344827586	0.30379746835443
6282367	0.304347826086957	0.157894736842105	0.105263157894737
1041044	0.379310344827586	0.32258064516129	0.376811594202899
3589629	0.127659574468085	0.0975609756097561	0.126436781609195
4700812	0.482142857142857	0.541666666666667	0.517857142857143
3285517	0.767123287671233	0.72972972972973	0.851063829787234
4198520	0.778947368421053	0.862068965517241	0.935064935064935
2487773	0.745762711864407	0.931034482758621	0.884615384615385
5902936_1	0.818181818181818	0.666666666666667	0.888888888888889
5902936_2	0.818181818181818	0.666666666666667	0.888888888888889
1844299	0.888888888888889	0.951219512195122	0.825396825396825
2615500	0.157894736842105	0.133333333333333	0.115384615384615
2663098	0.109090909090909	0	0.169230769230769
91552	0.857142857142857	0.909090909090909	0.880597014925373
5754156	0.942528735632184	0.911764705882353	0.802631578947368
3827064	0.896551724137931	0.962962962962963	0.822222222222222
4557238	0.263157894736842	0.222222222222222	0.102941176470588
1172679_1	0.729166666666667	0.764705882352941	0.704545454545455
1172679_2	0.729166666666667	0.764705882352941	0.704545454545455
6203634	0.789473684210526	0.914285714285714	0.782608695652174
5414128	0.854700854700855	0.944444444444444	0.928571428571429
3155828	0.659574468085106	0.777777777777778	0.807228915662651
7116092	0.254901960784314	0.166666666666667	0.386363636363636
6862325	0.704225352112676	0.857142857142857	0.631578947368421
2747885	0.259259259259259	0.0689655172413793	0.282352941176471
5471760_1	0.883495145631068	0.75	0.740740740740741
5471760_2	0.883495145631068	0.75	0.740740740740741
5471760_3	0.883495145631068	0.75	0.740740740740741
909765	0.78021978021978	0.761904761904762	0.916666666666667
2417400	0.925925925925926	0.923076923076923	0.921348314606742
105258	0.0882352941176471	0.0769230769230769	0.222222222222222
941888	0.133333333333333	0.0625	0.0338983050847458
6894000	0.775862068965517	0.818181818181818	0.716417910447761
3725001	0.0606060606060606	0.25	0.142857142857143
3039516	0.925373134328358	0.75	0.859649122807018
1450571	0.767123287671233	0.575757575757576	0.640625
995946	0.236559139784946	0.12	0.25
3011940	0.183098591549296	0.105263157894737	0.135593220338983
4542170	0.178571428571429	0.133333333333333	0.202898550724638
252725	0.354838709677419	0.181818181818182	0.272727272727273
291412	0.461538461538462	0.205128205128205	0.333333333333333
5960714	0.0263157894736842	0.0666666666666667	0.166666666666667
3435850	0.19672131147541	0.225806451612903	0.344262295081967
4111154	0.308641975308642	0.151515151515152	0.428571428571429
7097382	0.15	0.192307692307692	0.0487804878048781
1387665	0.284090909090909	0.219512195121951	0.320987654320988
80068	0.240384615384615	0.181818181818182	0.304878048780488
4371920	0.738461538461539	0.763157894736842	0.881578947368421
323670	0.128571428571429	0.32	0.213114754098361
4896018	0.747368421052632	0.605263157894737	0.704225352112676
3466073	0.285714285714286	0.444444444444444	0.285714285714286
1155068	0.333333333333333	0.260869565217391	0.3125
5611028	0	0.0689655172413793	0.0862068965517241
2872710	1	1	0.925925925925926
4414619	0.244897959183673	0.157894736842105	0.150684931506849
4924642	0.272727272727273	0.318181818181818	0.235294117647059
2399179	0.743589743589744	0.875	0.875
3522262	0.642857142857143	0.675675675675676	0.720430107526882
6875980	0.6	0.463414634146341	0.492307692307692
11409	0.555555555555556	0.67741935483871	0.609375
6323479	0.289855072463768	0.263157894736842	0.157894736842105
1834134	0.840909090909091	0.892857142857143	0.857142857142857
4544922_1	0.380434782608696	0.515151515151515	0.4
4544922_2	0.380434782608696	0.515151515151515	0.4
4544922_3	0.380434782608696	0.515151515151515	0.4
4864257	0.299065420560748	0.551724137931034	0.322033898305085
4077860	0.89041095890411	0.828571428571429	0.739130434782609
3807901	0.853333333333333	0.85	0.746268656716418
2276627	0.166666666666667	0.153846153846154	0.186440677966102
5396072	0.13265306122449	0.0384615384615385	0.266666666666667
734614	0.135593220338983	0.25	0.208333333333333
1372411	0.744186046511628	0.642857142857143	0.879310344827586
1745504	0.742857142857143	0.703703703703704	0.82089552238806
1374078	0.686567164179104	0.625	0.764705882352941
1762771	0.857142857142857	0.863636363636364	0.976190476190476
1853127	0.518518518518518	0.8	0.5
2823498	0.436781609195402	0.307692307692308	0.25
2892956	0.814814814814815	0.689655172413793	0.759036144578313
4962784	0.787234042553192	0.857142857142857	0.795918367346939
2716830	0.189189189189189	0.103448275862069	0.145161290322581
5690327_1	0.658227848101266	0.757575757575758	0.659574468085106
5690327_2	0.658227848101266	0.757575757575758	0.659574468085106
3053285	0.854166666666667	0.869565217391304	0.810810810810811
2663880	0.8	0.8125	0.807692307692308
5302100	0.142857142857143	0.0344827586206897	0.156862745098039
5166789	0.835294117647059	0.888888888888889	0.883333333333333
901656	0.944444444444444	0.75	0.890909090909091
5841091	0.569620253164557	0.657142857142857	0.705882352941177
2352196	0.0857142857142857	0.166666666666667	0.0344827586206897
4322262	0.830508474576271	0.9375	0.964285714285714
848474	0.734042553191489	0.852941176470588	0.764044943820225
5777635	0.347222222222222	0.552631578947368	0.36046511627907
3837348	0.0731707317073171	0.19047619047619	0.195652173913043
120871	0.174603174603175	0.0769230769230769	0.161290322580645
4300667	0.0961538461538462	0.0555555555555556	0
6326166	0.875	0.826086956521739	0.819277108433735
2365145	0.905405405405405	0.76	0.866666666666667
2639655	0.131578947368421	0.242424242424242	0.173333333333333
613611	0.306306306306306	0.466666666666667	0.440860215053763
900779	0.121951219512195	0.125	0.241379310344828
336266	0.797979797979798	0.80952380952381	0.863636363636364
904097	0.780487804878049	0.655172413793103	0.661764705882353
7101221	0.875	0.935483870967742	0.85
2861575	0.842105263157895	0.84	0.791666666666667
6938606	0.817204301075269	0.739130434782609	0.917808219178082
640244	0.806451612903226	0.91304347826087	0.925
1106555	0.269230769230769	0.32258064516129	0.117647058823529
5102737	0.833333333333333	0.763157894736842	0.802816901408451
1571052	0.105263157894737	0.216216216216216	0.0508474576271186
4330496_1	0.818181818181818	0.857142857142857	0.835820895522388
4330496_2	0.818181818181818	0.857142857142857	0.835820895522388
1435999	0.804878048780488	0.884615384615385	0.75
71852	0.119565217391304	0.0476190476190476	0.0227272727272727
1189799	0.804347826086957	0.925925925925926	0.777777777777778
3418923	0.103092783505155	0.173913043478261	0.144736842105263
1428766	0.838383838383838	0.875	0.877551020408163
6280984	0.754716981132076	0.75	0.680851063829787
5448129	0.134146341463415	0	0.0602409638554217
1302829	0.824324324324324	0.825	0.9
879790	0.121621621621622	0	0.109375
2624747	0.985074626865672	0.964285714285714	0.9
998561	0.305263157894737	0.368421052631579	0.223684210526316
2070387	0.96039603960396	0.971428571428571	0.868421052631579
4799362	0.419753086419753	0.294117647058824	0.352272727272727
4301288	0.193181818181818	0.03125	0.172413793103448
1402448	0.230769230769231	0.181818181818182	0.279411764705882
5944859	0.349514563106796	0.325	0.4
5851355	0.828947368421053	0.885714285714286	0.928571428571429
203027	0.869047619047619	1	0.92156862745098
1698789	0.364583333333333	0.266666666666667	0.33695652173913
3494140	0.592592592592593	0.722222222222222	0.553846153846154
2850920	0.830985915492958	0.964285714285714	0.871428571428571
940857	0.84	0.714285714285714	0.735632183908046
2611726	0.875	0.88	0.966666666666667
2597971	0.0864197530864197	0.0714285714285714	0
5015095	0.8125	0.685714285714286	0.855263157894737
5165013	0.138461538461538	0.137931034482759	0.225352112676056
4749989	0.148148148148148	0.09375	0.239130434782609
1938200	0.776470588235294	0.793103448275862	0.736842105263158
6028250	0.48	0.478260869565217	0.358974358974359
1211638	0.60655737704918	0.7	0.678571428571429
6026588	0.903846153846154	0.741935483870968	0.894117647058824
472032	0.0574712643678161	0.0731707317073171	0.168674698795181
1198351	0.494252873563218	0.4	0.473684210526316
1175894	0.824742268041237	0.821428571428571	0.877777777777778
4089393	0.40625	0.346153846153846	0.425925925925926
742440	0.233009708737864	0.103448275862069	0.235294117647059
2606778	0.758620689655172	0.823529411764706	0.666666666666667
6744228	0.148936170212766	0.151515151515152	0.247058823529412
3758963	0.703703703703704	0.75	0.685714285714286
2879287	0.965909090909091	1	0.901234567901235
651832	0.510416666666667	0.583333333333333	0.595505617977528
2365265	0.827160493827161	0.904761904761905	0.88135593220339
4529990	1	0.935483870967742	0.931818181818182
2605784	0.166666666666667	0	0.145161290322581
3233927	0.62962962962963	0.5	0.519480519480519
7093749	0.223529411764706	0.3	0.337078651685393
4876206	0.345238095238095	0.315789473684211	0.2875
2641709_1	0.140625	0.275862068965517	0.2
2641709_2	0.140625	0.275862068965517	0.2
296160	0.790697674418605	0.833333333333333	0.75
5992808	0.415584415584416	0.525	0.423529411764706
4265348	0.806451612903226	0.846153846153846	0.824561403508772
1159116	0.902439024390244	0.739130434782609	0.847222222222222
1218216	0.108108108108108	0.125	0.236842105263158
3910009	0.130434782608696	0.206896551724138	0.212121212121212
2187283	0.3	0.285714285714286	0.216494845360825
1695025	0.900990099009901	0.933333333333333	0.985714285714286
5283691	0.303370786516854	0.421052631578947	0.365853658536585
2299384	0.243243243243243	0.333333333333333	0.341463414634146
4591589	0.19	0.230769230769231	0.0789473684210526
6403502	0.805194805194805	0.80952380952381	0.824561403508772
6159807	0.126436781609195	0.125	0.0819672131147541
205655	0.256410256410256	0.166666666666667	0.180327868852459
4069511	0.813186813186813	0.794871794871795	0.876288659793814
5985971	0.740740740740741	0.75	0.807017543859649
3684693	0.21	0.153846153846154	0.222222222222222
5379365	0.271604938271605	0.28	0.228915662650602
108920	0.297619047619048	0.142857142857143	0.234375
1576127	0.442105263157895	0.540540540540541	0.394366197183099
184272	0.989473684210526	0.966666666666667	0.919354838709677
1087706	0.0526315789473684	0.05	0.140845070422535
3595209	0.806818181818182	0.846153846153846	0.888888888888889
3817144	0.804878048780488	0.782608695652174	0.740740740740741
4442	0.569620253164557	0.571428571428571	0.65625
245044	0.864197530864197	0.866666666666667	0.842105263157895
2682225	0.271604938271605	0.235294117647059	0.222222222222222
1129846	0.671232876712329	0.75	0.72
6805435	0.181818181818182	0.0909090909090909	0.145161290322581
3370010	0.161764705882353	0.333333333333333	0.19672131147541
1478831	0.891089108910891	1	0.949367088607595
5618172	0.347368421052632	0.3125	0.461538461538462
3549202	0.160919540229885	0.258064516129032	0.108433734939759
6374696	0.375	0.32	0.298245614035088
2502987	0.36734693877551	0.473684210526316	0.483870967741935
1167093	0.67948717948718	0.714285714285714	0.752941176470588
5167753	0.316326530612245	0.454545454545455	0.386363636363636
6252891	0.513157894736842	0.72972972972973	0.595238095238095
2685035	0.835820895522388	0.909090909090909	0.879310344827586
2990258	0.857142857142857	1	0.8625
3657172	0.142857142857143	0.0294117647058824	0.192307692307692
750500	0.136363636363636	0.0869565217391304	0.214285714285714
1241201	0.838709677419355	0.782608695652174	0.864406779661017
5858261	0.0806451612903226	0.148148148148148	0.176470588235294
3036548	0.838709677419355	0.863636363636364	0.796296296296296
4359219	0.671875	0.689655172413793	0.80327868852459
6855545	0.872093023255814	0.785714285714286	0.9
6910087	0.921739130434783	0.821428571428571	0.823529411764706
6625376	0.225490196078431	0.344827586206897	0.236111111111111
5589245	0.810344827586207	0.863636363636364	0.897435897435897
1159485	0.474226804123711	0.32258064516129	0.30379746835443
5195694	0.759259259259259	0.852941176470588	0.803030303030303
4168480	0.258620689655172	0.32258064516129	0.28169014084507
1364675	0.392405063291139	0.25	0.420289855072464
2445539	0.8875	0.8	0.776119402985075
818659	0.873563218390805	0.846153846153846	0.861538461538462
5734130	0.5	0.416666666666667	0.523076923076923
2802861	0.15	0.115384615384615	0.106060606060606
290293	0.171052631578947	0.0666666666666667	0.102040816326531
3023231	0.865853658536585	0.705882352941177	0.823529411764706
3525088	0.186813186813187	0.15	0.192771084337349
459801	0.582089552238806	0.565217391304348	0.526315789473684
3066815	0.89041095890411	0.722222222222222	0.863013698630137
5624857	0.0845070422535211	0.12	0.166666666666667
5321727	0.783783783783784	0.787878787878788	0.890243902439024
2107900	0.136986301369863	0.0384615384615385	0.0967741935483871
759061	0.849315068493151	0.791666666666667	0.934782608695652
276953	0.909090909090909	0.875	0.843137254901961
4645239	0.0666666666666667	0.0588235294117647	0.160714285714286
340252	0.111111111111111	0.0769230769230769	0.186046511627907
6675116	0.119402985074627	0.161290322580645	0.181818181818182
5065991	0.131147540983607	0.0740740740740741	0.0769230769230769
7021516	0.0888888888888889	0.0588235294117647	0.164179104477612
1784459_1	0.228260869565217	0.162162162162162	0.242105263157895
1784459_2	0.228260869565217	0.162162162162162	0.242105263157895
247379	0.597014925373134	0.5625	0.6
6228257	0.942307692307692	0.884615384615385	0.859154929577465
1692473	0.869047619047619	1	0.923076923076923
587963	0.735849056603774	0.68	0.755555555555556
4816723	0.147727272727273	0.0588235294117647	0.101449275362319
4551754	0.80952380952381	0.866666666666667	0.790123456790123
720874	0.848837209302326	0.9375	0.896103896103896
2357369	0.135416666666667	0.214285714285714	0.155555555555556
3985570	0.171428571428571	0.0833333333333333	0.202247191011236
3949665	0.179487179487179	0.0689655172413793	0.114285714285714
1426166	0.734177215189873	0.733333333333333	0.655737704918033
3218851	0.87719298245614	0.769230769230769	0.827586206896552
1343241	0.578947368421053	0.521739130434783	0.533333333333333
2308776	0.0987654320987654	0	0.0547945205479452
1227712	0.882978723404255	0.833333333333333	0.893333333333333
6469253	0.188034188034188	0.193548387096774	0.104651162790698
2392906_1	0.307692307692308	0.294117647058824	0.258620689655172
2392906_2	0.307692307692308	0.294117647058824	0.258620689655172
4843316	0.133333333333333	0.0909090909090909	0.0714285714285714
6718767	0.714285714285714	0.76	0.647058823529412
1498357	0.1	0.210526315789474	0.0740740740740741
43827	0.971698113207547	0.9375	1
1734671_1	0.876404494382023	0.85	0.943661971830986
1734671_2	0.876404494382023	0.85	0.943661971830986
1734671_3	0.876404494382023	0.85	0.943661971830986
7028158	0.123287671232877	0.166666666666667	0.185714285714286
6654875	0.126582278481013	0.230769230769231	0.133333333333333
6364572	0.127906976744186	0.0689655172413793	0.0517241379310345
2451135	0.864864864864865	0.931034482758621	0.88135593220339
4639189	0.914634146341463	1	0.947368421052632
5144840	0.26027397260274	0.333333333333333	0.253968253968254
334137	0.129032258064516	0.0952380952380952	0.180851063829787
2993024	0.857142857142857	0.961538461538462	0.895348837209302
6011266	0.0808080808080808	0.0666666666666667	0.0163934426229508
55124	0.725	0.709677419354839	0.666666666666667
3111019	0.634615384615385	0.780487804878049	0.721518987341772
5399166	0.846153846153846	0.925925925925926	0.827586206896552
6331311	0.909090909090909	0.885714285714286	0.962962962962963
1467796	0.861111111111111	0.945945945945946	0.891566265060241
4481415	0.176470588235294	0.09375	0.166666666666667
2940654	0.925373134328358	0.909090909090909	0.855072463768116
1618484	0.854166666666667	0.967741935483871	0.88
2639623	0.923913043478261	0.827586206896552	0.843373493975904
5501770	0.868852459016393	0.791666666666667	0.791044776119403
5797058	0.153846153846154	0.0833333333333333	0.140350877192982
630105	0.906666666666667	0.878787878787879	0.869565217391304
3816286	0.845070422535211	0.884615384615385	0.797297297297297
5550692	0.456140350877193	0.35	0.509803921568627
4245010_1	0.134146341463415	0.193548387096774	0.1125
4245010_2	0.134146341463415	0.193548387096774	0.1125
6327055	0.91044776119403	0.842105263157895	0.873239436619718
4452076	0.811764705882353	0.764705882352941	0.815789473684211
6377330	0.904109589041096	0.884615384615385	0.875
5907645	0.236111111111111	0.151515151515152	0.196428571428571
5716891	0.87962962962963	0.903225806451613	0.935064935064935
2773088	0.24	0.333333333333333	0.257142857142857
258143	0.847222222222222	0.9	0.826666666666667
1122672	0.0864197530864197	0.115384615384615	0.0461538461538462
3782378	0.9	0.833333333333333	0.9
3606180	0.0808080808080808	0.176470588235294	0.129411764705882
1691893	0.884615384615385	0.933333333333333	0.863636363636364
5857712	0.0909090909090909	0.107142857142857	0.105263157894737
4872859	0.151898734177215	0.115384615384615	0.193181818181818
5666070	0.129411764705882	0.189189189189189	0.108108108108108
4323171	0.166666666666667	0.102564102564103	0.160919540229885
4069300	0.829268292682927	0.85	0.894117647058824
4842141	0.130841121495327	0.0789473684210526	0.107692307692308
2391987_1	0.773584905660377	0.821428571428571	0.816901408450704
2391987_2	0.773584905660377	0.821428571428571	0.816901408450704
540352	0.876404494382023	0.8125	0.882352941176471
256356	0.179775280898876	0.137931034482759	0.169014084507042
4678569	0.0759493670886076	0.148148148148148	0.0845070422535211
319526	0.910112359550562	0.925925925925926	0.875
5546477	0.244186046511628	0.212121212121212	0.233333333333333
2738684	0.883116883116883	0.941176470588235	0.835616438356164
2137120	0.811594202898551	0.842105263157895	0.789473684210526
3751829	0.160377358490566	0.0882352941176471	0.152542372881356
5739041	0.101449275362319	0.0526315789473684	0.119402985074627
302708	0.828125	0.777777777777778	0.853658536585366
5605142	0.104166666666667	0.125	0.115942028985507
3379753	0.108910891089109	0.0571428571428571	0.111111111111111
2826585	0.158536585365854	0.173913043478261	0.111111111111111
780040	0.78494623655914	0.666666666666667	0.742268041237113
843135	0.875	0.945945945945946	0.911392405063291
3931949	0.896103896103896	0.909090909090909	0.919540229885057
2029442	0.75	0.789473684210526	0.756756756756757
6339021	0.411111111111111	0.366666666666667	0.351351351351351
188770	0.858695652173913	0.878048780487805	0.876543209876543
1895023	0.839080459770115	0.838709677419355	0.839080459770115
6859281	0.125	0.157894736842105	0.172043010752688
537116	0.808080808080808	0.869565217391304	0.816901408450704
2556802_1	0.9	0.90625	0.9375
2556802_2	0.9	0.90625	0.9375
1244551	0.125	0.0975609756097561	0.111111111111111
7053336	0.865671641791045	0.884615384615385	0.8
3211033	0.883720930232558	0.833333333333333	0.893617021276596
5611013	0.188235294117647	0.166666666666667	0.178082191780822
2290268	0.935483870967742	0.925925925925926	0.932584269662921
4819218	0.0879120879120879	0.05	0.0714285714285714
2957995	0.59375	0.727272727272727	0.646153846153846
2705817_1	0.662337662337662	0.666666666666667	0.606382978723404
2705817_2	0.662337662337662	0.666666666666667	0.606382978723404
2528274	0.9	0.9	0.894117647058824
848706	0.108695652173913	0.0666666666666667	0.123595505617978
2283835	0.7875	0.852941176470588	0.782608695652174
7030301	0.846153846153846	0.88	0.859375
7046146	0.844660194174757	0.871794871794872	0.833333333333333
5812199	0.5	0.538461538461538	0.454545454545455
