0.0164835164835165
0.0258620689655172
0.0258620689655172
0.0306122448979588
0.0306122448979588
0.0110294117647058
0.0201342281879194
0.0201342281879194
0.0059815938306161
0.00671100090137755
0.0508474576271186
0.0508474576271186
0.00909942272479487
0.0526315789473684
0.0154748947044627
0.0461538461538462
0.0759493670886074
0.0263609823115229
0.0361445783132535
0.0405405405405405
0.0405405405405405
0.0306122448979588
0.073170731707317
0.073170731707317
0.028881812081327
0.00446759704587064
0.0143540669856458
0.0342857142857144
0.0535714285714286
0.0246721493665259
0.0150383645631157
0.0255613920569898
0.028457569827433
0.100840336134454
0.115384615384615
0.0679692371648306
0.0679692371648306
0.0434782608695653
0.171428571428571
0.171428571428571
0.024
0.024
0.024
0.0759493670886076
0.0759493670886076
0.0759493670886076
0.136363636363637
0.00904908561702043
0.0258620689655177
0.0320885420813762
0.272727272727273
0.0626772382661033
0.0292682926829272
0.0292682926829272
0.0197192663686326
0.122448979591836
0.0983606557377048
0.0182926829268293
0.0182926829268293
0.084988272662436
0.13953488372093
0.0660913476032561
0.0660913476032561
0.0405405405405405
0.0405405405405405
0.0228267215617423
0.0733520070528627
0.0531241281570657
0.0531241281570657
0.032049852092527
0.0175904024965266
0.0638297872340424
0.0638297872340424
0.115384615384615
0.176470588235294
0.0510696308724837
0.0410895011886013
0.0410895011886013
0.0410895011886013
0.195239398552832
0.0975225753348615
0.171171171171171
0.0612244897959184
0.0523527917860901
0.0405405405405407
0.0944759938048532
0.0653627596781464
0.0653627596781464
0.0283783783783785
0.0284245473103156
0.000698055573509812
0.0372159052386403
0.0543301438109332
0.0241212139182515
0.171337364108448
0.0350819297415772
0.0857142857142854
0.0313405076292437
0.252100840336135
0.023614667877645
0.057915057915058
0.0583651234213447
0.0167597765363129
0.0138062820143785
0.0524171951244773
0.00941675420282848
0.191213537398392
0.104524418042412
0.0441176470588235
0.248112504455462
0.248112504455462
0.00879972039723361
0.0310880829015544
0.2
0.0229190471369271
0.0229190471369271
0.00952809918900451
0.0326086956521739
0.0154639175257732
0.0865344745095952
0.0461538461538462
0.0285980723172446
0.0288264971251924
0.0201342281879195
0.0532446429357593
0.0485790088172951
0.0407401335029085
0.0313780768046244
0.0952696914212763
0.0952696914212763
0.0761807198759351
0.0361445783132535
0.0361445783132535
0.0681818181818184
0.0644320086702491
0.103448275862069
0.130534997798287
0.0123233687816288
0.0123233687816288
0.0123233687816288
0.100264017835579
0.0848999508197914
0.0848999508197914
0.00146592045232545
0.134482758620689
0.157038272634603
0.0740430500247125
0.220005148336941
0.00481065745651913
0.00481065745651913
0.0446606493963193
0.0593189150594127
0.222222222222222
0.0523110727547216
0.118821614654447
0.187850269959083
0.117326892528572
0.117326892528572
0.0765449347356442
0.0765449347356442
0.00854812978062805
0.0282275855231739
0.0990458602646968
0.0209766173255209
0.0420966088073088
0.0819617989655249
0.0106180634534689
0.0230453540987057
0.0230453540987057
0.0411982658822242
0.0915519133646685
0.0915519133646685
0.058252427184466
0.058252427184466
0.058252427184466
0.0828035926670219
0.0486314382429931
0.0486314382429931
0.0171928230751762
0.323126528400065
0.358953843316173
0.0441176470588235
0.00309659657709794
0.0131881170046088
0.0483982606870802
0.0483982606870802
0.0483982606870802
0.0572049843289766
0.0421272414640137
0.101723445556463
0.029776458969657
0.209346317651951
0.0497831621102201
0.116332471783061
0.305759614791037
0.305759614791037
0.0198300699512187
0.0603572175936674
0.0603572175936674
0.0603572175936674
0.0681818181818182
0.1
0.0249149760111754
0.318733226566985
0.318733226566985
0.270846181752223
0.0484094566507167
0.00878595322218789
0.0453727152245411
0.25362394772899
0.010568576651092
0.010568576651092
0.012142062972666
0.0272727272727271
0.0272727272727271
0.122930222112864
0.0341300484760487
0.0341300484760487
0.0435903610673393
0.0256944160948294
0.0268587514635512
0.0326208874160265
0.0118613962625069
0.0599599127626988
0.0252100840336136
0.0348567376800851
0.233447555565987
0.177331951251132
0.00583879465996312
0.00715383046699751
0.00715383046699751
0.00715383046699751
0.00415407629906444
0.103348167977434
0.0192608439680255
0.0192608439680255
0.000307633369856242
0.000307633369856242
0.00216631402250413
0.032897139650273
0.0224694329579674
0.448915895650346
0.174226602958625
0.12402712737246
0.167230403498689
0.0162181998579674
0.321027146001467
0.0400491200806516
0.0400491200806516
0.0400491200806516
0.124980677146152
0.108922569162539
0.0298675135663818
0.0210168804941794
0.0225020154421311
0.0225020154421311
0.0984435555904093
0.0984435555904093
0.0709144542772864
0.0721536681625935
0.138147755085874
0.202315672540344
0.00987079891665783
0.0128272493758628
0.0809659090909092
0.0483870967741935
0.024278433374286
0.133044664211788
0.0776635092194937
0.0507573726025995
0.0507573726025995
0.105030193516502
0.0334057642772763
0.0334057642772763
0.0263564671825696
0.0113601092556956
0.0307470200056493
0.0880098327780832
0.0359483479170087
0.180497766711442
0.180497766711442
0.04219328997297
0.0252100840336136
0.060813607127218
0.0011489620197627
0.0870795597721139
0.0048546839657045
0.0223747516123809
0.015292435151127
0.0227423666014426
0.0680310920166489
0.0286647082802455
0.0515188026538152
0.0817596571626507
0.124328141796455
0.103261278903367
0.103261278903367
0.103261278903367
0.0694639960354441
0.113707702077474
0.113707702077474
0.0417955935706725
0.0189873417721521
0.00701637153357823
0.0241428574746842
0.197122340414512
0.0306638386058022
0.248215896658285
0.0194638435177136
0.00743718648198953
0.105101394413943
0.0318966615567344
0.0318966615567344
0.0832125396162442
0.0391263122676679
0.118588771915672
0.0885654455915598
0.243240790218589
0.0327946616100159
0.00445808700583534
0.057514749773067
0.00574440295229427
0.0200556047011247
0.169120935954687
0.0260154127870049
0.00829489604886699
0.0786484163707772
0.0344976451527125
0.00337591035026453
0.0353724350631247
0.0128464865408199
0.027153239488074
0.117927907767144
0.0570563451707401
0.0265628395428776
0.0265628395428776
0.0172252539949364
0.0556781749326274
0.129562805536952
0.144757716776047
0.0455019208439162
0.218765265183763
0.131357431165265
0.0526922166199558
0.17026550159637
0.149966816104747
0.0702540921750693
0.116329793526083
0.00665027068461442
0.0186164538876034
0.0371568843477118
0.00941765422024128
0.174462207998176
0.00352525790098786
0.0566935059874728
0.0171360258188021
0.0257466647694955
0.0257466647694955
0.0625034397147685
0.116855720951516
0.00137822463598483
0.0503149486096688
0.0196412556053812
0.0248858929614362
0.123250256060089
0.0135222027701197
0.00640065354405717
0.182275875274687
0.136391084885565
0.0120214495547121
0.0648201000131349
0.00127629457582168
0.0474593565354007
0.0918571577697562
0.0145961927918605
0.0102064708584729
0.0526134602202714
0.0563382270710164
0.0696490510794874
0.0361666393256937
0.119548905781236
0.0933838198721006
0.0049330821418071
0.0374866576887648
0.0984608525705158
0.0231538150405698
0.0231538150405698
0.0231538150405698
0.0371546419636215
0.0089189955798758
0.0290945930111689
0.0158730158730159
0.0158730158730159
0.0422843761775689
0.0422843761775689
0.0422843761775689
0.0997549632713884
0.0879290429042908
0.0879290429042908
0.0505335127588913
0.0349780943416532
0.112368729477469
0.129092044894092
0.0900074202325002
0.0928005500646938
0.0624025176175825
0.105950078882685
0.022856557105586
0.0117287917737788
0.139612844677498
0.0127791885364185
0.119451576298976
0.0112858614272499
0.0268038579753192
0.194521962490158
0.0743269395088471
0.0043076760943737
0.0471880499822574
0.0471126433741082
0.0372988707546084
0.0365548316675884
0.125254997960016
0.0781306325675527
0.0781306325675527
0.0406022028736372
0.0410243010190753
0.128746141620155
0.0928761073195467
0.0134018411475059
0.00983827894648027
0.0335155082709122
0.0625926535066507
0.0449323491791547
0.0128559728402024
0.0256411156693741
0.0949468450617694
0.118138906475932
0.0146985301469852
0.0133155851556379
0.000133537892336896
0.0109186863521859
0.096882258162798
0.096882258162798
0.00446428571428579
0.00541212374653683
0.00681553336151422
0.083890082269089
0.00290416939538526
0.033484917455699
0.00351419342066522
0.0333624544003777
0.000483724574117593
0.0384791665530714
0.0225864336506096
0.0386969602655876
0.00836244310363082
0.154019782004278
0.0448409222926357
0.0207687411000347
0.0207687411000347
0.120769998827333
0.00200181695613747
0.196194636382415
0.0108273121556479
0.075225673624975
0.0133371062924203
0.0133371062924203
0.0182289483309412
0.177539272439391
0.0122232556242283
0.12
0.0381684067929555
0.116248919894104
0.00543481930704001
0.0310472511684245
0.0502104105178499
0.135284570120745
0.135284570120745
0.00802076573653465
0.016914341316812
0.100429436361129
0.0687652784555578
0.134822094780881
0.0206507205467242
0.0471666594979574
0.00221977674169663
0.000698050357597737
0.0473464284780569
0.0318858186920259
0.0682820488942686
0.0358542119423222
0.0802938566825389
0.0802938566825389
0.0802938566825389
0.0803727839674864
0.00592211911383668
0.0809686941402199
0.0898783837363945
0.0703436314710878
0.0632991002734165
0.00573807156527876
0.104102037612395
0.02109803002486
0.02109803002486
0.0313788826634694
0.0313788826634694
0.0269946197028201
0.0103357371346525
0.0321377731576166
0.018520314219747
0.0894754134267883
0.0593250168802127
0.0533578010120837
0.0676689285919151
0.0408679170986398
0.0278109578173878
0.0452422453016972
0.0952097142289694
0.0952097142289694
0.000604639480682118
0.0300518367210921
0.0561553525268226
0.0714146341463414
0.0177795229977114
0.127486511249109
0.0940583874496909
0.0601617675984624
0.00380854456941413
0.00752437940672423
0.0833415907316312
0.0676464793972677
0.0568694084589113
0.0437058637883457
0.062311935960494
0.119002473623101
0.0827809426885764
0.0174489792006141
0.0312150046483981
0.0456749926807808
0.00164187540547178
0.0555491125124764
0.0331584933121562
0.0500842932085104
0.0334418164427755
0.0280978532432213
0.00516362122155886
0.0678692643195435
0.0185457631597983
0.0121915479572356
0.0140489723214014
0.0282206903812209
0.029197591217208
0.0414380035921386
0.0414380035921386
0.00391855255655265
0.0176124728319012
0.0145600242695911
0.0693829089915944
0.00446234487114339
0.00280449265056004
0.00359309747064855
0.022696632723323
0.0502866208190795
0.0744529030773344
0.0780370624571034
0.0780370624571034
0.0399524933430165
0.00388693970332479
0.0874387353003454
0.00651586995029222
0.0533628215290507
0.052273036169309
0.0439510838918138
0.00467184093189589
0.00467184093189589
0.038718083701692
0.0277955646731513
0.0324144123644775
0.0621112210866222
0.0674137627450272
0.0845955580538118
0.0386537072726642
0.0386537072726642
0.0386537072726642
0.0483623060998783
7.55871519410797e-05
0.0580868805958284
0.0370575684980051
0.014763624508452
0.0702936483867139
0.0599352967999136
0.0422798925059214
0.0316856271192396
0.012684001395372
0.00876702368739894
0.0380216518246898
0.0739644970414205
0.0660405924490434
0.0321005658667232
0.0925991403999526
0.047978422076805
0.0132363014111049
0.020634045954202
0.0358336624402801
0.0535314041725763
0.0246264570646753
0.0374999999999996
0.00659963143736403
0.0424242424242424
0.0759493670886074
0.0182752669354995
0.0086339698348439
0.0410253489961275
0.00696414294523086
0.0207539763556156
0.0157380359498452
0.0269212837494799
0.00599713569638384
0.0215952250901837
0.0215952250901837
0.0215952250901837
0.0819813459185623
0.0390868236458526
0.0247365633885668
0.00192004866977611
0.105522703424763
0.0211151622856628
0.0761738058275825
0.019286663142012
0.0230046650671604
0.0493407475349689
0.118388037975088
0.0412745382241645
0.0212259351196968
0.0095667142450904
0.0147494721525818
0.0152240866137303
0.0152240866137303
0.00708081480304855
0.000254982536661152
0.0453207863148262
0.00763776353393929
0.0846962868385289
0.0207990519545695
0.0513629662851192
0.0616466643988227
0.0225524135146521
0.0542493122532627
0.0370057907444208
0.0236460085320963
0.0485297380683199
0.0068791011204871
0.0430710889555275
0.0210107376417086
0.0307776372830852
0.0340186834366471
0.00846157676183274
0.0236460096168472
0.019247897045027
0.00562841581831901
0.0555043164769758
0.0407791647571163
0.0626028600371917
0.0077315260616284
0.0653421608720818
0.00279051104429993
0.00279051104429993
0.0301578631080765
0.0426485184909821
0.0455107407533895
0.0104854597536568
0.00407787263670485
0.00864608380851217
0.0744979007575801
0.0148212403207355
0.063094299768672
0.0412457737934804
0.0251157054822927
0.0514649481351087
0.0172569392321377
0.0676352886502236
0.0134179123894963
0.00636169915361004
0.0238343845013331
0.0668955069806087
0.0116599315081732
0.0331033550183485
0.0472995469671364
0.0250478766145457
0.0315608831326939
0.0427808506249599
0.0459886170457161
0.0181805312549942
0.040074869100528
0.00470003375056908
0.0195431340045857
0.0107041402536205
0.0634974137727398
0.0403292386426607
0.00990076930030462
0.00748917977415967
0.00724118660641024
0.0369228569684413
0.033098198575119
0.0209604730282321
0.00537677959689143
0.0594599862073873
0.00860710590288798
0.0141107122845582
0.0347892542778478
0.088241379310345
0.0197391619001559
0.0163884271585286
0.00385522848992055
0.0281435453312518
0.0281435453312518
0.010516206482593
0.015010636539649
0.00274540560522356
0.0488124472014791
0.0370477264661251
0.0139770690686416
0.0101825808441967
0.032417815719529
0.0149847136980101
0.0139925555523277
0.0444738031704867
0.000679875628267258
0.00646433508454437
0.014551799463211
0.0128167122572984
0.00718527180444231
0.00845878322461503
0.00389857339261724
0.0347261742006616
0.0223740543926014
0.032157583510762
0.0358520323710476
0.0130214106020653
0.0061019351877774
0.0102025582392139
0.00149821285169757
0.0035585193603584
0.00773525138941952
0.0174482202098091
0.0463294487813583
0.0589888376498618
0.0259626202884321
0.0397765184154077
0.00706614171418484
0.0168896337271452
0.00663351237885351
0.0201582122210695
0.0503789105528368
0.0123920082282431
0.0773991995349441
0.0653357052275608
0.033075747451627
0.0123189516725479
0.0207426465605189
0.0083278251807969
0.0252982924719694
0.0282499829956351
0.0265858586603978
0.0221939739976617
0.0157439619939055
0.0375957442673655
0.0140014260117613
0.00512049264128517
0.0364699829222037
0.0234201405923315
0.00157170276565535
0.012553678922302
0.00494052214154103
0.0280641380321125
0.0426886392776404
0.00369191628033744
0.00331691713767877
0.0564592157200436
0.0156613668475069
0.0247171628965597
0.0297440271231471
0.0427052165811149
0.0099973421328017
0.0372502602243742
0.0285431399509201
0.00776010714448867
0.0121392013205339
0.0316180401346196
0.0109699413438413
0.0109699413438413
0.00179124345510725
0.0193740052791923
0.0671542485945417
0.00768343488329856
0.0214605568749527
0.0108269331695861
0.0207943348747739
0.0119895602898739
0.0294936167079672
0.0290395526133126
0.00980994963750099
0.0201974565716112
0.0036880061281484
0.0504135828658938
0.00908799569341457
0.018268166728466
0.00313886329179575
0.00313886329179575
0.011277331127726
0.0155839678039957
0.0469847072015401
0.0333703588669133
0.0238266958791117
0.0238266958791117
0.0238266958791117
0.00767227435697901
0.0248451249453527
0.0209985332969791
0.0123572140608216
0.0422672723574482
0.0096003758017546
0.0159194927379543
0.0323512594477519
0.0221944997123606
0.00435887008652262
0.0262710252572375
0.0236069409404294
0.0211431542269504
0.0204381893243789
0.0164168800517959
0.0145962743251371
0.0396044236316925
0.0228508836366466
0.0134010806208051
0.0127343257698592
0.00366644300910384
0.0143944647757974
0.0268596356069083
0.0140653464806459
0.0140653464806459
0.0107234202516477
0.00499383541815824
0.00221019765920213
0.0114259996570882
0.00908523147760367
0.0123297436186578
0.0117424710377989
0.0159436496289279
0.0138089758342924
0.0203774343960401
0.0134763107414924
0.000867614915779449
0.0116601239059328
0.0144820743506513
0.0102416015137067
0.00899255834195765
0.00714220979076262
0.00442660511654492
0.00442660511654492
0.0122440228644675
0.00347377907544946
0.0168607292504809
0.00780533835565959
0.00150242083964335
0.0278077986233118
0.00462024044239358
0.0135264843616189
0.0144112773215962
0.0100937526065593
0.0010718977425672
0.0111253490657394
0.00850536530107391
0.0182584368032073
0.0154886762257879
0.00165417196448135
0.00248223506489812
0.00410500836720058
0.00103208799463341
3.39183724969832e-07
0.004528174190246
0.00788929541625004
0.00516695371965109
0.00516695371965109
0.00190418209362003
0.0154740027680802
0.00925458708851551
0.00079696079234454
0.000375523047443054
0.00556715702917525
0.0200478460441803
0.00493860306661844
0.00493860306661844
0.000125965737319429
0.00971396080981908
0.00992840099939117
0.0024435994920669
0.00306270750177705
0.00705836326390874
