1
1
1
0.985074626865672
0.96774193548387
1
1
0.979591836734695
0.904109589041096
0.916302128900554
0.982047530434535
0.963765057698569
1
0.91544958897144
0.92987012987013
0.92987012987013
0.92987012987013
0.940806629959355
0.923076923076923
0.892271662763466
0.947368421052631
0.893617021276596
0.947026055448962
0.821052631578947
0.821052631578947
0.77679942679797
0.836894757641772
0.666666666666667
0.764445739057427
0.545454545454545
0.781968253968254
0.804792931379716
0.680189940528329
0.514285714285715
0.631919348610724
0.631919348610724
0.654098527171153
0.564604150117654
0.514488468361916
0.646153846153846
0.766356721882288
0.670098899292952
0.633385867220065
0.805283258363286
0.758634241939358
0.734227627630267
0.708780823670629
0.726305588456983
0.725258467686885
0.354527498437772
0.696147709140643
0.495558088183036
0.54215812898659
0.54215812898659
0.62799769593843
0.665675246002846
0.504820544590659
0.669465551583762
0.735676394309797
0.637355689781434
0.583754543269686
0.198198198198198
0.60759493670886
0.142682707133905
0.765009699519526
0.634096007244698
0.611793611793612
0.47847997328217
0.639681397808647
0.586657959106098
0.62847790507365
0.62847790507365
0.508483935788413
0.580292550494845
0.61267947204401
0.538476873799976
0.522075884562983
0.614882032667876
0.37848998774396
0.676275354889743
0.652183471661587
0.459715499794164
0.295331160021868
0.491210639447771
0.55374359182934
0.467666991641901
0.444777792552209
0.513815646139688
0.497625577833413
0.613972432849575
0.560022224971878
0.522743628685442
0.519849846790012
0.452454978419578
0.487733651978676
0.590132156429112
0.48177300448709
0.504721183676716
0.613779715643538
0.577356103252591
0.545454545454546
0.52680750253159
0.485627459011266
0.518863283799974
0.515409909042254
0.429676902902295
0.422056508539835
0.518061851817247
0.50492030649981
0.37012872137624
0.461116008022014
0.610371906574438
0.475383146610031
0.33357010541214
0.471584289851405
0.490676125478071
0.499987089301457
0.455447776333614
0.64657856390298
0.426939125424253
0.437016108132061
0.437016108132061
0.368724773196488
0.505737490020357
0.458677364384857
0.440873386690991
0.362821446175097
0.437048299754171
0.445309475869974
0.409141204188773
0.256803496978875
0.39464998105246
0.437570343563984
0.371062953131809
0.415523683502855
0.469509803921569
0.47957130033598
0.418393650356742
0.397258094748939
0.397258094748939
0.397258094748939
0.562681634281156
0.442878526814912
0.442355186349349
0.475716417389843
0.475716417389843
0.528436222645051
0.500130687119119
0.429488938667633
0.409378879538724
0.312557403971899
0.577385035044741
0.491803278688525
0.33455614744632
0.502144197266148
0.475766610779856
0.402553785016625
0.470549773409219
0.431906518375526
0.444592359240746
0.403842689042555
0.5859601038008
0.500152100474757
0.500152100474757
0.544901071299194
0.474820143884892
0.369083399991605
0.441031097172475
0.39758485526174
0.395965654941899
0.413865347049178
0.413865347049178
0.418402691873695
0.364422995583226
0.422547823061444
0.50261600790133
0.46875
0.398460831567768
0.399074129502145
0.382212478529314
0.299379273548159
0.217213692069306
0.446013741127149
0.361620260537775
0.485734381298231
0.478880526439953
0.41132616068653
0.41132616068653
0.447761194029851
0.493929114074043
0.373269343350571
0.374069957873968
0.312925170068027
0.445301685008285
0.376382948985131
0.334167878968339
0.406466097889538
0.398748388047316
0.398748388047316
0.446761781737483
0.415084158832633
0.280857683706626
0.308999178061671
0.461144484815328
0.2
0.356905337583894
0.409395184967704
0.473089847510217
0.370779936395982
0.346226369932902
0.311981319682206
0.427500707236011
0.226640556703266
0.423925019039611
0.346295884664804
0.467878787878788
0.295805846395933
0.295805846395933
0.313107493370478
0.420382165605096
0.346697408678948
0.416783764643381
0.48
0.48
0.35207711741018
0.316055386674907
0.34299955204503
0.420222536224177
0.403734214799138
0.3885852760145
0.343840801201805
0.391114130005082
0.210033702344664
0.331063785513947
0.406066669820789
0.295425112667852
0.268810419793859
0.268810419793859
0.4
0.315215906082912
0.394487101536133
0.387096774193549
0.424137931034483
0.371681415929204
0.297863121366897
0.35671812433861
0.330775209087363
0.415909423988494
0.318822413319144
0.34516031091301
0.289684269584161
0.52099360379102
0.260904868749314
0.355349543125905
0.141754413198605
0.308740590942529
0.347378873198989
0.316503976708784
0.279372813369822
0.329495836700737
0.325495325474893
0.400818414322251
0.310411103401337
0.257106495934809
0.27271876869912
0.433583208395802
0.299527895042447
0.462279825300816
0.283556490680293
0.269880713471803
0.322235945844033
0.353758511575254
0.238137863151731
0.22753757136427
0.314873238109313
0.315384739680076
0.256212662497982
0.256212662497982
0.232131147540984
0.28197194296487
0.305389041778437
0.359570041296215
0.29204233554464
0.31346780660009
0.319091976971882
0.249632372882056
0.254614638587286
0.254348543477108
0.23128110932417
0.231486647722152
0.227921191530668
0.227921191530668
0.37153706439287
0.276587041709674
0.349772343326512
0.2115136605565
0.2628306500629
0.280682480233042
0.274965222796746
0.254545454545454
0.223164044437513
0.160037562894735
0.211481861160021
0.280441506455935
0.268662738829191
0.213509296103154
0.192656415042612
0.24317063322504
0.225320982094057
0.240350526112757
0.223555886364536
0.147920406730518
0.24740822954408
0.258349585774696
0.279069767441861
0.152752213369002
0.231892678273591
0.226695982540069
0.258836113785094
0.138993214638594
0.191474594290987
0.220591422317578
0.225011956001913
0.264950577301087
0.188458685453082
0.0942723652237741
0.202829025767455
0.186191646570255
0.199421747328724
0.237257259818446
0.219895287958115
0.145971462755807
0.219895287958115
0.16042198863419
0.221001697725897
0.145896296296296
0.139931544704434
0.184887009647431
0.150445113992002
0.146393195106353
0.15927272950276
0.183710158457567
0.152950239967579
0.140989120786693
0.0955489953813252
0.148449985357486
0.140650146760318
0.172336721959434
0.105174725085142
0.0921678016186656
0.0914458754080399
0.0583609018602247
