0.583541929543362
0.536224680004971
0.249669505841875
0.368623590028353
0.14897471845175
0.456465987644437
0.207736199216057
0.193935529638096
0.192318962317595
0.118892860676826
0.267760896536295
0.228760758597787
0.167099844070623
0.162087598005167
0.148340822475358
0.105792136101078
0.346620317146176
0.0557976257992164
0.213234043404365
0.124833615138324
0.118111097047408
0.228045276142416
0.0588999458173267
0.218981338406341
0.208742603492378
0.208742603492378
0.208742603492378
0.220371597293351
0.041607748990597
0.180305233587863
0.255690838257929
0.233770502673854
0.233770502673854
0.176894405795338
0.219893563825139
0.178698381672494
0.197187913407408
0.29303664767942
0.192216016190564
0.065942242054041
0.0925137049733753
0.116760795869875
0.116760795869875
0.110956541624187
0.0863878703474101
0.215959078316587
0.151381246667137
0.151381246667137
0.137334364004093
0.0874931953880822
0.184332782609403
0.127059445034158
0.126612483200645
0.3056558920013
0.127053635643539
0.0617293808283652
0.154073462541442
0.0768321235238911
0.15790541992718
0.0570747626932181
0.205879948922639
0.131159090265346
0.0802007202153163
0.0857372732986575
0.14221639634233
0.175751052489656
0.121280347163309
0.123278010030747
0.0778193447029726
0.0976173545060452
0.066892459892318
0.202849256817344
0.0600587311695177
0.218365427151473
0.0607539541863911
0.0199125616300887
0.144052172439541
0.0893726616769988
0.0414290433982033
0.0777952399999133
0.0754717060620448
0.0973162976844628
0.046689019112225
0.190323613838611
0.187447515173863
0.180887321742089
0.0921653345982484
0.0921653345982484
0.0701681092938868
0.0917209913936088
0.144244412903989
0.10779532978383
0.138963538106203
0.0658533180792185
0.148762868836017
0.0656930941388736
0.101999414800898
0.0737019097517659
0.186688699435113
0.253794978166949
0.0322189677260733
0.0841427133366327
0.127631069011808
0.0298141729390967
0.0632761409823233
0.133311254433373
0.133311254433373
0.144420575032415
0.0487975381580041
0.0879371556014159
0.0149141955058892
0.198291019359194
0.0736716793883643
0.143401390474095
0.0547014815215659
0.169484564002239
0.0805041934646678
0.0795895762200572
0.115269962782001
0.115269962782001
0.148835628952021
0.0747349789890762
0.0630074836781936
0.127668732782369
0.116846930309438
0.0612902307550057
0.0747306139443895
0.0890958122798706
0.0750059476983136
0.0578807840273651
0.107781647309741
0.105283235659713
0.120486232667577
0.0652530367114099
0.14297761192535
0.0706210449504615
0.129593451158992
0.252633901742991
0.252633901742991
0.165899702216851
0.083091566690951
0.083091566690951
0.168950919541281
0.0835882373682305
0.0980516466812258
0.104128174672294
0.0821638056733829
0.103412665634363
0.0404434328316651
0.0610248526834782
0.13727948380355
0.0842654103409702
0.0291441434849935
0.0937880466664075
0.0593703664231086
0.133592993346451
0.0838111998669621
0.154613752365659
0.123235402033428
0.0902466118140311
0.118430951986423
0.085673687127849
0.0129559150346747
0.0690452018251491
0.125523012552302
0.0882897539134482
0.0832959806516035
0.0832959806516035
0.058441625825256
0.0722395334834204
0.101197438841956
0.134937703298591
0.107373116200325
0.0354018554086344
0.125851867762785
0.0889208467818657
0.114726201883527
0.114726201883527
0.0845673053971774
0.113456948215047
0.065797129262707
0.0741609119721432
0.122831429703325
0.0788192353692628
0.0235968787718685
0.0787746578653498
0.0881012556099986
0.038490839183995
0.0650655992636203
0.130617752185149
0.168208501690673
0.151603225582495
0.0502816942753955
0.0494473776645834
0.142107040814086
0.118893160370243
0.106518223375044
0.108747742982041
0.0244869476589306
0.0656259269957716
0.108718632343266
0.108718632343266
0.11276587669721
0.082503085508591
0.082503085508591
0.0184879793519253
0.130944360524301
0.0759890363183282
0.0759890363183282
0.0640759496426788
0.0907788126292884
0.0846158730182859
0.0693734034308308
0.0927245769131788
0.0477564422267713
0.0477564422267713
0.0320331795460843
0.0777444492391793
0.0415070084138666
0.110800809298859
0.108163530175211
0.168618211840691
0.0318110295127707
0.0890039637379365
0.047052593099043
0.0699135980937744
0.191627093955462
0.101896362765837
0.0691514315046994
0.10986123380827
0.16775487316197
0.0777480473947648
0.112006618943722
0.0624391611468477
0.0588552117598843
0.118917890663629
0.0843461418819904
0.0565269932457293
0.0925145334816074
0.0380456586027341
0.174729030152164
0.0998984424912256
0.0998984424912256
0.041852988916227
0.031183765974707
0.031183765974707
0.0515429603485416
0.0609070464889441
0.0293218620751054
0.056639318858498
0.13134811749359
0.100538183639152
0.0915039403370731
0.0915039403370731
0.0915039403370731
0.0194592137075086
0.0809730188860313
0.156988470229184
0.0329359639024424
0.0928582689395328
0.0276500093821151
0.0987588346937862
0.0987588346937862
0.0944216182326686
0.120900917078171
0.106845654190983
0.0187634476197724
0.0219488782198389
0.0527296004208485
0.063169756009787
0.0716172322876907
0.0716172322876907
0.0719411647113383
0.0254441400817225
0.0991467800107717
0.0991467800107717
0.154643534373893
0.109833395755957
0.0262166866898241
0.0606104805627083
0.0422162029896118
0.0450831131079175
0.0665282748261174
0.0807540408347663
0.0239137785024881
0.082519383663784
0.0633007931638364
0.0104788799375214
0.0871818299026328
0.0768193500144678
0.0471684466490806
0.01783808961112
0.131154921438989
0.0722704167819217
0.0649456310267493
0.0233635280003109
0.110312119422797
0.0959882322205407
0.0959882322205407
0.120436052007958
0.120436052007958
0.0763092379554453
0.0763092379554453
0.0815965256068438
0.0847691024678706
0.0551460074524642
0.0407805049517601
0.0407805049517601
0.0564801154655802
0.168525435233339
0.100704105501368
0.0601200706297899
0.0650186448842578
0.0492120913317295
0.093275309162205
0.0318161750779564
0.0124962060206011
0.116863572226014
0.0770952094326067
0.0250882903492046
0.055118706037087
0.141672771681012
0.0907953507377508
0.0324008104998103
0.0659378049073045
0.086143304435754
0.057292614090082
0.0148397349570572
0.089385538056368
0.0717483024767555
0.0928872733935048
0.0304074045881385
0.00933204201165959
0.0916450050264633
0.0348905459150654
0.0348905459150654
0.0348905459150654
0.090908720555284
0.0396960982132037
0.068936196991756
0.0730871952142681
0.0730871952142681
0.0443044432186125
0.0504749529647863
0.054275041122739
0.0690053031258789
0.0514841982087442
0.0703788815417284
0.0849099651211182
0.0849099651211182
0.0849099651211182
0.0391879185570806
0.0790019612143064
0.0424555350696621
0.0424555350696621
0.0426691534832519
0.0612731165720852
0.0217944917840804
0.0475501445933716
0.0534246988313775
0.0367931680722022
0.00767425080553678
0.0466493570758524
0.0462135875608651
0.0205814412256507
0.0205814412256507
0.0205814412256507
0.0325080359465672
0.067661524036333
0.0881296169925735
0.0155380099663672
0.0259210942160861
0.0851324007130932
0.056778526106126
0.0549644599292597
0.0418550534937451
0.045870275526769
0.0276674744371673
0.0376470905414294
0.0774914146233886
0.0625568645745753
0.0603857881951818
0.0314085027988304
0.0850096897050027
0.0167363243766338
0.0379803141410912
0.0297682467342015
0.0947645315473697
0.0713254413246708
0.0382539689648303
0.0757855384042451
0.0637140809286487
0.10785193654306
0.0659563253798856
0.0179948998741487
0.024517722625314
0.024517722625314
0.0700038682410047
0.049023278061609
0.049023278061609
0.0495062485582368
0.0433106735329534
0.0541516245487365
0.0325869143034974
0.0319408286550456
0.0999937955779573
0.0807494510574372
0.100113519077108
0.0317910620386557
0.0411767611023952
0.130083933460259
0.0866807019004283
0.00608619721044596
0.0712043627928163
0.0543098002503592
0.0387424193109666
0.0387424193109666
0.0578403832745779
0.053286848194119
0.0267472770430576
0.0503355239515728
0.0226859478433422
0.0214284250995783
0.0411625383921107
0.079066151347549
0.0637683854613295
0.0340366504840688
0.0340366504840688
0.0363260659370778
0.017778228547908
0.0117772079925208
0.0948664556712998
0.0948664556712998
0.020628595294946
0.0929095001866317
0.0357907837741323
0.029255123079657
0.0283626849167967
0.0772217270280344
0.0348190790763335
0.0534677152923674
0.0321668960729469
0.0721041509880262
0.0157212243700612
0.0283107368249642
0.0547238052655104
0.030986863494032
0.0212636582781491
0.0289048448375784
0.0754741331024796
0.0193240812185102
0.0228494377903551
0.0115200229918084
0.0408641124214658
0.058749427945878
0.0271098235035309
0.0271098235035309
0.0458930781892093
0.0224269569875857
0.0780884356232232
0.103005350892276
0.0231704915395561
0.0231704915395561
0.0094976894433504
0.0296297061320542
0.0437961856212849
0.0420046377744852
0.056828552495907
0.0563168391258353
0.0599167372317603
0.0195066892330859
0.0313808317716091
0.0514670395716472
0.0235718995259858
0.00207470769811798
0.0191662164784086
0.0246451873427403
0.0223753760296147
0.0554555127188887
0.0377928272938295
0.0377928272938295
0.0428006490541107
0.0389245577378183
0.0292181351399674
0.0244725347109051
0.036678459183817
0.0363155557323688
0.00999387995533136
0.0358321784248795
0.0358321784248795
0.0358321784248795
0.0768239745495245
0.0311584517921467
0.0698017811497272
0.0751695031005097
0.0588274531694039
0.0757626254265814
0.0349234463675413
0.018772402205875
0.0158705331040261
0.0278375378556398
0.072853455345185
0.0256847172796548
0.027118889546338
0.00539110064866855
0.0108705979695746
0.0840049229023514
0.0177268921188048
0.0116119560480818
0.0541516245487371
0.0393911672566826
0.0588942307692307
0.0588942307692307
0.0313641985377158
0.0298574736698271
0.0351682274362833
0.0273916394112108
0.0500570287821197
0.0500570287821197
0.0223121131577653
0.0299328378435913
0.0578374241284932
0.0266467976597288
0.0210115600034419
0.031842673613062
0.0207494280812899
0.0269898409929277
0.0269898409929277
0.00852647821107316
0.0831020191509821
0.00914485059250791
0.0198095609515135
0.0495514011988481
0.0144209542577227
0.0270983175546167
0.0180605988867342
0.0104989522040855
0.017981820531447
0.00247547974096753
0.0315143162646616
0.0254334903072273
0.0328297567397864
0.0328297567397864
0.00999843438850101
0.0227008046280836
0.0329006317861077
0.0395887064320974
0.0673989820830807
0.0210652123291662
0.0289956838078345
0.0481965735271944
0.00776024635958653
0.0396664855730658
0.0201285711591231
0.00545683317871016
0.0285430807077854
0.0285430807077854
0.012017419054604
0.012017419054604
0.0237280287994252
0.00247729643705519
0.0808961303890531
0.0282281612372544
0.024500087714942
0.0146138679799115
0.0146138679799115
0.0294868235509247
0.053164179637834
0.0367407804620309
0.0367407804620309
0.0221666643811196
0.00640311186505387
0.0147073878403157
0.033703750433562
0.0209862483528496
0.0378177840573686
0.0190006975047262
0.0190006975047262
0.0190006975047262
0.0200865786521705
0.0139285095551678
0.00759391240446053
0.0267959561929211
0.0117323739173729
0.0157020968191542
0.0289504226200552
0.0518276994423368
0.015770330266494
0.0113059576132446
0.0169348989568287
