0.90416560184002
0.904390054905779
0.896494430464579
0.896494430464579
0.722274190272495
0.823697008044834
0.821249847558923
0.840856704235187
0.840856704235187
0.852892812681901
0.852892812681901
0.779172832924005
0.734184129942989
0.792921641300227
0.921862056398073
0.921862056398073
0.682828269437559
0.807060107288491
0.807060107288491
0.807060107288491
0.712601842160617
0.761100025170217
0.901744455878273
0.690053728377405
0.754236523153424
0.754236523153424
0.824661872582538
0.824661872582538
0.787289506231567
0.815032137595456
0.66049511286077
0.768402056066751
0.768402056066751
0.730785691607441
0.77553015291672
0.790587932838915
0.793354326567599
0.743441516737782
0.791540685504503
0.840115064047402
0.628335388070524
0.734956374797812
0.747190448249854
0.789254220771007
0.779104199739702
0.872106647017754
0.818260926890369
0.836346087657132
0.666532124060395
0.683778677204923
0.837803678299129
0.693594690585788
0.816071767551862
0.693532125030905
0.681190700548389
0.649776661326658
0.670679235299418
0.752547591834727
0.808259599461364
0.78820484485416
0.78820484485416
0.78820484485416
0.74984843804558
0.74984843804558
0.752158247814866
0.724796257924647
0.749611062235207
0.749611062235207
0.749611062235207
0.815526898347823
0.776553749235457
0.636972770597549
0.787007765990917
0.904124819670499
0.692653148593389
0.692653148593389
0.769155092797024
0.803055332737652
0.729221827575073
0.823882317513915
0.658428880513845
0.682759996598583
0.659870441091721
0.682510928709197
0.783526601687406
0.711690944722508
0.682705202093153
0.682705202093153
0.669758008465374
0.6220600406975
0.628079672678215
0.652611513786122
0.652611513786122
0.724442563854054
0.696440943864302
0.743610235108347
0.651403038562487
0.651403038562487
0.77377033645446
0.767339968692965
0.767339968692965
0.726322955675892
0.726322955675892
0.726322955675892
0.62200919621082
0.742566364278518
0.575655035964448
0.623372456186355
0.629060683913336
0.728477503703542
0.705426635202046
0.705426635202046
0.696492370196729
0.696492370196729
0.696492370196729
0.708804050840097
0.791517880469111
0.673832097816234
0.742089217083877
0.742089217083877
0.762000568301379
0.672359209814628
0.689323286548296
0.635526250183456
0.635526250183456
0.799243558026474
0.750277210595683
0.750277210595683
0.750277210595683
0.634124077986808
0.637171918344121
0.722165193785696
0.722165193785696
0.683180945166986
0.54933675089928
0.54933675089928
0.69057080100692
0.62872935333605
0.546372879855118
0.546372879855118
0.731087655622309
0.696006688387409
0.686749902303273
0.686749902303273
0.76252077049071
0.644491808398489
0.641896154271356
0.66714573719032
0.688638461249432
0.688638461249432
0.656814882114665
0.624808279385829
0.673729936937145
0.742850078223826
0.730671583329183
0.747885739991003
0.782783544523115
0.735942054261467
0.68302826074991
0.684931478391027
0.737443837877544
0.763022401609392
0.595668831915012
0.511402140912677
0.586510204536295
0.595763724446569
0.700033939876014
0.700033939876014
0.700033939876014
0.621597760366706
0.602935139408606
0.602935139408606
0.581776560617532
0.594315395984561
0.63423595233224
0.674801446115434
0.653821477117364
0.536950388340252
0.536950388340252
0.704000300637225
0.704000300637225
0.559255181125823
0.559255181125823
0.575622651476021
0.631307647904487
0.631307647904487
0.688424612415147
0.717776216405878
0.655818361528451
0.655818361528451
0.563105801747789
0.59532606137429
0.674384721724749
0.634648692585628
0.691978016825232
0.691978016825232
0.581628123099801
0.69015677981459
0.556056884831645
0.556056884831645
0.650587009256912
0.551365248528728
0.713271237745193
0.558464919215937
0.616727284535948
0.559099308295933
0.655531301650827
0.557477179259906
0.497107099893624
0.497107099893624
0.503885395330084
0.575020824804794
0.59684642599432
0.59684642599432
0.629156798402055
0.565656565656566
0.522998686245898
0.589463912521412
0.52201739105439
0.52201739105439
0.619835426991943
0.664763679808613
0.664763679808613
0.664763679808613
0.639982718622317
0.639982718622317
0.595391951840799
0.70201052977606
0.70201052977606
0.590709664202673
0.642440641838838
0.564890013796212
0.526894837885953
0.586683445652164
0.638541662743818
0.648825559436958
0.59812462618232
0.59812462618232
0.594060662305944
0.685386584741423
0.685386584741423
0.685386584741423
0.658362865374076
0.601115477429642
0.601115477429642
0.660246929072775
0.564473011945747
0.511184875162361
0.527312321107442
0.598016606087947
0.675953648322149
0.6233122714642
0.566032182457019
0.508185556916241
0.536775097470741
0.615352734752403
0.503432375755631
0.438126070193037
0.542827258347162
0.704182346038754
0.605887909616705
0.429958963549906
0.429958963549906
0.670167641516926
0.460906910835648
0.570902937806374
0.476230847547091
0.508532734043455
0.371884272272727
0.517303538816981
0.47679543569474
0.410003612224049
0.399093325132659
0.364530475139375
0.443973614254429
0.49563052061144
0.440612317899595
0.526400094562713
0.445596244219454
0.612438418785074
0.276856526255138
0.276856526255138
0.460750520772599
0.451483926228151
0.337395905406205
0.322849896329704
0.353342430661472
0.255826967061367
0.518671326687055
0.378332793349331
0.478091065485234
0.361318682701734
0.390482214075656
0.45936545583346
0.334161476844496
0.246040114040727
0.335243658942779
0.307158679548216
0.35927452076144
0.739093546328106
0.403677285200684
0.243230292737592
0.310714144013933
0.318282781893085
0.282741698841251
0.417838940630692
0.286179614576591
0.357894954362511
0.400675896989223
0.363152313054767
0.306620458668913
0.272921681915194
0.375994937616672
0.430919378580575
0.552089456143725
0.339622641509433
0.348089192999678
0.31359136919359
0.110763408094042
0.219779666557371
0.286431115837166
0.382278442444952
0.206633120062693
0.238237291856091
0.29020086256481
0.317981517814461
0.234405099625499
0.281145500695035
0.196027248002684
0.196027248002684
0.264866513614794
0.258865179422564
0.350997610533647
0.343447063604582
0.392576876126111
0.227829073643802
0.172450622458233
0.259239114763576
0.253193273910484
0.152246031528873
0.368988696704028
0.192114021046563
0.192432082912209
0.390791193225545
0.257952936168924
0.162296240781058
0.156257210802665
0.272747053126028
0.201426082234132
0.119019141891206
0.21974290835274
0.284475635684777
0.22870447028895
0.195546226643244
0.111818032859252
0.208631429789003
0.275041643983223
0.178421083635908
0.200444303661876
0.176975393108448
0.183558279917273
0.234524433190449
0.147489842128009
0.147489842128009
0.131735187262749
0.216346384674833
0.168515033932656
0.138599586646063
0.243191959004789
0.210812422803911
0.165503943484121
0.178334801815899
0.177885356056171
0.214285714285714
0.193411827749477
0.168820724373585
0.203389830508475
0.126254868006636
0.153297614549167
0.0613490170546031
0.127127514213385
0.140757877013403
0.168797953964194
0.174418604651163
0.156917847025496
0.0975657575426929
0.20454904727962
0.147647055317409
0.150257348147422
0.207419137590311
0.146341463414634
0.190990418649024
0.0947326716975697
0.0593899693814302
0.0647071144756833
0.111111111111111
0.0922782064212879
0.0558221287291847
