1
1
1
1
1
1
1
1
1
0.923740847356118
1
1
1
1
1
0.970026350461133
1
1
1
1
1
1
1
1
0.965909090909091
1
0.874824209876647
1
1
1
1
1
1
0.808110746057501
1
0.919616008782397
1
0.962509986069525
0.903232659420033
0.995235329015673
0.995235329015673
0.995235329015673
0.9671850392425
0.78480537117595
0.983810854779626
0.863785287631283
0.825730905853907
0.848963942668933
0.744885453468214
0.85626458279323
0.964796399531072
0.964796399531072
0.964796399531072
0.673137832097477
0.943412143133732
0.860247184101216
0.86673564259609
1
0.915816297783565
0.841471678925697
0.850680806493847
0.844155844155844
0.889245934584386
1
0.727832853787282
0.685589941534055
0.941470643899904
0.645550315777217
0.686631481050034
0.753361761631354
0.871510421886105
0.868385899646647
0.867129892229155
0.545244452888413
0.401028767384264
0.974481576179785
0.778113283179607
0.948861956843039
0.792682926829268
1
0.973259511991878
0.913968617982365
0.656497285391015
0.773401536443259
0.63338539460125
0.868857112263213
0.868857112263213
0.868857112263213
0.761036047022096
0.505188965337235
0.60744253934031
0.441461780821974
0.716228694548113
0.613358487190835
0.669152567473975
0.813442147227367
0.632730324403007
0.467458900332574
0.467458900332574
0.581498164583154
0.581498164583154
0.580707338812415
0.403453913228603
0.613078878135181
0.853081006455628
0.986123975779299
0.505019496363013
0.5300295850431
0.725537110436781
0.724293112712854
0.529859626640247
0.619937210872485
0.488880859675039
0.477926548308569
0.697368301446326
0.697368301446326
0.580553204770763
0.813581511968843
0.671904809555518
0.527713133656733
0.708933877192389
0.477801527871683
0.590095202838107
0.590095202838107
0.590095202838107
0.490202918563983
0.490202918563983
0.356874217431857
0.356874217431857
0.332248520774288
0.332248520774288
0.332248520774288
0.923197203593189
0.434658791356702
0.845623570694149
0.792927314646451
0.186525461976963
0.186525461976963
0.644858220373448
0.499183228175069
0.544698304125898
0.750226497016461
0.886730664390005
0.334272540983607
0.301897022844747
0.265198590811516
0.372211815050934
0.862255642207381
0.539237404119934
0.694227769110764
0.694227769110764
0.33576447967561
0.589094260681546
0.589094260681546
0.525630869970874
0.490890487521258
0.434782608695652
0.58342198401902
0.406457663904474
0.406457663904474
0.459067423139063
0.444508730778592
0.46794866632232
0.46794866632232
0.659246562370716
0.40997084093361
0.336563466947231
0.424557110376468
0.437612624127026
0.377691102061177
0.474806201550388
0.474806201550388
0.640432167862292
0.409671429293541
0.409671429293541
0.501089324618736
0.501089324618736
0.232531895551864
0.31968031968032
0.15918635540961
0.15918635540961
0.217775191899396
0.217775191899396
0.318058560582645
0.330102527440043
0.421146953405018
0.421146953405018
0.197536976667194
0.465525163162578
0.317559872724226
0.336538461538461
0.202166412770317
0.36144578313253
0.387029288702929
0.176627449632606
0.38243626062323
0.38243626062323
0.159054746411756
0.308649500245357
0.361165559019643
0.107053113490069
0.107053113490069
0.316091954022988
0.316091954022988
0.155874619728087
0.382775119617225
0.279503105590062
0.304428044280442
0.291970802919708
0.27106795357629
0.308219178082191
0.247208837860557
0.234275476525555
0.363984674329502
0.133866118735114
0.353075170842824
0.25
0.33175355450237
0.249830788914002
0.279232111692844
0.322530395143343
0.11551635882897
0.114720868409393
0.112359550561798
0.173460155969899
0.301217718907577
0.193149861982669
0.0822122571001502
0.287569573283858
0.0770308123249296
0.267857142857143
0.092412233698893
0.092412233698893
0.163186436417162
0.1263390548191
0.144560236260566
0.234260614934114
0.187741718197032
0.21669341894061
0.0809352517985612
0.121865063794274
0.147174756884687
0.157342657342657
0.144557823129251
0.151228733459357
0.0798258345428157
0.107003891050584
0.0840336134453787
0.108055009823183
0.0792507204610948
0.101102941176471
0.0751879699248117
0.0600343053173239
0.0456034823028701
