TARA_7	TARA_9	TARA_18	TARA_22	TARA_23	TARA_25
2926931	1	1	1	0.357142857142857	0.967741935483871	1
954910_1	1	1	1	0.333333333333333	0.963636363636364	0.75
954910_2	1	1	1	0.333333333333333	0.963636363636364	0.75
954910_3	1	1	1	0.333333333333333	0.963636363636364	0.75
6508253	1	1	1	0.366666666666667	0.914285714285714	0.966666666666667
4171592	1	1	1	0.464285714285714	0.931034482758621	1
6216964	0	0	0	0.535714285714286	0.0638297872340425	0.0384615384615385
5318792	1	1	1	0.615384615384615	1	1
3403118	0	0	0	0.487179487179487	0.05	0.04
4781545_1	0	0.0298507462686567	0	0.525	0.0344827586206897	0.0952380952380952
4781545_2	0	0.0298507462686567	0	0.525	0.0344827586206897	0.0952380952380952
4781545_3	0	0.0298507462686567	0	0.525	0.0344827586206897	0.0952380952380952
6393335	1	1	1	0.617647058823529	1	1
3998135	0	0	0.0666666666666667	0.512820512820513	0.0666666666666667	0.0454545454545455
3427022	1	0.983050847457627	1	0.533333333333333	0.981818181818182	0.966666666666667
6459394_1	0	0	0	0.615384615384615	0.166666666666667	0.105263157894737
6459394_2	0	0	0	0.615384615384615	0.166666666666667	0.105263157894737
3724089	1	1	1	0.65625	1	1
2966608	1	1	0.888888888888889	0.44	0.92156862745098	0.80952380952381
1154892	1	0.983050847457627	1	0.620689655172414	0.526315789473684	0.91304347826087
3687921	1	1	1	0.581395348837209	0.948275862068966	0.961538461538462
1388433	1	1	1	0.526315789473684	0.837209302325581	1
2649201	1	1	1	0.551724137931034	0.888888888888889	1
2564941_1	1	1	1	0.5625	0.916666666666667	1
2564941_2	1	1	1	0.5625	0.916666666666667	1
4498306_1	0.533333333333333	0.523809523809524	0.857142857142857	1	0.933333333333333	0.909090909090909
4498306_2	0.533333333333333	0.523809523809524	0.857142857142857	1	0.933333333333333	0.909090909090909
204939	1	1	0.894736842105263	0.580645161290323	0.966666666666667	0.966666666666667
5210326	0.473684210526316	0.181818181818182	0.1875	0.852941176470588	0.492307692307692	0.2
1952333	0	0.0192307692307692	0	0.55	0.173076923076923	0.0526315789473684
4047732	0.625	0.954545454545455	0.684210526315789	0.227272727272727	0.458333333333333	0.526315789473684
3368060	1	1	1	0.621621621621622	0.943396226415094	1
4247922	1	1	0.923076923076923	0.648648648648649	0.978723404255319	1
6195069	1	1	1	0.576923076923077	0.854166666666667	0.928571428571429
5434138	0.5	0.966666666666667	1	1	0.926470588235294	1
5372578	0	0	0	0.53125	0.169491525423729	0.25
5461754	0	0	0	0.451612903225806	0.173076923076923	0
5564994	0.95	1	1	0.48780487804878	0.784615384615385	0.85
4248172	1	1	1	0.566666666666667	0.914285714285714	0.956521739130435
2122900	0	0	0	0.36	0.0476190476190476	0
3363603	0.333333333333333	0.86046511627907	0.9	0.933333333333333	0.903846153846154	1
3373511	0	0.0350877192982456	0	0.5	0.160714285714286	0.0555555555555556
6567921	0.692307692307692	0.0357142857142857	0.0714285714285714	0.258064516129032	0.101694915254237	0.0625
5512971	0	0	0	0.351351351351351	0.0625	0.291666666666667
6084671	0	0	0	0.333333333333333	0.0151515151515152	0.111111111111111
5363998	0.444444444444444	0.924528301886792	0.923076923076923	1	0.924528301886792	0.866666666666667
4810836	1	0.976744186046512	1	0.642857142857143	0.984848484848485	0.904761904761905
165403	0.0714285714285714	0.0178571428571429	0.0666666666666667	0.527777777777778	0.32	0.416666666666667
4674566	0	0	0	0.34375	0.0149253731343284	0.166666666666667
2120005	0.6875	0.98	1	0.4	0.74468085106383	0.65
1132379	0	0	0	0.32258064516129	0.0158730158730159	0.0909090909090909
5843267	0.1	0.181818181818182	0.2	0.794117647058823	0.384615384615385	0.366666666666667
4012615	0	0	0	0.289473684210526	0.0285714285714286	0
2664798_1	0	0	0.0769230769230769	0.263157894736842	0	0
2664798_2	0	0	0.0769230769230769	0.263157894736842	0	0
5866705	1	1	1	0.674418604651163	0.970149253731343	0.888888888888889
3469684	0	0	0	0.285714285714286	0.0277777777777778	0
2882350	1	1	0.923076923076923	0.538461538461538	0.840909090909091	0.8
5776896	0	0.0476190476190476	0	0.333333333333333	0.148936170212766	0.55
952978	0	0	0	0.428571428571429	0.216666666666667	0.357142857142857
2350957	0.0588235294117647	0	0	0.41025641025641	0.0895522388059701	0.0909090909090909
2944299	1	0.767441860465116	1	1	1	1
2198610	0.1	0.181818181818182	0.1	0.675675675675676	0.236111111111111	0.103448275862069
3503820	0.681818181818182	0.14	0.133333333333333	0.0606060606060606	0.180327868852459	0.36
477245	1	1	1	0.609756097560976	0.864406779661017	0.916666666666667
3450219	0.857142857142857	0.767857142857143	0.777777777777778	0.242424242424242	0.73015873015873	0.846153846153846
5433824	0.105263157894737	0.0727272727272727	0.176470588235294	0.594594594594595	0.285714285714286	0.0526315789473684
404789	1	1	1	1	0.830985915492958	1
4810833	0.363636363636364	0.246376811594203	0.266666666666667	0.810810810810811	0.565217391304348	0.692307692307692
6260186_1	0.173913043478261	0.482758620689655	0.681818181818182	0.861111111111111	0.738461538461539	0.705882352941177
6260186_2	0.173913043478261	0.482758620689655	0.681818181818182	0.861111111111111	0.738461538461539	0.705882352941177
3266606_1	0.444444444444444	0	0.117647058823529	0.0238095238095238	0.103448275862069	0.0434782608695652
3266606_2	0.444444444444444	0	0.117647058823529	0.0238095238095238	0.103448275862069	0.0434782608695652
1351049_1	0.695652173913043	0.339285714285714	0.35	0.861111111111111	0.642857142857143	0.869565217391304
1351049_2	0.695652173913043	0.339285714285714	0.35	0.861111111111111	0.642857142857143	0.869565217391304
2379743	0	0	0.0714285714285714	0.448275862068966	0.233333333333333	0.136363636363636
4753191	0	0	0	0.416666666666667	0.274193548387097	0.310344827586207
3971083	0	0	0	0.393939393939394	0.210526315789474	0.1
6190082	0.0588235294117647	0	0	0.333333333333333	0.046875	0.2
4885442	0.15	0.0178571428571429	0	0.476190476190476	0.26	0.153846153846154
4139684	1	1	1	0.761904761904762	0.983606557377049	1
1055051	1	1	1	0.64	0.797101449275362	1
4190287	0.5	0.413793103448276	0.470588235294118	0.96551724137931	0.690909090909091	0.380952380952381
4147348	1	0.767857142857143	1	1	1	1
2441635	0	0	0	0.351351351351351	0.0895522388059701	0.0740740740740741
2414793_1	0.105263157894737	0.0983606557377049	0	0.53125	0.333333333333333	0.217391304347826
2414793_2	0.105263157894737	0.0983606557377049	0	0.53125	0.333333333333333	0.217391304347826
2485375	0.956521739130435	0.857142857142857	0.5625	1	0.982142857142857	1
3361552	0	0	0	0.285714285714286	0.0588235294117647	0
2740755	0.636363636363636	1	1	0.764705882352941	0.966101694915254	0.962962962962963
4741989	1	1	1	0.617647058823529	0.871428571428571	0.791666666666667
5806743_1	0.0666666666666667	0.186046511627907	0.352941176470588	0.75	0.240740740740741	0.409090909090909
5806743_2	0.0666666666666667	0.186046511627907	0.352941176470588	0.75	0.240740740740741	0.409090909090909
5806743_3	0.0666666666666667	0.186046511627907	0.352941176470588	0.75	0.240740740740741	0.409090909090909
4525214	1	1	1	0.772727272727273	0.984615384615385	1
6272608	0.916666666666667	0.981132075471698	0.923076923076923	0.55	0.645161290322581	0.619047619047619
6597749	0	0.545454545454545	0.583333333333333	0.714285714285714	0.363636363636364	0.333333333333333
1620630	0.85	0.512820512820513	0.733333333333333	1	0.782608695652174	0.894736842105263
4435951	1	0.866666666666667	0.416666666666667	0.923076923076923	0.966666666666667	0.833333333333333
6397749_1	0.214285714285714	0.137254901960784	0.0833333333333333	0.648648648648649	0.287878787878788	0.192307692307692
6397749_2	0.214285714285714	0.137254901960784	0.0833333333333333	0.648648648648649	0.287878787878788	0.192307692307692
6397749_3	0.214285714285714	0.137254901960784	0.0833333333333333	0.648648648648649	0.287878787878788	0.192307692307692
4317373	0.571428571428571	0.91044776119403	0.928571428571429	0.538461538461538	0.892857142857143	0.909090909090909
3432340	0	0.205128205128205	0	0	0	0
3175799	0	0	0	0.297297297297297	0.06	0.04
4169378	0	0	0.0588235294117647	0.409090909090909	0.220588235294118	0.05
1732548	0.857142857142857	0.714285714285714	0.666666666666667	1	0.43859649122807	0.703703703703704
2640454	0.590909090909091	0.945454545454545	0.888888888888889	1	0.925373134328358	1
4839043	0	0.0169491525423729	0	0.393939393939394	0.265625	0.208333333333333
1658088	0	0	0	0.216216216216216	0.0185185185185185	0
703558	0.571428571428571	0.924528301886792	0.944444444444444	0.833333333333333	0.950819672131147	1
3405874_1	0.75	0.388888888888889	0.733333333333333	0.909090909090909	0.716417910447761	0.607142857142857
3405874_2	0.75	0.388888888888889	0.733333333333333	0.909090909090909	0.716417910447761	0.607142857142857
3405874_3	0.75	0.388888888888889	0.733333333333333	0.909090909090909	0.716417910447761	0.607142857142857
4521578	0.391304347826087	0.242424242424242	0.315789473684211	0.7	0.15625	0.12
3502431	0.761904761904762	0.650793650793651	0.866666666666667	0.2	0.53030303030303	0.739130434782609
2525138	1	1	1	0.818181818181818	1	1
6608564	0.0555555555555556	0.116279069767442	0.1875	0.571428571428571	0.245614035087719	0.352941176470588
3206921	0.210526315789474	0.0652173913043478	0.0909090909090909	0.583333333333333	0.206896551724138	0.352941176470588
1626380_1	0.916666666666667	0.863636363636364	0.2	0.5625	0.770491803278688	0.642857142857143
1626380_2	0.916666666666667	0.863636363636364	0.2	0.5625	0.770491803278688	0.642857142857143
5781587_1	0.736842105263158	0.3	0.588235294117647	0.794117647058823	0.734375	0.6
5781587_2	0.736842105263158	0.3	0.588235294117647	0.794117647058823	0.734375	0.6
5600757	0	0.25	0	0.0416666666666667	0.0185185185185185	0
632583	0.478260869565217	0.52	0.692307692307692	0.0882352941176471	0.295081967213115	0.217391304347826
2744987	0	0	0	0.3	0.203703703703704	0
4447727	0.818181818181818	0.705882352941177	0.3	0.951219512195122	0.784615384615385	0.791666666666667
2949470	0.1	0.0597014925373134	0	0.419354838709677	0.0769230769230769	0.0909090909090909
1941250	0.285714285714286	0.111111111111111	0.136363636363636	0.615384615384615	0.290322580645161	0.434782608695652
4171062	1	0.8125	1	1	1	1
4823777	0.428571428571429	0.456140350877193	0.75	0.307692307692308	0.128571428571429	0.285714285714286
1667568	0.526315789473684	0.823529411764706	0.923076923076923	0.818181818181818	0.956521739130435	1
4823896	0.666666666666667	0.3	0.235294117647059	0.777777777777778	0.464285714285714	0.260869565217391
2694041	0.217391304347826	0	0	0.346153846153846	0.0862068965517241	0.0625
5746052	0.571428571428571	0.6	0.647058823529412	1	0.870967741935484	0.869565217391304
4177411_1	0.571428571428571	0.690909090909091	0.615384615384615	0.172413793103448	0.622950819672131	0.318181818181818
4177411_2	0.571428571428571	0.690909090909091	0.615384615384615	0.172413793103448	0.622950819672131	0.318181818181818
1701498	0.0952380952380952	0.0612244897959184	0.25	0.518518518518518	0.370967741935484	0.227272727272727
821382_1	0.15	0.0188679245283019	0	0.205882352941176	0.19047619047619	0.470588235294118
821382_2	0.15	0.0188679245283019	0	0.205882352941176	0.19047619047619	0.470588235294118
160356	1	1	1	0.666666666666667	0.807692307692308	0.863636363636364
5933634	0.882352941176471	0.727272727272727	0.818181818181818	0.363636363636364	0.763636363636364	0.761904761904762
3581012_1	0.333333333333333	0.30952380952381	0.538461538461538	0.35	0.377777777777778	0.888888888888889
3581012_2	0.333333333333333	0.30952380952381	0.538461538461538	0.35	0.377777777777778	0.888888888888889
3581012_3	0.333333333333333	0.30952380952381	0.538461538461538	0.35	0.377777777777778	0.888888888888889
2811528	0	0	0	0.0344827586206897	0.231884057971014	0.296296296296296
5273281	0.9	1	0.894736842105263	0.966666666666667	0.91044776119403	0.62962962962963
3327766	0.25	0.454545454545455	0.3125	0	0.133333333333333	0.19047619047619
5566634	0.714285714285714	0.574074074074074	0.529411764705882	0.896551724137931	0.918918918918919	0.761904761904762
1465780	1	1	1	0.722222222222222	0.808823529411765	0.869565217391304
3778673	1	1	1	0.756756756756757	0.96875	0.944444444444444
5259108	0.833333333333333	0.8	0.684210526315789	0.961538461538462	0.924528301886792	0.833333333333333
3668775_1	0.0666666666666667	0	0	0.314285714285714	0.294117647058824	0.176470588235294
3668775_2	0.0666666666666667	0	0	0.314285714285714	0.294117647058824	0.176470588235294
5754689	0.538461538461538	0.75	0.928571428571429	1	0.925925925925926	0.954545454545455
6501510_1	0	0	0	0.105263157894737	0.25	0.0588235294117647
6501510_2	0	0	0	0.105263157894737	0.25	0.0588235294117647
3022803	0.956521739130435	0.787234042553192	1	1	1	0.961538461538462
6233462	0.3125	0.0943396226415094	0	0.518518518518518	0.396551724137931	0.444444444444444
3451176	0	0.0142857142857143	0	0.314285714285714	0.17910447761194	0.05
1176082_1	0.8	0.39622641509434	0.444444444444444	0.807692307692308	0.771929824561403	0.625
1176082_2	0.8	0.39622641509434	0.444444444444444	0.807692307692308	0.771929824561403	0.625
2943920	0	0	0	0.25	0.218181818181818	0.0476190476190476
3709280	1	0.976190476190476	1	0.642857142857143	0.795454545454545	0.789473684210526
1375900	0	0	0	0.264705882352941	0.106060606060606	0
3295620	0.294117647058824	0.409090909090909	0.25	0.666666666666667	0.592592592592593	0.148148148148148
5321995	0.894736842105263	0.73469387755102	0.6	1	0.790322580645161	0.941176470588235
1299298	0.315789473684211	0.117647058823529	0	0.565217391304348	0.207547169811321	0.222222222222222
3743255	0.916666666666667	0.761904761904762	0.941176470588235	0.925925925925926	0.910714285714286	0.814814814814815
4852380	0.625	0.929824561403509	0.80952380952381	0.516129032258065	0.859154929577465	0.619047619047619
6124838	0.571428571428571	0.976744186046512	0.888888888888889	0.875	0.775510204081633	1
4039509_1	0.0416666666666667	0	0.0625	0.0487804878048781	0.264705882352941	0.0416666666666667
4039509_2	0.0416666666666667	0	0.0625	0.0487804878048781	0.264705882352941	0.0416666666666667
1068405	0.444444444444444	0.297872340425532	0.384615384615385	0.533333333333333	0.644067796610169	0.814814814814815
5046899	0	0	0	0.275862068965517	0.205882352941176	0.0869565217391304
1746470	0.181818181818182	0.0943396226415094	0.263157894736842	0.547619047619048	0.283582089552239	0.142857142857143
4683052	0.789473684210526	0.423728813559322	0.384615384615385	0.689655172413793	0.796875	0.76
2928157	0.714285714285714	0.181818181818182	0.357142857142857	0.263157894736842	0.382978723404255	0.1875
3620992_1	0.818181818181818	0.454545454545455	0.214285714285714	0.833333333333333	0.671641791044776	0.666666666666667
3620992_2	0.818181818181818	0.454545454545455	0.214285714285714	0.833333333333333	0.671641791044776	0.666666666666667
6388026	0.75	0.813953488372093	0.8125	1	0.971830985915493	0.842105263157895
5297299_1	0.625	0.313725490196078	0.4	0.827586206896552	0.661016949152542	0.521739130434783
5297299_2	0.625	0.313725490196078	0.4	0.827586206896552	0.661016949152542	0.521739130434783
1377822	0.608695652173913	0.981818181818182	1	0.766666666666667	0.775862068965517	0.909090909090909
6445638	0.363636363636364	0.186440677966102	0.133333333333333	0.6	0.446428571428571	0.208333333333333
6361452	0.736842105263158	1	1	0.653846153846154	0.769230769230769	0.826086956521739
4593171	0.0555555555555556	0.175438596491228	0.357142857142857	0.62962962962963	0.385964912280702	0.28
2358860	0.666666666666667	0.925	0.818181818181818	0.533333333333333	0.775510204081633	0.857142857142857
3524894	0.636363636363636	0.282051282051282	0.666666666666667	0.655172413793103	0.509803921568627	0.235294117647059
3646582	1	0.966101694915254	0.866666666666667	0.692307692307692	0.775862068965517	0.916666666666667
5322841_1	0.65	0.90625	1	0.628571428571429	0.594594594594595	0.592592592592593
5322841_2	0.65	0.90625	1	0.628571428571429	0.594594594594595	0.592592592592593
5032652	0.4	0.0178571428571429	0	0.205882352941176	0.140845070422535	0.310344827586207
3202606	0.363636363636364	0.754385964912281	0.833333333333333	0.774193548387097	0.88	0.75
5999694	0.705882352941177	0.666666666666667	0.769230769230769	0.45	0.272727272727273	0.571428571428571
4058727	0.5	0.0350877192982456	0.210526315789474	0.277777777777778	0.157894736842105	0.111111111111111
4138700	0.416666666666667	0.142857142857143	0	0.227272727272727	0.0425531914893617	0
585741	0.714285714285714	0.836363636363636	0.833333333333333	0.52	0.604166666666667	0.411764705882353
867033	0.95	0.583333333333333	0.8	0.735294117647059	0.754385964912281	0.947368421052632
3777125	0.555555555555556	0.62962962962963	0.785714285714286	0.2	0.446428571428571	0.37037037037037
2121633	0.857142857142857	0.796610169491525	0.6	0.3125	0.671232876712329	0.714285714285714
4511077	0	0.178571428571429	0.384615384615385	0.435897435897436	0.0967741935483871	0.210526315789474
5833221	1	0.80952380952381	1	0.533333333333333	0.883333333333333	0.85
5943282	0.357142857142857	0.39344262295082	0.411764705882353	0.736842105263158	0.316666666666667	0.166666666666667
4349052	0.0555555555555556	0.0163934426229508	0	0.242424242424242	0.278688524590164	0.272727272727273
2826849	0.894736842105263	0.912280701754386	1	0.631578947368421	0.929577464788732	0.928571428571429
2200272_1	0.6	0.6875	0.5625	0.194444444444444	0.434782608695652	0.333333333333333
2200272_2	0.6	0.6875	0.5625	0.194444444444444	0.434782608695652	0.333333333333333
2052395	0.166666666666667	0.3125	0.0909090909090909	0.0714285714285714	0.0833333333333333	0.454545454545455
1736014	0.333333333333333	0.72	0.733333333333333	0.27906976744186	0.507936507936508	0.380952380952381
4020557	1	1	1	0.72972972972973	0.811320754716981	0.758620689655172
5976439	0	0	0	0.153846153846154	0.272727272727273	0.241379310344828
6370587	0.333333333333333	0.0740740740740741	0.2	0	0.0344827586206897	0.1
5602036_1	0.111111111111111	0.134328358208955	0.0625	0.5	0.357142857142857	0.227272727272727
5602036_2	0.111111111111111	0.134328358208955	0.0625	0.5	0.357142857142857	0.227272727272727
2730021_1	0.266666666666667	0.75	0.818181818181818	0.739130434782609	0.7	0.5
2730021_2	0.266666666666667	0.75	0.818181818181818	0.739130434782609	0.7	0.5
2730021_3	0.266666666666667	0.75	0.818181818181818	0.739130434782609	0.7	0.5
6313373	1	0.822222222222222	0.846153846153846	1	1	1
2393138	0.7	0.596153846153846	0.714285714285714	0.85	0.58	0.25
3556432_1	0.521739130434783	0.433962264150943	0.454545454545455	0.833333333333333	0.703125	0.777777777777778
3556432_2	0.521739130434783	0.433962264150943	0.454545454545455	0.833333333333333	0.703125	0.777777777777778
734916_1	0	0.0178571428571429	0	0.255813953488372	0.140350877192982	0.307692307692308
734916_2	0	0.0178571428571429	0	0.255813953488372	0.140350877192982	0.307692307692308
3008620	0.5625	0.166666666666667	0.5	0.588235294117647	0.369565217391304	0.227272727272727
6310342	0	0.183673469387755	0.461538461538462	0.0952380952380952	0.0612244897959184	0.25
4061044	0.666666666666667	0.25	0.666666666666667	0.375	0.541666666666667	0.25
4782805	0.75	0.955555555555556	1	0.583333333333333	0.661290322580645	0.727272727272727
4375807	0.571428571428571	0.923076923076923	0.928571428571429	0.952380952380952	0.914285714285714	0.75
1365287	0.4	0.0714285714285714	0.0909090909090909	0.413793103448276	0.25	0.0434782608695652
2274596	0.125	0.232558139534884	0	0.153846153846154	0	0
3409875	1	1	0.846153846153846	0.709677419354839	0.82	0.666666666666667
312119_1	0.642857142857143	0.479166666666667	0.923076923076923	0.724137931034483	0.56	0.916666666666667
312119_2	0.642857142857143	0.479166666666667	0.923076923076923	0.724137931034483	0.56	0.916666666666667
4940156_1	0.35	0.566666666666667	0.705882352941177	0.15625	0.5	0.375
4940156_2	0.35	0.566666666666667	0.705882352941177	0.15625	0.5	0.375
2643149	0.75	0.952380952380952	0.916666666666667	0.645161290322581	0.792452830188679	0.678571428571429
5479776	0.9	1	0.944444444444444	0.684210526315789	0.742424242424242	0.75
6492279	1	1	1	0.724137931034483	0.876712328767123	0.80952380952381
3639594	0.3	0.534883720930233	0.769230769230769	0.318181818181818	0.725490196078431	0.5
6328013	0.0714285714285714	0.0163934426229508	0	0.289473684210526	0.0909090909090909	0.0476190476190476
2452329	0.454545454545455	0.125	0.0476190476190476	0.344827586206897	0.432835820895522	0.375
5271091	0.315789473684211	0.325	0.105263157894737	0.681818181818182	0.452830188679245	0.217391304347826
453115	0.260869565217391	0.5	0.214285714285714	0.576923076923077	0.596491228070175	0.2
3478318	1	0.956521739130435	0.882352941176471	1	0.838709677419355	0.666666666666667
4611865	0.318181818181818	0.0212765957446809	0.0476190476190476	0.289473684210526	0.215384615384615	0
5908546_1	0.947368421052632	1	0.714285714285714	0.75	0.849056603773585	0.684210526315789
5908546_2	0.947368421052632	1	0.714285714285714	0.75	0.849056603773585	0.684210526315789
1075325	0.347826086956522	0.267857142857143	0.444444444444444	0	0.0806451612903226	0.15
4082768	0	0.177777777777778	0	0	0.0212765957446809	0
4184210	0.476190476190476	0.693548387096774	0.666666666666667	0.513513513513513	0.784313725490196	0.954545454545455
4617137_1	0.823529411764706	0.735294117647059	0.444444444444444	0.888888888888889	0.515625	0.739130434782609
4617137_2	0.823529411764706	0.735294117647059	0.444444444444444	0.888888888888889	0.515625	0.739130434782609
3486282	0.608695652173913	0.75	0.692307692307692	0.909090909090909	0.529411764705882	0.615384615384615
4630685	1	1	1	0.783783783783784	0.78	0.958333333333333
3482242	0.36	0.0181818181818182	0	0.236842105263158	0.2	0.333333333333333
6135829	0.636363636363636	0.253731343283582	0.235294117647059	0.631578947368421	0.318181818181818	0.551724137931034
3471539	0.909090909090909	0.652173913043478	0.583333333333333	1	0.68	0.789473684210526
2762729	0.357142857142857	0.35	0.166666666666667	0.46875	0.623188405797101	0.192307692307692
6115137	1	1	1	1	0.823529411764706	0.944444444444444
5642417	0.0909090909090909	0.189655172413793	0.0588235294117647	0.466666666666667	0.189655172413793	0.227272727272727
904227	0.0666666666666667	0.431372549019608	0.444444444444444	0.695652173913043	0.533333333333333	0.6
6004397	0.363636363636364	0.348837209302326	0.666666666666667	0.739130434782609	0.660714285714286	0.714285714285714
2700640	0.214285714285714	0.196969696969697	0.133333333333333	0.612903225806452	0.258064516129032	0.210526315789474
2653661_1	0.533333333333333	0.740740740740741	0.95	1	0.781818181818182	0.947368421052632
2653661_2	0.533333333333333	0.740740740740741	0.95	1	0.781818181818182	0.947368421052632
5696346	0.7	0.685185185185185	0.466666666666667	1	0.833333333333333	0.866666666666667
3284069	0.3	0.205128205128205	0	0.567567567567568	0.323076923076923	0.458333333333333
3597337	0.705882352941177	0.392857142857143	0.0769230769230769	0.71875	0.453125	0.44
731908	0.888888888888889	0.681818181818182	0.545454545454545	0.851851851851852	0.565217391304348	0.466666666666667
1753417_1	0.684210526315789	0.289855072463768	0.210526315789474	0.628571428571429	0.348484848484849	0.36
1753417_2	0.684210526315789	0.289855072463768	0.210526315789474	0.628571428571429	0.348484848484849	0.36
5325785	0.333333333333333	0.5	0.266666666666667	0.0384615384615385	0.386363636363636	0.466666666666667
4593735	0.545454545454545	0.982456140350877	0.714285714285714	0.736842105263158	0.776119402985075	0.75
3598093	0	0	0	0.242424242424242	0.172413793103448	0.0526315789473684
5957785	0.285714285714286	0.0714285714285714	0.352941176470588	0	0.11864406779661	0.285714285714286
5974691	0.882352941176471	0.870967741935484	0.9	0.625	0.587301587301587	0.52
1689914	0.5	0.288135593220339	0	0.117647058823529	0.181818181818182	0.0526315789473684
1338967	0.333333333333333	0.0161290322580645	0.0526315789473684	0.178571428571429	0.0862068965517241	0.0526315789473684
5965846	0.944444444444444	1	1	0.744186046511628	0.923076923076923	0.954545454545455
286103	0.818181818181818	0.441860465116279	0.4375	0.473684210526316	0.265625	0.476190476190476
3956665	0	0	0	0.2	0.136363636363636	0
6249718	0.9375	0.811320754716981	1	1	0.982758620689655	1
2966734_1	0.647058823529412	0.887323943661972	1	1	0.91044776119403	1
2966734_2	0.647058823529412	0.887323943661972	1	1	0.91044776119403	1
5227113	0.928571428571429	0.761904761904762	0.777777777777778	0.454545454545455	0.771428571428571	0.894736842105263
2444294_1	0.866666666666667	0.428571428571429	0.636363636363636	0.741935483870968	0.796875	0.666666666666667
2444294_2	0.866666666666667	0.428571428571429	0.636363636363636	0.741935483870968	0.796875	0.666666666666667
446754	0.947368421052632	0.816666666666667	0.7	0.962962962962963	0.966101694915254	1
3706939_1	0.9	0.686274509803922	0.769230769230769	0.424242424242424	0.470588235294118	0.407407407407407
3706939_2	0.9	0.686274509803922	0.769230769230769	0.424242424242424	0.470588235294118	0.407407407407407
3522097	0	0	0	0.19047619047619	0.212765957446809	0.125
5527156_1	0	0	0	0.2	0.211267605633803	0.125
5527156_2	0	0	0	0.2	0.211267605633803	0.125
5527156_3	0	0	0	0.2	0.211267605633803	0.125
6202650	0.1875	0.58695652173913	0.647058823529412	0.75	0.51063829787234	0.631578947368421
3791259_1	0	0	0	0.027027027027027	0.191176470588235	0.166666666666667
3791259_2	0	0	0	0.027027027027027	0.191176470588235	0.166666666666667
6525623	0.666666666666667	0.75	0.523809523809524	0.730769230769231	0.791666666666667	0.428571428571429
4525487	0.1875	0.272727272727273	0.0769230769230769	0	0.0909090909090909	0
4624026	0.458333333333333	0.087719298245614	0.2	0.166666666666667	0.134328358208955	0.28
5455872	0.944444444444444	0.761904761904762	0.857142857142857	1	0.96969696969697	0.882352941176471
3050779	0.142857142857143	0.136363636363636	0.0714285714285714	0.419354838709677	0.369230769230769	0.0769230769230769
455261	0.571428571428571	0.918367346938776	0.777777777777778	0.904761904761905	0.87037037037037	0.933333333333333
4386762	1	1	0.916666666666667	0.857142857142857	0.763636363636364	0.789473684210526
5027171	0.0769230769230769	0.153846153846154	0.294117647058824	0.166666666666667	0.412698412698413	0.476190476190476
1342399	0.652173913043478	0.929824561403509	1	1	0.846153846153846	0.833333333333333
3185797	0.2	0.225	0.666666666666667	0.5	0.391304347826087	0.5
3692340	0.285714285714286	0.488372093023256	0.846153846153846	0.217391304347826	0.450980392156863	0.4
5174116	0.666666666666667	0.365853658536585	0.6875	0.19047619047619	0.43859649122807	0.263157894736842
3704626	0.0666666666666667	0.26	0.0769230769230769	0	0.1	0
3171483_1	0.941176470588235	0.862745098039216	0.75	0.578947368421053	0.613636363636364	0.85
3171483_2	0.941176470588235	0.862745098039216	0.75	0.578947368421053	0.613636363636364	0.85
1883205	0.9	0.666666666666667	0.722222222222222	1	0.871428571428571	0.8
5937132	0.176470588235294	0.179487179487179	0.2	0	0.276595744680851	0.375
3503758	1	1	1	0.783783783783784	0.875	0.941176470588235
1501768	0.333333333333333	0.295454545454545	0.3	0.0476190476190476	0.5	0.45
1135891	0.208333333333333	0.523809523809524	0.125	0.638888888888889	0.483333333333333	0.391304347826087
4033760	0.92	0.683333333333333	0.857142857142857	0.945945945945946	0.942857142857143	0.869565217391304
5489020	1	1	1	0.766666666666667	0.88135593220339	0.888888888888889
460333	0.133333333333333	0.307692307692308	0	0	0.150943396226415	0.0476190476190476
3632057	1	0.645833333333333	0.777777777777778	0.461538461538462	0.697674418604651	0.642857142857143
2081050	1	0.955555555555556	0.933333333333333	0.727272727272727	0.73134328358209	0.923076923076923
6377240	0.615384615384615	0.737704918032787	0.857142857142857	0.970588235294118	0.711538461538462	1
6495293	0	0	0.0588235294117647	0.0810810810810811	0.183098591549296	0.272727272727273
4777443	0.166666666666667	0.327586206896552	0.111111111111111	0.611111111111111	0.3	0.105263157894737
2156510_1	0.263157894736842	0.390625	0.555555555555556	0.173913043478261	0.258620689655172	0.111111111111111
2156510_2	0.263157894736842	0.390625	0.555555555555556	0.173913043478261	0.258620689655172	0.111111111111111
2156510_3	0.263157894736842	0.390625	0.555555555555556	0.173913043478261	0.258620689655172	0.111111111111111
4104466	0.4375	0.24390243902439	0.0833333333333333	0.4375	0.48936170212766	0.111111111111111
3976410	1	0.727272727272727	0.909090909090909	0.71875	0.941176470588235	0.894736842105263
6126863_1	0.533333333333333	0.785714285714286	0.875	0.944444444444444	0.784313725490196	0.566666666666667
6126863_2	0.533333333333333	0.785714285714286	0.875	0.944444444444444	0.784313725490196	0.566666666666667
3158783	0	0	0.0588235294117647	0.24	0.0740740740740741	0.130434782608696
2112630	0.238095238095238	0.267857142857143	0.0833333333333333	0.619047619047619	0.338461538461538	0.347826086956522
2091043	0	0	0	0.166666666666667	0.12280701754386	0.241379310344828
6002070	1	0.674418604651163	0.692307692307692	0.5	0.796296296296296	0.714285714285714
1308877	0	0	0	0	0.129032258064516	0
2081815	0.5625	0.545454545454545	0.736842105263158	0.6	0.41304347826087	0.142857142857143
1912750	0.263157894736842	0.375	0.428571428571429	0.102564102564103	0.357142857142857	0.607142857142857
982634	0	0	0	0.0285714285714286	0.153846153846154	0
4451776_1	0	0	0	0.0384615384615385	0.176470588235294	0.0952380952380952
4451776_2	0	0	0	0.0384615384615385	0.176470588235294	0.0952380952380952
4451776_3	0	0	0	0.0384615384615385	0.176470588235294	0.0952380952380952
4288702	1	0.896551724137931	0.95	0.625	0.865671641791045	0.695652173913043
3866825_1	0.866666666666667	0.693877551020408	0.666666666666667	1	0.785714285714286	0.80952380952381
3866825_2	0.866666666666667	0.693877551020408	0.666666666666667	1	0.785714285714286	0.80952380952381
46486	0.533333333333333	0.607843137254902	0.75	0.857142857142857	0.873015873015873	0.653846153846154
3974544	0.6	0.464285714285714	0.722222222222222	0.891891891891892	0.634615384615385	0.76
3810898	0	0.261904761904762	0.153846153846154	0	0.0833333333333333	0.176470588235294
4652225	0.529411764705882	0.327868852459016	0.533333333333333	0.714285714285714	0.576271186440678	0.714285714285714
5314717	0.5	0.614035087719298	0.818181818181818	0.344827586206897	0.542857142857143	0.291666666666667
2187825	0.916666666666667	0.719298245614035	0.363636363636364	0.892857142857143	0.824561403508772	0.791666666666667
3825271	0.866666666666667	0.984126984126984	0.888888888888889	0.710526315789474	0.918032786885246	0.894736842105263
3299068	0.91304347826087	0.555555555555556	1	0.548387096774194	0.733333333333333	0.6
6340040	0.222222222222222	0.392857142857143	0.153846153846154	0.695652173913043	0.5	0.259259259259259
4610683	0.16	0.290909090909091	0.214285714285714	0	0.149253731343284	0
4638366	1	1	1	0.775	0.898550724637681	0.92
1930478_1	0.25	0.0967741935483871	0.0588235294117647	0.451612903225806	0.271186440677966	0.318181818181818
1930478_2	0.25	0.0967741935483871	0.0588235294117647	0.451612903225806	0.271186440677966	0.318181818181818
3244653	0.130434782608696	0.26984126984127	0.25	0.0789473684210526	0.101694915254237	0.125
2419792	0.923076923076923	0.697674418604651	0.764705882352941	1	0.890909090909091	0.733333333333333
2659923_1	0.782608695652174	0.821428571428571	0.761904761904762	1	0.714285714285714	1
2659923_2	0.782608695652174	0.821428571428571	0.761904761904762	1	0.714285714285714	1
2659923_3	0.782608695652174	0.821428571428571	0.761904761904762	1	0.714285714285714	1
4818509	0.565217391304348	0.825396825396825	0.846153846153846	0.518518518518518	0.526315789473684	0.619047619047619
4532708	0	0	0	0.2	0.191176470588235	0.125
2790407	0.714285714285714	0.508771929824561	0.421052631578947	0.857142857142857	0.716981132075472	0.642857142857143
1332688	0.1	0.302325581395349	0	0.333333333333333	0.41304347826087	0.3
6394990	1	1	1	0.777777777777778	0.893939393939394	0.884615384615385
2140243	0.956521739130435	0.859649122807018	1	1	1	1
5795592	0.583333333333333	0.326530612244898	0.705882352941177	0.4	0.440677966101695	0.730769230769231
2975582	0.1875	0.315789473684211	0.5	0	0.196428571428571	0.333333333333333
1813003	0.533333333333333	0.475409836065574	0.75	0.259259259259259	0.602941176470588	0.785714285714286
2458148	1	0.75	0.7	0.705882352941177	0.905660377358491	0.619047619047619
6176006	0.214285714285714	0.446153846153846	0.0714285714285714	0.303030303030303	0.189655172413793	0.125
5553118_1	1	1	1	1	0.865384615384615	0.944444444444444
5553118_2	1	1	1	1	0.865384615384615	0.944444444444444
2920568	0.285714285714286	0.636363636363636	0.526315789473684	0.361111111111111	0.323529411764706	0.666666666666667
3167444_1	1	1	0.95	0.892857142857143	0.808823529411765	0.772727272727273
3167444_2	1	1	0.95	0.892857142857143	0.808823529411765	0.772727272727273
2621590	0.761904761904762	0.784615384615385	0.473684210526316	0.96551724137931	0.814814814814815	0.818181818181818
3992671	0.285714285714286	0.5	0.105263157894737	0.285714285714286	0.524590163934426	0.461538461538462
6593577	1	0.852459016393443	1	1	0.983606557377049	1
2450615_1	0.388888888888889	0.532258064516129	0.714285714285714	0.866666666666667	0.5	0.708333333333333
2450615_2	0.388888888888889	0.532258064516129	0.714285714285714	0.866666666666667	0.5	0.708333333333333
2457415	0.631578947368421	0.793650793650794	0.823529411764706	0.782608695652174	0.938461538461538	1
2108700	0.45	0.681818181818182	0.80952380952381	0.527777777777778	0.742424242424242	0.9
6595645	0.333333333333333	0.144927536231884	0.117647058823529	0	0.0615384615384615	0.0384615384615385
2092475	0.761904761904762	0.725490196078431	0.857142857142857	1	0.933333333333333	0.782608695652174
2919428	0.76	0.929824561403509	0.684210526315789	0.918918918918919	0.938461538461538	1
1895398_1	0.266666666666667	0.40625	0.230769230769231	0.0625	0.207547169811321	0.375
1895398_2	0.266666666666667	0.40625	0.230769230769231	0.0625	0.207547169811321	0.375
2100401	0.1	0.153846153846154	0.0526315789473684	0.147058823529412	0.27536231884058	0.0689655172413793
2915993	0.277777777777778	0.452380952380952	0.142857142857143	0.529411764705882	0.46875	0.24
3864487	0.6875	0.540983606557377	0.384615384615385	0.827586206896552	0.76	0.608695652173913
5689842	0.3	0.127272727272727	0.157894736842105	0	0.0597014925373134	0
3544510	0.909090909090909	0.82051282051282	0.846153846153846	0.875	0.8	0.625
3460584	0.695652173913043	0.909090909090909	1	1	0.835820895522388	0.92
4853830	0.761904761904762	0.883333333333333	0.846153846153846	0.708333333333333	0.628571428571429	0.666666666666667
3355370	0.5625	0.228070175438596	0.214285714285714	0.409090909090909	0.507936507936508	0.4375
181679_1	0.526315789473684	0.490909090909091	0.611111111111111	0.52	0.323076923076923	0.692307692307692
181679_2	0.526315789473684	0.490909090909091	0.611111111111111	0.52	0.323076923076923	0.692307692307692
1472620	0.333333333333333	0.492537313432836	0.3125	0.8125	0.430555555555556	0.45
1225909	0.5	0.145454545454545	0	0.333333333333333	0.183673469387755	0.24
2586261	1	1	1	0.785714285714286	0.871428571428571	0.909090909090909
4167773	0.777777777777778	0.763636363636364	0.714285714285714	0.96	0.966101694915254	0.777777777777778
5844435	0.388888888888889	0.0754716981132075	0.05	0.131578947368421	0.0625	0.0952380952380952
6560362	0.176470588235294	0.313725490196078	0.125	0.48	0.317460317460317	0.625
2651912	0.0625	0.350877192982456	0.333333333333333	0.0810810810810811	0.178571428571429	0.307692307692308
3347932	0.888888888888889	0.854545454545454	0.941176470588235	1	1	1
6574780	0.260869565217391	0.189655172413793	0.111111111111111	0.5	0.307692307692308	0.35
5020939	1	1	1	0.82051282051282	0.95	0.875
4135268	0	0.116666666666667	0.3125	0.269230769230769	0.0952380952380952	0
5329674	0.571428571428571	0.888888888888889	0.823529411764706	0.638888888888889	0.793650793650794	0.565217391304348
360960	0.3125	0.5	0.294117647058824	0.0833333333333333	0.314814814814815	0.307692307692308
4634589_1	0.4	0.113636363636364	0.5	0.476190476190476	0.326923076923077	0.307692307692308
4634589_2	0.4	0.113636363636364	0.5	0.476190476190476	0.326923076923077	0.307692307692308
6530828	0.954545454545455	1	1	0.925	0.82089552238806	1
4013560	0.318181818181818	0.707317073170732	0.6875	0.727272727272727	0.660377358490566	0.733333333333333
1592031_1	0.444444444444444	0.491525423728814	0.6875	0.25	0.36	0.28
1592031_2	0.444444444444444	0.491525423728814	0.6875	0.25	0.36	0.28
1645494	0.0555555555555556	0.307692307692308	0.2	0.483870967741935	0.184615384615385	0.318181818181818
3865020	0.357142857142857	0.333333333333333	0.272727272727273	0.0384615384615385	0.114754098360656	0.241379310344828
2627360	0.411764705882353	0.125	0.230769230769231	0.260869565217391	0.416666666666667	0.4375
2736312	0	0.131147540983607	0	0.0303030303030303	0	0
5191321	0.722222222222222	0.3	0.125	0.4	0.422535211267606	0.375
4418314	0.826086956521739	0.580645161290323	0.818181818181818	0.891891891891892	0.63768115942029	0.846153846153846
3395671	0.8	0.909090909090909	1	0.666666666666667	0.777777777777778	0.941176470588235
6289666	0.764705882352941	0.725806451612903	0.888888888888889	0.65625	0.929824561403509	0.95
2620200	0.461538461538462	0.745454545454545	0.944444444444444	0.527777777777778	0.787878787878788	0.666666666666667
3282878	0.4	0.425	0.214285714285714	0.133333333333333	0.363636363636364	0.291666666666667
383208	0.8	0.615384615384615	0.818181818181818	0.92	0.866666666666667	0.842105263157895
6607093	0.952380952380952	0.789473684210526	0.736842105263158	0.928571428571429	0.890625	0.962962962962963
958432	0.5	0.84	1	0.617647058823529	0.6875	0.785714285714286
4101051	0	0.0434782608695652	0	0.161290322580645	0.213114754098361	0.25
5836171	0.833333333333333	0.584905660377358	0.769230769230769	0.823529411764706	0.761904761904762	0.916666666666667
3486553	0.652173913043478	0.916666666666667	0.705882352941177	0.961538461538462	0.74468085106383	0.8
1455669	0.357142857142857	0.0943396226415094	0.111111111111111	0.19047619047619	0.263888888888889	0
475208	0.625	0.703703703703704	0.333333333333333	0.333333333333333	0.594202898550725	0.727272727272727
1107008	0.9375	0.711111111111111	0.555555555555556	0.84	0.891304347826087	0.777777777777778
3055913	0.238095238095238	0.442307692307692	0.421052631578947	0.583333333333333	0.219178082191781	0.217391304347826
5331615	0.95	0.8125	0.666666666666667	0.944444444444444	0.911111111111111	1
975428	1	0.8	0.764705882352941	1	0.9375	0.962962962962963
5798027	0.0909090909090909	0.230769230769231	0	0.04	0.0425531914893617	0.0625
3571831	0.125	0.241379310344828	0.428571428571429	0.4	0.457142857142857	0.391304347826087
4423115	0.142857142857143	0.03125	0	0.228571428571429	0.25	0.181818181818182
6222024	0.647058823529412	0.577777777777778	0.6875	0.916666666666667	0.830188679245283	0.807692307692308
953447	0.666666666666667	0.666666666666667	0.583333333333333	0.72972972972973	0.588235294117647	0.285714285714286
4425841	1	0.963636363636364	1	0.761904761904762	0.810344827586207	0.826086956521739
5989345	0.388888888888889	0.333333333333333	0.5	0.0526315789473684	0.2	0.238095238095238
1373520_1	0.388888888888889	0.104166666666667	0.25	0.310344827586207	0.1875	0.157894736842105
1373520_2	0.388888888888889	0.104166666666667	0.25	0.310344827586207	0.1875	0.157894736842105
2745187	0.375	0.354166666666667	0.470588235294118	0.675675675675676	0.564516129032258	0.263157894736842
1919134	0.652173913043478	0.927272727272727	0.75	0.928571428571429	0.90625	0.91304347826087
3445383_1	0.941176470588235	0.88135593220339	1	1	1	1
3445383_2	0.941176470588235	0.88135593220339	1	1	1	1
2334878_1	1	0.929824561403509	0.866666666666667	0.8	0.736111111111111	0.9
2334878_2	1	0.929824561403509	0.866666666666667	0.8	0.736111111111111	0.9
4249218	0.0666666666666667	0.204081632653061	0	0.285714285714286	0.111111111111111	0.142857142857143
5826119	0.181818181818182	0.152542372881356	0.111111111111111	0	0.0158730158730159	0.0909090909090909
3183366_1	0.789473684210526	0.852459016393443	0.875	0.967741935483871	0.722222222222222	0.869565217391304
3183366_2	0.789473684210526	0.852459016393443	0.875	0.967741935483871	0.722222222222222	0.869565217391304
6319861	0.363636363636364	0.180327868852459	0.25	0.575757575757576	0.411764705882353	0.444444444444444
741030_1	0.684210526315789	0.604651162790698	0.888888888888889	0.956521739130435	0.78	0.789473684210526
741030_2	0.684210526315789	0.604651162790698	0.888888888888889	0.956521739130435	0.78	0.789473684210526
741030_3	0.684210526315789	0.604651162790698	0.888888888888889	0.956521739130435	0.78	0.789473684210526
3390248_1	0.333333333333333	0.37037037037037	0.266666666666667	0.0952380952380952	0.4375	0.566666666666667
3390248_2	0.333333333333333	0.37037037037037	0.266666666666667	0.0952380952380952	0.4375	0.566666666666667
1368882	0.785714285714286	0.625	0.785714285714286	0.923076923076923	0.711864406779661	0.8125
2891518	0.4	0.568965517241379	0.764705882352941	0.484848484848485	0.727272727272727	0.8
4514469_1	0.684210526315789	0.272727272727273	0.166666666666667	0.388888888888889	0.288461538461538	0.346153846153846
4514469_2	0.684210526315789	0.272727272727273	0.166666666666667	0.388888888888889	0.288461538461538	0.346153846153846
4514469_3	0.684210526315789	0.272727272727273	0.166666666666667	0.388888888888889	0.288461538461538	0.346153846153846
4072390	0.888888888888889	1	1	0.962962962962963	0.887096774193548	1
1648365	0.473684210526316	0.349206349206349	0.642857142857143	0.607142857142857	0.627450980392157	0.428571428571429
5345962	0.315789473684211	0.396825396825397	0.65	0.425	0.213114754098361	0.416666666666667
6124904	0.96	0.836065573770492	0.8	0.766666666666667	0.722222222222222	0.571428571428571
1432475	0.95	0.695652173913043	0.684210526315789	0.407407407407407	0.630769230769231	0.64
4170333	0.0434782608695652	0.163934426229508	0.2	0.351351351351351	0.0625	0.173913043478261
5362915	1	0.772727272727273	0.611111111111111	0.945945945945946	0.859154929577465	0.875
3989523_1	0.538461538461538	0.560975609756098	0.933333333333333	0.4375	0.673076923076923	0.611111111111111
3989523_2	0.538461538461538	0.560975609756098	0.933333333333333	0.4375	0.673076923076923	0.611111111111111
2055318	0.666666666666667	0.907407407407407	0.923076923076923	0.8	0.732142857142857	0.96
1247569	0.823529411764706	0.703125	0.6	0.903225806451613	0.885245901639344	0.666666666666667
5324512	0.473684210526316	0.805970149253731	0.80952380952381	0.620689655172414	0.636363636363636	0.84
2759376	0.05	0.352941176470588	0.5625	0.217391304347826	0.3	0.217391304347826
3585393	0	0.120689655172414	0.0555555555555556	0	0	0
4427904	0.0434782608695652	0.0735294117647059	0.235294117647059	0.0909090909090909	0.285714285714286	0.157894736842105
2442136	1	0.806451612903226	0.785714285714286	1	0.924242424242424	0.958333333333333
469942	0.5	0.742424242424242	0.705882352941177	0.459459459459459	0.607142857142857	0.44
5626060	0.4	0.152542372881356	0.25	0.216216216216216	0.294117647058824	0.2
2826960	0.368421052631579	0.185185185185185	0.0588235294117647	0.0294117647058824	0.2	0.0434782608695652
6140851	0.727272727272727	0.633333333333333	0.761904761904762	0.68	0.689189189189189	1
3697947	1	1	1	0.939393939393939	0.842105263157895	0.947368421052632
3188264	0.25	0.358974358974359	0.454545454545455	0.739130434782609	0.448275862068966	0.363636363636364
5927551	0.611111111111111	0.821428571428571	0.769230769230769	0.777777777777778	0.660714285714286	1
6597576	0.625	0.181818181818182	0.333333333333333	0.272727272727273	0.301587301587302	0.375
6403659	0.833333333333333	0.545454545454545	0.642857142857143	0.904761904761905	0.536231884057971	0.545454545454545
6591837	0.666666666666667	0.545454545454545	0.5	0.333333333333333	0.454545454545455	0.76
3120169	0.315789473684211	0.389830508474576	0	0.533333333333333	0.304347826086957	0.318181818181818
3668325	0.15	0.276923076923077	0.111111111111111	0	0.220338983050847	0.25
761073	1	0.821428571428571	0.928571428571429	1	0.888888888888889	1
3047532	0.666666666666667	0.690909090909091	0.416666666666667	0.8	0.85	0.821428571428571
4520730	0.142857142857143	0.253968253968254	0.0454545454545455	0.0967741935483871	0.217391304347826	0.037037037037037
1944508_1	0.526315789473684	0.442307692307692	0.214285714285714	0.605263157894737	0.672413793103448	0.5
1944508_2	0.526315789473684	0.442307692307692	0.214285714285714	0.605263157894737	0.672413793103448	0.5
5462550	0.0434782608695652	0.209677419354839	0	0.294117647058824	0.12280701754386	0.0476190476190476
1948773	0.0526315789473684	0.114754098360656	0.25	0.0833333333333333	0.0666666666666667	0.181818181818182
3510898	0.272727272727273	0.196428571428571	0.384615384615385	0.571428571428571	0.405797101449275	0.466666666666667
6089556	0.454545454545455	0.517857142857143	0.769230769230769	0.631578947368421	0.349206349206349	0.538461538461538
3557434	0.157894736842105	0.266666666666667	0.0526315789473684	0	0.14	0.115384615384615
2338408	0.523809523809524	0.595238095238095	0.888888888888889	0.741935483870968	0.711111111111111	0.6
6234249	0.227272727272727	0.270833333333333	0.294117647058824	0.25	0.411764705882353	0.5
2575773_1	0	0.05	0	0.25	0.151515151515152	0.238095238095238
2575773_2	0	0.05	0	0.25	0.151515151515152	0.238095238095238
947279	0.333333333333333	0.0757575757575758	0.285714285714286	0.294117647058824	0.224137931034483	0.24
3680386	0.684210526315789	0.822222222222222	0.933333333333333	1	0.916666666666667	0.833333333333333
3453052	0	0.137254901960784	0	0	0.0327868852459016	0
3692939	0.411764705882353	0.241379310344828	0.0714285714285714	0.228571428571429	0.225806451612903	0.392857142857143
3013087	0.421052631578947	0.123076923076923	0.277777777777778	0.0512820512820513	0.220338983050847	0.241379310344828
1417885	0.842105263157895	0.925	0.764705882352941	0.6	0.793650793650794	0.863636363636364
1364965	0.352941176470588	0.697674418604651	0.642857142857143	0.393939393939394	0.475409836065574	0.636363636363636
5888226_1	0.611111111111111	0.555555555555556	0.6	0.352941176470588	0.717391304347826	0.764705882352941
5888226_2	0.611111111111111	0.555555555555556	0.6	0.352941176470588	0.717391304347826	0.764705882352941
986594	0.80952380952381	0.72	0.647058823529412	0.958333333333333	0.808510638297872	0.5625
5085563	0.272727272727273	0.0975609756097561	0	0.272727272727273	0.225806451612903	0.130434782608696
4824308	0.625	0.581818181818182	0.642857142857143	0.95	0.716216216216216	0.833333333333333
5596739	0.578947368421053	0.477611940298507	0.642857142857143	0.823529411764706	0.5	0.714285714285714
5360255	0.647058823529412	0.555555555555556	0.357142857142857	0.235294117647059	0.468085106382979	0.655172413793103
4046138	0	0	0	0.133333333333333	0.127272727272727	0.037037037037037
614359	0.772727272727273	0.784313725490196	0.75	0.972972972972973	0.80327868852459	1
4527307	0.5	0.428571428571429	0.733333333333333	0.380952380952381	0.645161290322581	0.541666666666667
3749971	0.947368421052632	0.785714285714286	0.684210526315789	0.638888888888889	0.781818181818182	0.571428571428571
3680471	1	1	1	0.80952380952381	0.913793103448276	0.892857142857143
3123333	0.5	0.379310344827586	0.466666666666667	0.230769230769231	0.328358208955224	0.5
6384062	0.722222222222222	0.583333333333333	0.266666666666667	0.296296296296296	0.484848484848485	0.565217391304348
5414114	0.388888888888889	0.087719298245614	0.136363636363636	0.179487179487179	0.289855072463768	0.125
4823488	0.35	0.666666666666667	0.333333333333333	0.48	0.433962264150943	0.363636363636364
696897	1	0.82	0.666666666666667	1	0.833333333333333	0.842105263157895
3592588	0.578947368421053	0.854838709677419	0.923076923076923	0.925	0.836363636363636	0.904761904761905
3241176	0.458333333333333	0.446428571428571	0.636363636363636	0.709677419354839	0.618181818181818	0.789473684210526
4146196_1	0.523809523809524	0.660377358490566	0.75	0.321428571428571	0.532258064516129	0.416666666666667
4146196_2	0.523809523809524	0.660377358490566	0.75	0.321428571428571	0.532258064516129	0.416666666666667
197856	0.466666666666667	0.25531914893617	0	0.392857142857143	0.359375	0.315789473684211
2349715	0.6	0.418604651162791	0.777777777777778	0.466666666666667	0.653061224489796	0.526315789473684
1252073	0.3	0.142857142857143	0	0	0.191176470588235	0.0740740740740741
6376181	0.8	0.630434782608696	0.230769230769231	0.578947368421053	0.552238805970149	0.428571428571429
5777482	0.571428571428571	0.811320754716981	0.9375	0.789473684210526	0.861538461538462	0.892857142857143
2209094_1	0.571428571428571	0.525	0.555555555555556	0.222222222222222	0.304347826086957	0.363636363636364
2209094_2	0.571428571428571	0.525	0.555555555555556	0.222222222222222	0.304347826086957	0.363636363636364
4251957	0.105263157894737	0.189655172413793	0.0909090909090909	0.0303030303030303	0.309090909090909	0.142857142857143
4678773	0.782608695652174	0.666666666666667	0.615384615384615	0.789473684210526	0.918032786885246	0.75
2893807_1	0.368421052631579	0.581818181818182	0.611111111111111	0.5	0.324324324324324	0.578947368421053
2893807_2	0.368421052631579	0.581818181818182	0.611111111111111	0.5	0.324324324324324	0.578947368421053
3024598	0.84	0.980392156862745	1	0.78125	0.796875	0.826086956521739
3396908	0.80952380952381	0.526315789473684	0.578947368421053	0.5	0.53968253968254	0.666666666666667
2121693	0.235294117647059	0.604651162790698	0.578947368421053	0.6875	0.590909090909091	0.5
2303605	0.538461538461538	0.674418604651163	0.428571428571429	0.724137931034483	0.8	0.793103448275862
3216110	0.9375	0.769230769230769	0.7	0.904761904761905	0.945454545454545	0.818181818181818
5817770	0	0.130434782608696	0	0.03125	0	0.0909090909090909
3890300	0.0625	0.225806451612903	0.105263157894737	0.0540540540540541	0.0491803278688525	0.0588235294117647
4014412	0	0.160714285714286	0.111111111111111	0.0344827586206897	0.0545454545454545	0
2861787	0.333333333333333	0.0943396226415094	0	0.0952380952380952	0.0882352941176471	0.0740740740740741
1873224	0.375	0.5	0.238095238095238	0.225	0.343283582089552	0.304347826086957
4105370	0	0	0	0.125	0.131147540983607	0.2
4049886	0	0.215686274509804	0.142857142857143	0.116279069767442	0.304347826086957	0.347826086956522
3002468	0.166666666666667	0	0	0.107142857142857	0.140625	0
5551543	1	0.859649122807018	0.8	1	0.827586206896552	0.947368421052632
1265566	0.5	0.363636363636364	0.222222222222222	0.264705882352941	0.519230769230769	0.19047619047619
6578459	0.181818181818182	0.209302325581395	0	0.032258064516129	0.142857142857143	0
2444737_1	0.666666666666667	0.711111111111111	0.5	0.818181818181818	0.608695652173913	0.454545454545455
2444737_2	0.666666666666667	0.711111111111111	0.5	0.818181818181818	0.608695652173913	0.454545454545455
2132195	0.214285714285714	0.5	0.428571428571429	0.558823529411765	0.294117647058824	0.4
2653804	0.6	0.757142857142857	0.882352941176471	0.868421052631579	0.865671641791045	0.954545454545455
6403762	0.318181818181818	0.375	0.590909090909091	0.184210526315789	0.295774647887324	0.185185185185185
3941798	0	0	0	0.173913043478261	0.125	0.111111111111111
6449762	0	0	0	0	0.0895522388059701	0
2784968	0	0	0	0.15625	0.125	0.12
3721639_1	0	0.254901960784314	0.2	0.227272727272727	0.0819672131147541	0.08
3721639_2	0	0.254901960784314	0.2	0.227272727272727	0.0819672131147541	0.08
2033561	0.869565217391304	0.650793650793651	0.833333333333333	0.75609756097561	0.870967741935484	0.923076923076923
2336215	0.692307692307692	0.792452830188679	0.944444444444444	1	0.771428571428571	0.793103448275862
6350390	0.75	0.655737704918033	0.384615384615385	0.833333333333333	0.679245283018868	0.535714285714286
5734654	0.619047619047619	0.736842105263158	0.6	0.791666666666667	0.758064516129032	0.428571428571429
3692600	0.19047619047619	0.222222222222222	0	0.3	0.145454545454545	0.166666666666667
6399153	0.375	0.509090909090909	0.6	0.384615384615385	0.269230769230769	0.388888888888889
3182870	0.357142857142857	0.361702127659574	0.647058823529412	0.648648648648649	0.491803278688525	0.521739130434783
1433822_1	0.8	0.73469387755102	0.944444444444444	0.944444444444444	0.815384615384615	0.962962962962963
1433822_2	0.8	0.73469387755102	0.944444444444444	0.944444444444444	0.815384615384615	0.962962962962963
4680284	0.0714285714285714	0.32	0.333333333333333	0.296296296296296	0.160714285714286	0.0555555555555556
3478793	0.842105263157895	0.934426229508197	0.923076923076923	0.757575757575758	0.875	0.863636363636364
4441534	0.24	0.395833333333333	0.533333333333333	0.394736842105263	0.447761194029851	0.653846153846154
2772149_1	0.416666666666667	0.216666666666667	0.0666666666666667	0.25	0.333333333333333	0.107142857142857
2772149_2	0.416666666666667	0.216666666666667	0.0666666666666667	0.25	0.333333333333333	0.107142857142857
2772149_3	0.416666666666667	0.216666666666667	0.0666666666666667	0.25	0.333333333333333	0.107142857142857
5330423_1	0.791666666666667	0.808510638297872	1	0.6875	0.651515151515151	0.88
5330423_2	0.791666666666667	0.808510638297872	1	0.6875	0.651515151515151	0.88
6290742	0.153846153846154	0.317073170731707	0.466666666666667	0.3125	0.425531914893617	0.625
3678355	0.947368421052632	0.875	1	1	0.979591836734694	1
6495936_1	0.833333333333333	0.538461538461538	0.444444444444444	0.625	0.58695652173913	0.45
6495936_2	0.833333333333333	0.538461538461538	0.444444444444444	0.625	0.58695652173913	0.45
3917394	0.333333333333333	0.34	0.111111111111111	0.285714285714286	0.153846153846154	0.1
3001665_1	0.181818181818182	0.266666666666667	0.230769230769231	0.533333333333333	0.39344262295082	0.333333333333333
3001665_2	0.181818181818182	0.266666666666667	0.230769230769231	0.533333333333333	0.39344262295082	0.333333333333333
6108999	0.846153846153846	0.725	0.833333333333333	1	0.888888888888889	0.818181818181818
4104764	0.9375	0.719298245614035	0.666666666666667	0.756756756756757	0.885714285714286	0.928571428571429
1737544	0.307692307692308	0.333333333333333	0.285714285714286	0.125	0.108695652173913	0.277777777777778
4161904	0.0526315789473684	0.131147540983607	0	0	0.0266666666666667	0
6518388	0.5	0.638297872340426	0.833333333333333	0.486486486486487	0.65625	0.5
4519468	0.571428571428571	0.677966101694915	0.384615384615385	0.514285714285714	0.688524590163934	0.461538461538462
3342707	0.9	0.806451612903226	0.9	0.896551724137931	0.666666666666667	0.772727272727273
3788704	0.285714285714286	0.298507462686567	0.25	0.564102564102564	0.392857142857143	0.238095238095238
3106206	0.8	0.907407407407407	0.863636363636364	0.793103448275862	0.805555555555556	0.818181818181818
4638635_1	0.545454545454545	0.5	0.666666666666667	0.620689655172414	0.383333333333333	0.476190476190476
4638635_2	0.545454545454545	0.5	0.666666666666667	0.620689655172414	0.383333333333333	0.476190476190476
442844	0	0.116666666666667	0	0.0344827586206897	0.161290322580645	0
763400	0.8	0.53448275862069	0.714285714285714	0.827586206896552	0.666666666666667	0.777777777777778
5280312	0.866666666666667	0.697674418604651	0.785714285714286	0.564102564102564	0.68	0.866666666666667
455272	0.857142857142857	1	0.941176470588235	0.777777777777778	0.823529411764706	0.857142857142857
5540013	0.444444444444444	0.363636363636364	0.476190476190476	0.64	0.647058823529412	0.565217391304348
4010172	0.631578947368421	0.907407407407407	0.666666666666667	0.903225806451613	0.782608695652174	0.727272727272727
4520861	0	0	0	0.125	0.125	0.12
6001392	0.705882352941177	0.704918032786885	0.666666666666667	0.870967741935484	0.883333333333333	0.882352941176471
5318512	0.333333333333333	0.558139534883721	0.285714285714286	0.485714285714286	0.627450980392157	0.5
562308	0.210526315789474	0.138461538461538	0.45	0.258064516129032	0.316666666666667	0.36
3488203	0.357142857142857	0.641025641025641	0.615384615384615	0.702702702702703	0.717391304347826	0.636363636363636
3727994	0	0.104477611940299	0.214285714285714	0	0.142857142857143	0
5313296	0.727272727272727	0.875	1	0.975	0.880597014925373	0.785714285714286
5755220	0.833333333333333	0.788461538461538	0.894736842105263	0.944444444444444	0.953846153846154	0.96
3414369_1	0.263157894736842	0.333333333333333	0.6	0.555555555555556	0.5	0.565217391304348
3414369_2	0.263157894736842	0.333333333333333	0.6	0.555555555555556	0.5	0.565217391304348
4145392	0.388888888888889	0.338461538461538	0.3125	0.315789473684211	0.134328358208955	0.130434782608696
898800_1	0.2	0.388888888888889	0.25	0.555555555555556	0.521739130434783	0.518518518518518
898800_2	0.2	0.388888888888889	0.25	0.555555555555556	0.521739130434783	0.518518518518518
5429639	0.684210526315789	0.802816901408451	0.8125	0.911764705882353	0.781818181818182	1
6421486	0.1875	0.209302325581395	0.538461538461538	0.1875	0.382352941176471	0.333333333333333
5468103	0.875	0.544117647058823	0.6	0.6	0.741379310344828	0.8
4428545	0.476190476190476	0.5	0.133333333333333	0.4	0.489795918367347	0.666666666666667
3366081_1	0.769230769230769	0.358490566037736	0.5	0.413793103448276	0.473684210526316	0.466666666666667
3366081_2	0.769230769230769	0.358490566037736	0.5	0.413793103448276	0.473684210526316	0.466666666666667
3366081_3	0.769230769230769	0.358490566037736	0.5	0.413793103448276	0.473684210526316	0.466666666666667
2549441	1	0.924528301886792	1	1	1	1
3911263	0.235294117647059	0.117647058823529	0.333333333333333	0.238095238095238	0.34	0.263157894736842
1746872	0.5625	0.583333333333333	0.764705882352941	0.722222222222222	0.686274509803922	0.724137931034483
5338997_1	0.8	0.461538461538462	0.583333333333333	0.513513513513513	0.6	0.4
5338997_2	0.8	0.461538461538462	0.583333333333333	0.513513513513513	0.6	0.4
4596284	0.736842105263158	0.910714285714286	0.769230769230769	0.666666666666667	0.676923076923077	0.766666666666667
4417910	0.421052631578947	0.476923076923077	0.5625	0.552631578947368	0.444444444444444	0.75
3069140	0.476190476190476	0.758620689655172	0.789473684210526	0.875	0.714285714285714	0.703703703703704
3192012	0.5	0.5	0.5625	0.444444444444444	0.4	0.136363636363636
2538206	0.666666666666667	0.578947368421053	0.722222222222222	0.709677419354839	0.725806451612903	0.538461538461538
2124752	0.692307692307692	0.636363636363636	0.888888888888889	0.580645161290323	0.555555555555556	0.458333333333333
1350858_1	0.8	0.712121212121212	0.625	0.837837837837838	0.796296296296296	0.925925925925926
1350858_2	0.8	0.712121212121212	0.625	0.837837837837838	0.796296296296296	0.925925925925926
3347024	0.538461538461538	0.450980392156863	0.266666666666667	0.153846153846154	0.38	0.352941176470588
5421888	0.4375	0.545454545454545	0.5	0.826086956521739	0.586206896551724	0.55
3910505	0.48	0.426229508196721	0.1875	0.34375	0.428571428571429	0.620689655172414
3214523	0.235294117647059	0.0344827586206897	0	0.161290322580645	0.12962962962963	0.0666666666666667
2663948	0.833333333333333	0.676923076923077	0.5	0.827586206896552	0.796875	0.807692307692308
3645669_1	0.0666666666666667	0.0208333333333333	0.166666666666667	0.2	0.2	0.227272727272727
3645669_2	0.0666666666666667	0.0208333333333333	0.166666666666667	0.2	0.2	0.227272727272727
3645669_3	0.0666666666666667	0.0208333333333333	0.166666666666667	0.2	0.2	0.227272727272727
6236654	0.461538461538462	0.341463414634146	0.461538461538462	0.628571428571429	0.345454545454545	0.521739130434783
4565804	1	1	0.923076923076923	0.888888888888889	0.880597014925373	0.84
2915206	0.35	0.4	0.285714285714286	0.228571428571429	0.21875	0.136363636363636
3909206	0.35	0.196428571428571	0.125	0.0952380952380952	0.333333333333333	0.272727272727273
4722329_1	0.19047619047619	0.344262295081967	0.571428571428571	0.375	0.490566037735849	0.363636363636364
4722329_2	0.19047619047619	0.344262295081967	0.571428571428571	0.375	0.490566037735849	0.363636363636364
2982618	0.4	0.568627450980392	0.307692307692308	0.45	0.46	0.7
5534291	0.5	0.386363636363636	0.4375	0.611111111111111	0.285714285714286	0.421052631578947
1322529	0.411764705882353	0.627906976744186	0.538461538461538	0.375	0.548387096774194	0.461538461538462
4043835	0.333333333333333	0.246153846153846	0.0666666666666667	0.205128205128205	0.322033898305085	0.0434782608695652
4525446	0.0952380952380952	0	0	0.105263157894737	0.111111111111111	0.166666666666667
3790450	0.529411764705882	0.461538461538462	0.631578947368421	0.2	0.402777777777778	0.318181818181818
6359023	0.45	0.51219512195122	0.692307692307692	0.454545454545455	0.634615384615385	0.7
4081941	1	0.727272727272727	0.714285714285714	0.733333333333333	0.844444444444444	0.863636363636364
3337578	0.3125	0.215686274509804	0.263157894736842	0.0416666666666667	0.105263157894737	0.125
1385821	0.826086956521739	0.794117647058823	0.823529411764706	0.533333333333333	0.69811320754717	0.791666666666667
6310021	0.91304347826087	0.876923076923077	0.875	0.682926829268293	0.815384615384615	0.684210526315789
2519541	0.727272727272727	0.646153846153846	0.833333333333333	0.903225806451613	0.773584905660377	0.8125
5587806_1	0.333333333333333	0.174603174603175	0.214285714285714	0.259259259259259	0.388888888888889	0.192307692307692
5587806_2	0.333333333333333	0.174603174603175	0.214285714285714	0.259259259259259	0.388888888888889	0.192307692307692
3395857	0	0.0158730158730159	0.0909090909090909	0.162162162162162	0.132352941176471	0.08
6390655	0.565217391304348	0.839285714285714	0.6875	0.682926829268293	0.580645161290323	0.678571428571429
6031596	1	0.830508474576271	0.75	0.972222222222222	0.88135593220339	0.826086956521739
4122915	0.44	0.261538461538462	0.357142857142857	0.264705882352941	0.307692307692308	0.04
4181132	0.55	0.622950819672131	0.588235294117647	0.433333333333333	0.722222222222222	0.703703703703704
6597237	0.666666666666667	0.375	0.230769230769231	0.52	0.436363636363636	0.357142857142857
5799972	0.583333333333333	0.441860465116279	0.428571428571429	0.705882352941177	0.450980392156863	0.454545454545455
3203767	0.5	0.627906976744186	0.714285714285714	0.633333333333333	0.723404255319149	0.928571428571429
3792736	0.19047619047619	0.193548387096774	0	0.0967741935483871	0.2	0.111111111111111
4182265_1	0.5	0.435483870967742	0.25	0.257142857142857	0.414285714285714	0.352941176470588
4182265_2	0.5	0.435483870967742	0.25	0.257142857142857	0.414285714285714	0.352941176470588
3766865	0.8	0.87719298245614	0.916666666666667	0.62962962962963	0.810344827586207	0.75
4023845_1	0.80952380952381	0.737704918032787	0.933333333333333	0.891891891891892	0.87719298245614	0.928571428571429
4023845_2	0.80952380952381	0.737704918032787	0.933333333333333	0.891891891891892	0.87719298245614	0.928571428571429
4023845_3	0.80952380952381	0.737704918032787	0.933333333333333	0.891891891891892	0.87719298245614	0.928571428571429
1946899	0.4	0.294117647058824	0.0588235294117647	0.333333333333333	0.288888888888889	0.142857142857143
1389652	0.5	0.462962962962963	0.428571428571429	0.75	0.5	0.571428571428571
6387124	0.3125	0.357142857142857	0.35	0.590909090909091	0.507462686567164	0.545454545454545
3043430	0.909090909090909	1	0.9375	0.815789473684211	0.873239436619718	0.888888888888889
5932436	0.333333333333333	0.303571428571429	0.25	0.3	0.537037037037037	0.44
2325045_1	0.625	0.581818181818182	0.764705882352941	0.523809523809524	0.631578947368421	0.869565217391304
2325045_2	0.625	0.581818181818182	0.764705882352941	0.523809523809524	0.631578947368421	0.869565217391304
2722648	0.666666666666667	0.836363636363636	1	0.685714285714286	0.666666666666667	0.758620689655172
2239167	0.565217391304348	0.655737704918033	0.722222222222222	0.62962962962963	0.727272727272727	0.827586206896552
3356262	0.722222222222222	0.862068965517241	1	0.933333333333333	0.915254237288136	0.8
3069628	0.866666666666667	0.946428571428571	0.8	1	0.838235294117647	0.958333333333333
6499696	0.0434782608695652	0.235294117647059	0.0909090909090909	0.0357142857142857	0.132352941176471	0.0869565217391304
2184921	0.176470588235294	0.03125	0.157894736842105	0.130434782608696	0.2	0.0833333333333333
1723778	0.294117647058824	0.0847457627118644	0.0769230769230769	0.233333333333333	0.2	0.285714285714286
3176512	0.578947368421053	0.723404255319149	0.777777777777778	0.6	0.815384615384615	0.818181818181818
4185387	0.5625	0.758064516129032	0.833333333333333	0.769230769230769	0.677966101694915	0.5
3737218	0.210526315789474	0.447761194029851	0.153846153846154	0.428571428571429	0.265625	0.428571428571429
4355964_1	0.291666666666667	0.321428571428571	0.647058823529412	0.421052631578947	0.272727272727273	0.269230769230769
4355964_2	0.291666666666667	0.321428571428571	0.647058823529412	0.421052631578947	0.272727272727273	0.269230769230769
4355964_3	0.291666666666667	0.321428571428571	0.647058823529412	0.421052631578947	0.272727272727273	0.269230769230769
2750054	0.363636363636364	0.358490566037736	0.230769230769231	0.0833333333333333	0.21875	0.25
2924728	0.6	0.613636363636364	0.6875	0.470588235294118	0.507692307692308	0.823529411764706
6400347	0	0.131147540983607	0.1875	0	0.078125	0.04
1147514	0.6875	0.28	0.416666666666667	0.407407407407407	0.352941176470588	0.428571428571429
424354	0.818181818181818	0.720930232558139	0.933333333333333	0.896551724137931	0.869565217391304	0.9375
588224	0.8	0.627450980392157	0.642857142857143	0.714285714285714	0.774193548387097	0.894736842105263
4882245_1	0.214285714285714	0.19672131147541	0.470588235294118	0.37037037037037	0.253968253968254	0.333333333333333
4882245_2	0.214285714285714	0.19672131147541	0.470588235294118	0.37037037037037	0.253968253968254	0.333333333333333
3994325	0.04	0.206896551724138	0.266666666666667	0.0689655172413793	0.105263157894737	0.1
6508895	0.521739130434783	0.766666666666667	0.923076923076923	0.75	0.691176470588235	0.769230769230769
4675690	0.260869565217391	0.469387755102041	0.666666666666667	0.45	0.435483870967742	0.6
1295541	0.8	0.933333333333333	0.684210526315789	0.78125	0.844827586206897	0.866666666666667
5863638	0.631578947368421	0.722222222222222	0.4375	0.541666666666667	0.642857142857143	0.6875
5830081	0.15	0.333333333333333	0.1875	0.416666666666667	0.363636363636364	0.206896551724138
516101	0.72	0.8	0.733333333333333	0.902439024390244	0.714285714285714	0.678571428571429
4473068	0.652173913043478	0.55	0.625	0.888888888888889	0.565217391304348	0.588235294117647
4852605_1	0.454545454545455	0.469387755102041	0.7	0.523809523809524	0.355555555555556	0.444444444444444
4852605_2	0.454545454545455	0.469387755102041	0.7	0.523809523809524	0.355555555555556	0.444444444444444
1435951	0.578947368421053	0.465116279069767	0.538461538461538	0.444444444444444	0.392857142857143	0.208333333333333
5355684	0.210526315789474	0.0535714285714286	0.0588235294117647	0.235294117647059	0.18	0.136363636363636
2345465	0.91304347826087	0.918032786885246	0.916666666666667	1	0.852459016393443	1
2517161_1	0.5	0.442307692307692	0.769230769230769	0.615384615384615	0.540983606557377	0.421052631578947
2517161_2	0.5	0.442307692307692	0.769230769230769	0.615384615384615	0.540983606557377	0.421052631578947
5505324	0.117647058823529	0.25	0.142857142857143	0.142857142857143	0.0845070422535211	0.130434782608696
4762156	0.952380952380952	0.824561403508772	0.928571428571429	1	0.927272727272727	0.9
4817020	0.0909090909090909	0.173076923076923	0	0.205882352941176	0.263888888888889	0.222222222222222
940069	0.333333333333333	0.365853658536585	0.545454545454545	0.617647058823529	0.557377049180328	0.411764705882353
4858552_1	0.5	0.618181818181818	0.470588235294118	0.725	0.516666666666667	0.727272727272727
4858552_2	0.5	0.618181818181818	0.470588235294118	0.725	0.516666666666667	0.727272727272727
3019683	0.181818181818182	0.472727272727273	0.4	0.346153846153846	0.406779661016949	0.421052631578947
2120568	0.916666666666667	0.796610169491525	0.923076923076923	0.666666666666667	0.841269841269841	0.739130434782609
6220700	0.0714285714285714	0.1875	0.2	0.321428571428571	0.32258064516129	0.2
4440842	0.388888888888889	0.347826086956522	0.25	0.352941176470588	0.25	0.2
2883656	0.0833333333333333	0.129032258064516	0.166666666666667	0	0.0285714285714286	0.105263157894737
533727_1	0.944444444444444	0.745098039215686	0.75	0.909090909090909	0.770833333333333	0.875
533727_2	0.944444444444444	0.745098039215686	0.75	0.909090909090909	0.770833333333333	0.875
2868821	0.3125	0.218181818181818	0.133333333333333	0.137931034482759	0.116666666666667	0.125
4544445	0.15	0.189655172413793	0	0	0.12962962962963	0.0869565217391304
3590226	0.0666666666666667	0.0392156862745098	0	0.189189189189189	0.109090909090909	0.0769230769230769
6375287	0.181818181818182	0.111111111111111	0.153846153846154	0.261904761904762	0.258064516129032	0.0666666666666667
4248776	0.0476190476190476	0.195652173913043	0.266666666666667	0.0571428571428571	0.169230769230769	0.25
1647501	0.384615384615385	0.622222222222222	0.272727272727273	0.645161290322581	0.551724137931034	0.588235294117647
410359	0.347826086956522	0.451612903225806	0.461538461538462	0.633333333333333	0.454545454545455	0.352941176470588
3416751	0.411764705882353	0.392857142857143	0.2	0.241379310344828	0.274193548387097	0.125
1318717	0.0476190476190476	0.327272727272727	0.333333333333333	0.285714285714286	0.26530612244898	0.380952380952381
2744824	0.352941176470588	0.189655172413793	0.125	0.363636363636364	0.273972602739726	0.315789473684211
4313906	0.785714285714286	0.968253968253968	0.941176470588235	0.857142857142857	0.873015873015873	0.95
3376526_1	0.411764705882353	0.372093023255814	0.588235294117647	0.27027027027027	0.477611940298507	0.291666666666667
3376526_2	0.411764705882353	0.372093023255814	0.588235294117647	0.27027027027027	0.477611940298507	0.291666666666667
3376526_3	0.411764705882353	0.372093023255814	0.588235294117647	0.27027027027027	0.477611940298507	0.291666666666667
2500877	0.3	0.220338983050847	0.4	0.230769230769231	0.421875	0.321428571428571
5339806	0.2	0.488372093023256	0.307692307692308	0.285714285714286	0.339285714285714	0.285714285714286
1097966	0	0.238095238095238	0.176470588235294	0.173913043478261	0.145833333333333	0.2
1436022	0.882352941176471	0.810344827586207	0.692307692307692	0.96969696969697	0.789473684210526	0.826086956521739
3628027	0	0.120689655172414	0.166666666666667	0	0.0701754385964912	0.0833333333333333
1736233	0.315789473684211	0.12	0.0769230769230769	0.275862068965517	0.225806451612903	0.227272727272727
2766241	0.727272727272727	0.661764705882353	0.833333333333333	0.9	0.709090909090909	0.68
4299760	0	0.0357142857142857	0	0	0.104477611940299	0.08
5804604	0.0526315789473684	0.119047619047619	0	0	0.137931034482759	0.0869565217391304
3041548	0.952380952380952	0.871428571428571	1	1	0.907692307692308	0.962962962962963
2217684_1	0.230769230769231	0.277777777777778	0.142857142857143	0.411764705882353	0.232142857142857	0.4
2217684_2	0.230769230769231	0.277777777777778	0.142857142857143	0.411764705882353	0.232142857142857	0.4
4402413	0.222222222222222	0.105263157894737	0.0952380952380952	0.0454545454545455	0.218181818181818	0.105263157894737
2069399	0.125	0.323076923076923	0.266666666666667	0.461538461538462	0.3125	0.19047619047619
2451177	0.666666666666667	0.575	0.6	0.774193548387097	0.659574468085106	0.7
2967563	0.733333333333333	0.564102564102564	0.684210526315789	0.571428571428571	0.686274509803922	0.777777777777778
2216485	0.166666666666667	0.267857142857143	0.0714285714285714	0.075	0.191176470588235	0.133333333333333
2394174	0.526315789473684	0.684210526315789	0.666666666666667	0.733333333333333	0.779661016949153	0.807692307692308
5334804	0.80952380952381	0.861538461538462	0.857142857142857	0.638888888888889	0.818181818181818	0.8125
2954271	0.636363636363636	0.522388059701492	0.411764705882353	0.297297297297297	0.455882352941176	0.458333333333333
2329540	0.25	0.405797101449275	0.214285714285714	0.194444444444444	0.296296296296296	0.222222222222222
1177698	0.904761904761905	0.833333333333333	0.9375	0.818181818181818	0.716417910447761	0.807692307692308
24298	0.25	0.268292682926829	0.153846153846154	0.25	0.291666666666667	0.5
2609168_1	0.421052631578947	0.372881355932203	0.333333333333333	0.5	0.526315789473684	0.388888888888889
2609168_2	0.421052631578947	0.372881355932203	0.333333333333333	0.5	0.526315789473684	0.388888888888889
5090218	0.80952380952381	0.737704918032787	0.714285714285714	0.848484848484849	0.833333333333333	0.947368421052632
3387308	0.0714285714285714	0.244444444444444	0.230769230769231	0.3	0.387096774193548	0.260869565217391
2734970	0.954545454545455	0.80327868852459	0.9	0.96875	0.901639344262295	0.851851851851852
3290817	0.681818181818182	0.53968253968254	0.75	0.638888888888889	0.576923076923077	0.8
3706041_1	0.294117647058824	0.304347826086957	0.142857142857143	0.117647058823529	0.212765957446809	0.368421052631579
3706041_2	0.294117647058824	0.304347826086957	0.142857142857143	0.117647058823529	0.212765957446809	0.368421052631579
1891822	0.866666666666667	0.904761904761905	1	1	0.880597014925373	0.941176470588235
2656329	0.863636363636364	0.92	0.833333333333333	0.775	0.927536231884058	0.925925925925926
3018219	1	0.885245901639344	0.882352941176471	0.954545454545455	0.96078431372549	0.904761904761905
5251906	0.764705882352941	0.458333333333333	0.583333333333333	0.6	0.612244897959184	0.473684210526316
1058225	0.277777777777778	0.397058823529412	0.666666666666667	0.516129032258065	0.431034482758621	0.368421052631579
6501929	0.210526315789474	0.227272727272727	0.142857142857143	0.0555555555555556	0.136986301369863	0.0454545454545455
6467772_1	0.285714285714286	0.348484848484849	0.333333333333333	0.388888888888889	0.316666666666667	0.105263157894737
6467772_2	0.285714285714286	0.348484848484849	0.333333333333333	0.388888888888889	0.316666666666667	0.105263157894737
5702739	0.666666666666667	0.672727272727273	0.85	0.794871794871795	0.681159420289855	0.521739130434783
3426359	0.782608695652174	0.569230769230769	0.733333333333333	0.761904761904762	0.633333333333333	0.782608695652174
525659	0.210526315789474	0.285714285714286	0.333333333333333	0.166666666666667	0.205479452054795	0.227272727272727
1896900	0.91304347826087	0.787878787878788	0.80952380952381	1	0.857142857142857	0.833333333333333
723919	0.458333333333333	0.375	0.3125	0.228571428571429	0.431372549019608	0.307692307692308
5490644	0.647058823529412	0.84	0.714285714285714	0.91304347826087	0.827586206896552	0.75
4886712	0.5	0.6875	0.692307692307692	0.631578947368421	0.568965517241379	0.5
4406882	0.36	0.369230769230769	0.411764705882353	0.606060606060606	0.388059701492537	0.347826086956522
3698692	0	0.0967741935483871	0	0.0869565217391304	0.0169491525423729	0.0476190476190476
2803000	1	0.9375	0.941176470588235	1	0.892857142857143	1
1028739	0.866666666666667	0.888888888888889	1	1	0.909090909090909	0.954545454545455
3024077	0.470588235294118	0.509090909090909	0.352941176470588	0.481481481481481	0.614285714285714	0.636363636363636
5810178	1	0.892857142857143	0.944444444444444	0.966666666666667	0.982142857142857	0.964285714285714
2616444	0.333333333333333	0.409836065573771	0.6875	0.459459459459459	0.509803921568627	0.5
5765912	0.708333333333333	0.535714285714286	0.470588235294118	0.545454545454545	0.465753424657534	0.434782608695652
3339940	0.210526315789474	0.276595744680851	0.25	0.0833333333333333	0.153846153846154	0.166666666666667
2747794	0.705882352941177	0.6	0.777777777777778	0.608695652173913	0.76271186440678	0.72
5683509	0.526315789473684	0.377777777777778	0.5	0.391304347826087	0.285714285714286	0.4375
1362477	0.166666666666667	0.107692307692308	0	0.0645161290322581	0.0476190476190476	0.0833333333333333
4722518_1	0.461538461538462	0.41304347826087	0.545454545454545	0.269230769230769	0.520833333333333	0.411764705882353
4722518_2	0.461538461538462	0.41304347826087	0.545454545454545	0.269230769230769	0.520833333333333	0.411764705882353
956778	0.357142857142857	0.384615384615385	0.5	0.411764705882353	0.387755102040816	0.259259259259259
6118246	0.5	0.5625	0.571428571428571	0.76	0.571428571428571	0.434782608695652
3243049	0.333333333333333	0.232142857142857	0.222222222222222	0.05	0.194444444444444	0.235294117647059
1928462_1	0.5	0.553571428571429	0.411764705882353	0.681818181818182	0.48936170212766	0.476190476190476
1928462_2	0.5	0.553571428571429	0.411764705882353	0.681818181818182	0.48936170212766	0.476190476190476
5414032	0.315789473684211	0.384615384615385	0.2	0.153846153846154	0.272727272727273	0.294117647058824
3593076	0.375	0.381818181818182	0.538461538461538	0.523809523809524	0.304347826086957	0.454545454545455
6285276	0	0.0731707317073171	0.0833333333333333	0.0714285714285714	0.169230769230769	0.125
3558362	0.578947368421053	0.555555555555556	0.5	0.761904761904762	0.68	0.55
978040_1	0.478260869565217	0.603448275862069	0.705882352941177	0.666666666666667	0.586206896551724	0.461538461538462
978040_2	0.478260869565217	0.603448275862069	0.705882352941177	0.666666666666667	0.586206896551724	0.461538461538462
4469270	0.133333333333333	0.274193548387097	0.333333333333333	0.3125	0.381818181818182	0.263157894736842
954587	0.6875	0.698412698412698	0.8	0.857142857142857	0.666666666666667	0.608695652173913
5325117_1	0.315789473684211	0.325	0.473684210526316	0.529411764705882	0.426470588235294	0.28
5325117_2	0.315789473684211	0.325	0.473684210526316	0.529411764705882	0.426470588235294	0.28
4014360_1	0.142857142857143	0.26	0.111111111111111	0.08	0.142857142857143	0.2
4014360_2	0.142857142857143	0.26	0.111111111111111	0.08	0.142857142857143	0.2
4257745	0.263157894736842	0.257575757575758	0.2	0.4	0.379310344827586	0.1875
483593	0.384615384615385	0.508196721311475	0.666666666666667	0.428571428571429	0.490196078431373	0.428571428571429
2562045	0.411764705882353	0.456140350877193	0.285714285714286	0.4	0.545454545454545	0.55
4011361	0.722222222222222	0.546875	0.5625	0.714285714285714	0.682539682539683	0.736842105263158
2074731_1	0.666666666666667	0.723404255319149	0.6	0.709677419354839	0.650793650793651	0.695652173913043
2074731_2	0.666666666666667	0.723404255319149	0.6	0.709677419354839	0.650793650793651	0.695652173913043
4770780	0.133333333333333	0.340425531914894	0.285714285714286	0.242424242424242	0.28125	0.428571428571429
2201457	0.611111111111111	0.444444444444444	0.333333333333333	0.470588235294118	0.566037735849057	0.433333333333333
5408584	1	0.868852459016393	0.923076923076923	0.857142857142857	0.905405405405405	0.807692307692308
3455940	0.75	0.644444444444444	0.583333333333333	0.571428571428571	0.732142857142857	0.8125
168793	0.263157894736842	0.416666666666667	0.5	0.466666666666667	0.333333333333333	0.478260869565217
1503601	0.818181818181818	0.859375	1	0.935483870967742	0.873239436619718	0.782608695652174
4392619	0.277777777777778	0.25531914893617	0.294117647058824	0.228571428571429	0.421875	0.333333333333333
4681762_1	0.823529411764706	0.8	0.7	0.68	0.816666666666667	0.653846153846154
4681762_2	0.823529411764706	0.8	0.7	0.68	0.816666666666667	0.653846153846154
3732022	0.526315789473684	0.622222222222222	0.473684210526316	0.448275862068966	0.567164179104478	0.407407407407407
3268424	0.3125	0.471698113207547	0.444444444444444	0.533333333333333	0.5	0.375
3064901	0.6	0.369230769230769	0.333333333333333	0.448275862068966	0.385714285714286	0.409090909090909
6442958	0.80952380952381	0.703703703703704	0.941176470588235	0.681818181818182	0.732394366197183	0.681818181818182
5966927	0.0833333333333333	0.0731707317073171	0.133333333333333	0.0833333333333333	0.0980392156862745	0.235294117647059
929342	0.375	0.480769230769231	0.555555555555556	0.5	0.456140350877193	0.619047619047619
4575683	0.409090909090909	0.355932203389831	0.529411764705882	0.375	0.521739130434783	0.347826086956522
2099747	0.818181818181818	0.9	0.772727272727273	0.833333333333333	0.915492957746479	0.894736842105263
6104549	0.842105263157895	0.836065573770492	0.818181818181818	0.69047619047619	0.80327868852459	0.84
4035135_1	0.833333333333333	0.859649122807018	0.692307692307692	0.814814814814815	0.828571428571429	0.724137931034483
4035135_2	0.833333333333333	0.859649122807018	0.692307692307692	0.814814814814815	0.828571428571429	0.724137931034483
2275161	0.941176470588235	0.903225806451613	0.947368421052632	1	0.864406779661017	0.9
2924058	0.466666666666667	0.674418604651163	0.5	0.6	0.563636363636364	0.5
3921268	0.130434782608696	0.2	0.166666666666667	0.233333333333333	0.215384615384615	0.2
6427074	0.857142857142857	0.8	0.857142857142857	0.838709677419355	0.686274509803922	0.772727272727273
2585934	0.333333333333333	0.228070175438596	0.470588235294118	0.241379310344828	0.301587301587302	0.321428571428571
3009537	0.571428571428571	0.532258064516129	0.590909090909091	0.484848484848485	0.432835820895522	0.666666666666667
262953	0.35	0.32258064516129	0.571428571428571	0.294117647058824	0.328125	0.421052631578947
5355985	0.3125	0.363636363636364	0.384615384615385	0.19047619047619	0.25	0.25
3223237_1	0.3125	0.238095238095238	0.210526315789474	0.347826086956522	0.385964912280702	0.25
3223237_2	0.3125	0.238095238095238	0.210526315789474	0.347826086956522	0.385964912280702	0.25
3223237_3	0.3125	0.238095238095238	0.210526315789474	0.347826086956522	0.385964912280702	0.25
3716619	0.823529411764706	0.862745098039216	0.714285714285714	0.783783783783784	0.870967741935484	0.793103448275862
461602	0.611111111111111	0.777777777777778	0.611111111111111	0.777777777777778	0.7	0.68
3714894	0.25	0.14	0.235294117647059	0.230769230769231	0.222222222222222	0.111111111111111
3714710	0.133333333333333	0.265625	0.2	0.148148148148148	0.185185185185185	0.0952380952380952
5419685_1	0.263157894736842	0.244444444444444	0.25	0.305555555555556	0.15625	0.275862068965517
5419685_2	0.263157894736842	0.244444444444444	0.25	0.305555555555556	0.15625	0.275862068965517
2884139	0.833333333333333	0.852459016393443	0.941176470588235	0.833333333333333	0.844827586206897	0.909090909090909
6294794	0.368421052631579	0.345454545454545	0.45	0.333333333333333	0.328571428571429	0.333333333333333
5842341	0.466666666666667	0.488372093023256	0.666666666666667	0.454545454545455	0.595744680851064	0.625
3470521_1	0.5	0.565217391304348	0.473684210526316	0.56	0.457627118644068	0.55
3470521_2	0.5	0.565217391304348	0.473684210526316	0.56	0.457627118644068	0.55
3470521_3	0.5	0.565217391304348	0.473684210526316	0.56	0.457627118644068	0.55
6385615	0.888888888888889	0.791666666666667	0.875	0.880952380952381	0.869565217391304	0.956521739130435
3000496	0.9375	0.84375	0.7	0.892857142857143	0.8125	0.875
2919576	0.466666666666667	0.488888888888889	0.375	0.5	0.517857142857143	0.476190476190476
3716919	0.533333333333333	0.533333333333333	0.785714285714286	0.64	0.575757575757576	0.545454545454545
6510296	0.777777777777778	0.651515151515151	0.666666666666667	0.75	0.609375	0.75
6479327	0.285714285714286	0.367647058823529	0.428571428571429	0.4	0.363636363636364	0.260869565217391
3320025	0.666666666666667	0.773584905660377	0.8	0.705882352941177	0.8	0.68
3666533	0.739130434782609	0.72463768115942	0.647058823529412	0.815789473684211	0.779411764705882	0.72
4453344	0.823529411764706	0.701492537313433	0.789473684210526	0.787878787878788	0.76056338028169	0.777777777777778
5316879	0.761904761904762	0.702127659574468	0.666666666666667	0.764705882352941	0.724137931034483	0.80952380952381
1759152	0.764705882352941	0.821428571428571	0.75	0.767441860465116	0.818181818181818	0.909090909090909
2526728_1	0.875	0.833333333333333	0.714285714285714	0.777777777777778	0.830985915492958	0.84
2526728_2	0.875	0.833333333333333	0.714285714285714	0.777777777777778	0.830985915492958	0.84
5872332	0.291666666666667	0.206896551724138	0.25	0.258064516129032	0.175675675675676	0.260869565217391
3845024	0.454545454545455	0.358208955223881	0.428571428571429	0.4375	0.426666666666667	0.346153846153846
2999701	0.388888888888889	0.508196721311475	0.578947368421053	0.592592592592593	0.492957746478873	0.5
3172016	0.0909090909090909	0.12962962962963	0.181818181818182	0.147058823529412	0.173333333333333	0.2
5801925	0.736842105263158	0.678571428571429	0.705882352941177	0.714285714285714	0.722222222222222	0.6
5859831	0.368421052631579	0.314814814814815	0.4375	0.393939393939394	0.344827586206897	0.25
5131462_1	0.65	0.691176470588235	0.736842105263158	0.722222222222222	0.745098039215686	0.65
5131462_2	0.65	0.691176470588235	0.736842105263158	0.722222222222222	0.745098039215686	0.65
2609687	0.315789473684211	0.298245614035088	0.363636363636364	0.375	0.387096774193548	0.380952380952381
6295783	0.5	0.5	0.470588235294118	0.5	0.462962962962963	0.454545454545455
