0.677642909781532
0.534229922790151
0.534229922790151
0.534229922790151
0.574844356635806
0.509375097335235
0.472919859298685
0.410958904109589
0.427686160425618
0.412889054852482
0.412889054852482
0.412889054852482
0.408376963350786
0.38089227850713
0.422924910485037
0.4544442130502
0.4544442130502
0.364640883977901
0.334693498551309
0.333449801017807
0.351099359714933
0.386729628199277
0.381230947327803
0.386372623574145
0.386372623574145
0.267869430617143
0.267869430617143
0.294681596018082
0.293685863330431
0.400698644557896
0.242305672822313
0.341574097339621
0.277400118283488
0.287464089918464
0.429280151442578
0.334165974402946
0.36209100634852
0.291260546886783
0.339614654409332
0.329038172604344
0.405852882558944
0.339691555044447
0.391902379845386
0.249545971090207
0.250188826670139
0.314654612304778
0.258953306372374
0.252555037464509
0.25076043583308
0.263987933090151
0.246387222726974
0.27814002512846
0.269942761255592
0.20907418761496
0.20907418761496
0.231381129022923
0.266665488883197
0.235788134888971
0.330244467765536
0.27409726835197
0.243920750989912
0.241935483870968
0.280755891186135
0.275374047204173
0.253829565886263
0.255970410932337
0.248294909757362
0.173913043478261
0.219833242937465
0.251784426618039
0.251784426618039
0.25186370717838
0.25186370717838
0.237686404988256
0.237686404988256
0.233253909444075
0.256128648794695
0.244722465928491
0.186436525752359
0.212522689551162
0.227320618831688
0.277501208135404
0.200747436706937
0.241486068111455
0.23642772576053
0.220830731691786
0.220830731691786
0.304458866552722
0.24132207443917
0.232565095734972
0.227295634484313
0.252651350890543
0.252651350890543
0.252651350890543
0.216845050721932
0.200589226632971
0.258919718488746
0.170419369189369
0.3304852835488
0.21253358137482
0.21253358137482
0.21253358137482
0.205641805838395
0.212389380530973
0.217617295253847
0.242883339948405
0.18159143594932
0.24444616674449
0.221024883573388
0.201687061573064
0.217585733074062
0.140222880185744
0.140222880185744
0.140222880185744
0.20402247471224
0.23924838313184
0.187500000000001
0.18258844148466
0.196013664648693
0.303601365082999
0.303601365082999
0.137193921909957
0.137193921909957
0.198035048516571
0.20805079209795
0.232004122403679
0.24977391671535
0.203018447969456
0.167146310162254
0.193548387096774
0.185666181350093
0.217494186019256
0.20918555885799
0.179452506197908
0.170790164224701
0.168270788246708
0.168270788246708
0.154946011280319
0.201857635123841
0.201857635123841
0.190803247432191
0.165200679377255
0.198829124315907
0.198829124315907
0.198829124315907
0.211773608009017
0.167331372074095
0.139658891871189
0.131887334353883
0.157574424600621
0.173424195416913
0.0710585711412291
0.16425107382166
0.16425107382166
0.238550694202617
0.150852853918383
0.150852853918383
0.146295653360373
0.202382987064716
0.193872969493076
0.146871543263634
0.146871543263634
0.173153825997521
0.188875965069589
0.201486456861694
0.17194438287913
0.152175175823558
0.204448433281361
0.0493332004750385
0.13278390007593
0.192059913441886
0.126362885645403
0.126362885645403
0.140913939107594
0.168171918872136
0.138070095651947
0.152746988643489
0.172850887622461
0.236171242191993
0.236171242191993
0.0835261049880907
0.140888983105543
0.140888983105543
0.169171093794027
0.147598682901525
0.144135526590261
0.179965160877683
0.110854211948295
0.150469588300518
0.121274876676081
0.159684260449956
0.159684260449956
0.171739637551286
0.171139874884828
0.139123384702569
0.155746044237093
0.223048072826735
0.130834630603143
0.119411691113841
0.168939985430944
0.164515408178112
0.163300099877167
0.227131003268796
0.147712670807047
0.144546646686541
0.15877397408736
0.135410351621704
0.135410351621704
0.15264373389149
0.154695044474605
0.165215218922771
0.165674505112143
0.140372882036414
0.157559041871644
0.157559041871644
0.184716321369053
0.184716321369053
0.184716321369053
0.141506970266002
0.174957274255253
0.126541262957776
0.126541262957776
0.176381130649555
0.176381130649555
0.130586804247257
0.19056361177791
0.151048951048951
0.157903242374513
0.168304564325609
0.168235354538147
0.127711622184003
0.147133397964085
0.162964950857429
0.162964950857429
0.148493682983103
0.148493682983103
0.0930617337249959
0.120028883008855
0.157171424963504
0.155549977883605
0.14088152297185
0.137475859960015
0.175856926828526
0.14551464585615
0.166803692158083
0.160486772911089
0.115753778565871
0.115753778565871
0.167703716252332
0.158714129754442
0.143603711731783
0.142928717302939
0.142928717302939
0.0827131371296773
0.160493214503163
0.151650592358441
0.145575880723217
0.145747019226527
0.127394604836501
0.135872002553565
0.127939677864211
0.190111538212538
0.129584254113443
0.150199756405698
0.21560118898626
0.21560118898626
0.185234497095969
0.183310105607033
0.224314400835844
0.133997719745456
0.150088019018937
0.150088019018937
0.126043811993459
0.104775138289912
0.152683041997092
0.132258220910457
0.149964234873785
0.215694165140363
0.132559661115886
0.134658203598669
0.130875477386675
0.150188711986465
0.130080008346704
0.223693528214885
0.223693528214885
0.155874891280216
0.109391669997925
0.109391669997925
0.148515182333287
0.176699190110537
0.176699190110537
0.12621590527682
0.128587835230045
0.128587835230045
0.128587835230045
0.153976345958987
0.134495671652198
0.134495671652198
0.0893398993481892
0.123720243388028
0.10272681588636
0.0864666095988817
0.143192322514173
0.134651135846393
0.104493454813773
0.128485691767002
0.160194411265601
0.132466008161412
0.195697355983275
0.172107624401095
0.118861279481497
0.117814965794721
0.117814965794721
0.104214082442748
0.0963670209666646
0.125868472621984
0.114380150210749
0.160364650885656
0.0858082041164284
0.126711295406912
0.145587412163304
0.152694494849461
0.131506753541736
0.155098824408527
0.131477868149537
0.186210190054104
0.123594837199521
0.123594837199521
0.123594837199521
0.15171685700777
0.115240148401456
0.144843249035482
0.144843249035482
0.107575104859377
0.144289627683242
0.13430241973796
0.136793428505179
0.131868131868132
0.1657431486158
0.123544880873496
0.128492815235252
0.104674826165974
0.104674826165974
0.104674826165974
0.160658465956382
0.0934379013253869
0.0934379013253869
0.0923563502532785
0.099134298908086
0.108665255410328
0.0840158838296784
0.145390747364359
0.220253679255991
0.0769126540964553
0.187190713377887
0.175159453701359
0.11570275103472
0.125991439955125
0.115097488257352
0.115097488257352
0.0481277829520211
0.104846981000728
0.117834066413225
0.117834066413225
0.117834066413225
0.0966921580139573
0.121500917961095
0.107834734078771
0.134671685577112
0.120152791142091
0.107453261682878
0.112724430289042
0.150209046977723
0.152269605873738
0.119956433869267
0.103188037115286
0.0989243401614111
0.0989243401614111
0.109873048475989
0.108298707875454
0.108298707875454
0.147435071967251
0.11532160170618
0.132134831460674
0.129699684466056
0.129699684466056
0.117605206947449
0.134442196729848
0.137532509145003
0.0863805162029123
0.132789060760487
0.0806802149848694
0.0806802149848694
0.0564602177147144
0.102585062043284
0.110174736131842
0.136320961037883
0.0653404308971099
0.138844678739699
0.0538383930646372
0.0866052128391585
0.0620547854738795
0.0620547854738795
0.130999475620863
0.162793593739806
0.117357445631369
0.0817700441942967
0.141495146194694
0.156049005215283
0.0976103084201476
0.0818625909309712
0.0888869192753721
0.105762903132085
0.153074188587057
0.0949536664316048
0.0829005763642377
0.0865870848746553
0.0865870848746553
0.104624001223244
0.110188764712921
0.106285493094695
0.106285493094695
0.1115309340761
0.0898800221941018
0.0750726937204906
0.10520453697583
0.159678523473726
0.0888268111807382
0.118060631778743
0.0978479778999159
0.146010680883119
0.0611205285746869
0.0707844185207252
0.0800299243882782
0.160517117046277
0.124294788450889
0.0725312926084956
0.090695615058988
0.117000083843318
0.126588795624834
0.113656816306208
0.100771889013467
0.141873824681372
0.130472705152028
0.0906904500730347
0.0745821198820743
0.0887320570019506
0.0857042619989924
0.102155636733677
0.118657253648712
0.120373593016967
0.0613950155134719
0.0613950155134719
0.0922512969870677
0.105019660010019
0.0856179775280896
0.0856179775280896
0.0792349632912301
0.0792349632912301
0.0873320628006527
0.0630806630801627
0.0534056315817677
0.0534056315817677
0.0857338856615771
0.0979350327790396
0.0979350327790396
0.0979350327790396
0.112398070366388
0.112398070366388
0.0572123415276782
0.114267243206024
0.135968085924777
0.135968085924777
0.135968085924777
0.072600666133271
0.0592253882716877
0.0876079988094946
0.0953669041804563
0.135841163521219
0.0886168023076815
0.14465859427472
0.123246523514028
0.123246523514028
0.0980824370720703
0.0860982762501749
0.098952910276173
0.143986763322587
0.0875114416475974
0.0736965988720064
0.112349412720128
0.0682819094145085
0.0398349502626328
0.136127344952634
0.0907125234225593
0.0886361849862438
0.112373166041264
0.105813046589137
0.0996688204623758
0.118519753190586
0.0935193303161193
0.142511312028387
0.0759733318892911
0.0975972655071885
0.124089366825895
0.0697719584018597
0.100978642320602
0.100978642320602
0.121282907564943
0.0536886408270605
0.0761722533730469
0.0846869309795399
0.0788899114936856
0.0789629796181525
0.0521056014758565
0.128553986419861
0.128553986419861
0.0446019732679812
0.104588392138591
0.109632743768209
0.0814346515392888
0.0948525153024111
0.0778631056743243
0.0843283241488308
0.0867248074668846
0.0867248074668846
0.103758258057498
0.0862514945151724
0.0999700039765403
0.0741981551416224
0.11142252560117
0.0873138587217887
0.0927747302748267
0.0706011956637527
0.0907882397889213
0.102335797294112
0.0488319970607778
0.124607717794284
0.082680745899445
0.0636185365703648
0.131852164574914
0.127134068950398
0.0778851474357845
0.0978048813103796
0.0978048813103796
0.126263789489594
0.0706514696510079
0.132336149624683
0.149148893526085
0.108310692081344
0.0883922011338267
0.0883922011338267
0.0752889837963123
0.0601601239546383
0.0585993038147738
0.0585993038147738
0.0802176289270119
0.0566533957748191
0.0997807637875196
0.0979808086163852
0.0762355715263091
0.0774689282256241
0.055509974730069
0.0730169271741998
0.126727317704325
0.0462692389844559
0.108609376036785
0.107994052232862
0.0945757149700377
0.0911888075693227
0.0888030844924411
0.105016471114781
0.0781248800241589
0.0781248800241589
0.0681558846507168
0.107354418182327
0.103476078834938
0.0948569430322443
0.0909090909090909
0.0884751895136807
0.0843430750853278
0.0843430750853278
0.0649996786105827
0.0961817380749141
0.110527135864879
0.0811335875089489
0.0699799817657856
0.0552182753403191
0.0669381950643235
0.0795394066218978
0.0795394066218978
0.0979347472346556
0.0350719399212819
0.0797048505988797
0.0986895731914413
0.0986895731914413
0.0986895731914413
0.102719321320978
0.102719321320978
0.10930030495609
0.0769175126599929
0.084754541128268
0.084754541128268
0.0723289537500875
0.0739844517606508
0.0739844517606508
0.0648763220205973
0.0897607473959557
0.0518813661943393
0.078593532789564
0.0767601319986093
0.058560127654775
0.0613042057318965
0.0680441033455223
0.0144212173833889
0.0421110510330388
0.0421110510330388
0.0994495407640692
0.0581584799053556
0.0738643424126332
0.06032721333131
0.0518036600757152
0.0772550383761649
0.078920839133983
0.063201338147867
0.069297485654522
0.0598701561828572
0.0721873323745876
0.117510574877691
0.100647737489879
0.0541722649553097
0.076801988923201
0.076801988923201
0.0614918256789546
0.0957911108922867
0.0957911108922867
0.0861821949280515
0.092271917436606
0.081261015733285
0.12498862004562
0.0813554342070437
0.0813554342070437
0.0813554342070437
0.0764331210191085
0.0347431726779353
0.0308228639167323
0.0788855266835594
0.0788855266835594
0.0419083600718204
0.0577551311223601
0.089279842416501
0.0937426668415327
0.0283988719554161
0.0934232995713998
0.0634026202362212
0.0634026202362212
0.0799129481297147
0.0729637378381133
0.0854405435853106
0.0816377137151806
0.0892550003085359
0.0555673663944739
0.0555673663944739
0.0555673663944739
0.047828804230402
0.0604248900601667
0.0464324086256878
0.0648448218590576
0.0722232350646363
0.0722232350646363
0.0750182069240106
0.0486333205210163
0.0358799288467023
0.0953245438147888
0.0603850947640208
0.0961738843821184
0.054808423462812
0.0817866943736736
0.0733087775872757
0.067635002113763
0.0661068858774768
0.046772511903602
0.0373328319813961
0.0373328319813961
0.0545460098985433
0.0437007497466162
0.0834359143069313
0.0900544741102522
0.0472748531243583
0.0914800585704675
0.0492835334460721
0.0948007870355047
0.0540005854039113
0.0434629871765208
0.0434629871765208
0.0633124216040225
0.0487986600399558
0.0487986600399558
0.0487986600399558
0.0855875090167876
0.053483076955542
0.0563694824723562
0.0445590051727511
0.0497301957080076
0.0731526148617424
0.0731526148617424
0.0967002818102066
0.0388689385575215
0.0892008227279664
0.068693937739695
0.0575267255267379
0.034978601201328
0.0579707981980007
0.0558018813597651
0.0773879209593268
0.0754363456674406
0.0921621133206127
0.0921621133206127
0.0921621133206127
0.0572638326334606
0.0688263334246857
0.0837510265106176
0.0779191788785187
0.057160527187594
0.0537835390390571
0.0517829590262174
0.0517829590262174
0.0664879644098222
0.087855680591758
0.0803281638397589
0.0483919165531073
0.0458993035582593
0.0592444074675457
0.0358801555904128
0.0685993513798805
0.0536687635971353
0.0536687635971353
0.0694835848591382
0.0474289599027463
0.0525881902944638
0.067121369838772
0.067121369838772
0.0252935421788246
0.0475066699969461
0.0706438515043149
0.0545896387015898
0.0543152898597357
0.0543152898597357
0.0440154384632904
0.0670741137001982
0.0525786947791675
0.026729585011627
0.0497099537154886
0.0551272752594973
0.0551272752594973
0.041448661087334
0.0743457323068264
0.0569990939020181
0.0430919640047217
0.0639587557104533
0.0886332518362611
0.0433296359009886
0.062153472097833
0.0697311311835443
0.0458874672578034
0.052271909483277
0.0590027487092484
0.0590027487092484
0.0590027487092484
0.0323688424959755
0.0420609538695474
0.0515012351877379
0.0608341310478147
0.0640998638734921
0.0509767290178345
0.0474941691764429
0.059461293865839
0.0561123861669601
0.054343745446388
0.0545096043567036
0.0545096043567036
0.045121205973238
0.0675631584576144
0.0227848677279022
0.0334653793994942
0.0436017470758486
0.0481395255393909
0.0419239891821343
0.0512578438574992
0.0313034607629861
0.0444957179614929
0.06488445408738
0.0231948258725413
0.0231948258725413
0.046617422688452
0.0574149121177117
0.0416883407343428
0.0447468741498801
0.0534061065499975
0.0534061065499975
0.053746273367429
0.0349996711231362
0.0354722798856621
0.0506830108430393
0.0733492682665275
0.0485488354968667
0.0476536141129194
0.0476536141129194
0.062091214409312
0.0383831400136856
0.0202607698275323
0.0530186237820764
0.0323387870841536
0.0544735692847375
0.0316425566946336
0.0386392000526683
0.0464129089692948
0.0554036167829271
0.0547945858650205
0.0431196156868141
0.0345517896695706
0.0569708317072504
0.0391004514990146
0.03214196824809
0.0270733141903704
0.0317353583369769
0.0442274027029518
0.0396294448252374
0.0396294448252374
0.0258203522900859
0.0482816086244489
0.0508030456111765
0.0338687288861828
0.0338687288861828
0.0347025915621008
0.0345238963242686
0.040834094201709
0.0396615410662508
0.0397112435566736
0.0397112435566736
0.0355187871184047
0.0416061390592402
0.0416180934795173
0.0416180934795173
0.0317070217400648
0.0317070217400648
0.0395701081921108
0.0400479294120477
0.0402862567946612
0.031706615000467
0.00933528582987612
0.00933528582987612
0.0475868072061017
0.0397357387111969
0.0455787132921614
0.0438630209091983
0.0359365120559448
0.0583819989690619
0.0223711614835885
0.030461511518531
0.030461511518531
0.0254013881334931
0.0274543001005476
0.0364136873815833
0.0561255315269274
0.0362019877662927
0.0281181115453256
0.0276278952646397
0.0256857321152404
0.0214817250973978
0.0275561658312178
0.0275561658312178
0.0325591646969698
0.0243364197146419
0.00881418033806909
0.0273083863636945
0.0349127402823199
0.0274024460018863
0.0445842934063339
0.0270604611992198
0.0229491380635651
0.0229491380635651
0.0229491380635651
0.0216563688106545
0.0263239502817108
0.0209753441243396
0.0249094375309577
0.0136229177814226
0.0136229177814226
0.0179574393016026
0.00937002566475561
0.0332710365687558
0.00877097579623315
0.00877097579623315
0.00877097579623315
0.0256440666363785
0.0512628230486837
0.0101290215518613
0.0405029922667624
0.0216743323192025
0.0186469523485609
0.0190566583191461
0.0170941211479863
0.00951420150927705
0.0134189927049779
0.0221018972037416
0.0213301925885845
0.0213301925885845
0.00959420041359801
0.00836775747035715
0.0213181429214128
0.0121191719832414
0.0115172719808475
0.0185776297708562
0.00852002151835913
0.00852002151835913
0.00605843335780419
0.00177514978849853
