0.666666666666667
0.693140455904968
0.214459507020281
0.46875
0.119307200077747
0.424418277446356
0.383134344991938
0.350713749060856
0.363802246383471
0.258311615246601
0.0161640544524733
0.247572477274052
0.313322537675237
0.313322537675237
0.301382490473951
0.107568722139553
0.214534476383685
0.214534476383685
0.3249499155107
0.25624212411587
0.192025996197977
0.102018058226324
0.235878247565803
0.207426846642553
0.295962939410363
0.0188835726147861
0.0188835726147861
0.279743661329137
0.135426390010014
0.0245108116509922
0.0817738649746108
0.204351991801933
0.168547671004191
0.0175947051025859
0.226069793884296
0.105596392067473
0.0919581907846281
0.282294827800694
0.158846567396275
0.209103872843131
0.109139963711691
0.127447483934593
0.180151593012145
0.180151593012145
0.0819601040803443
0.110162789591235
0.297910521522843
0.0349476627947434
0.0592162928549709
0.0592162928549709
0.21028538616379
0.0325241698880307
0.136677761149455
0.12611665818925
0.295961482112987
0.0962193039252731
0.0962193039252731
0.156442151022822
0.0209779698234528
0.235818771031369
0.14465997268516
0.271480173433889
0.176981146535867
0.157736707457825
0.15465880449913
0.135534366947649
0.0615104140217071
0.0615104140217071
0.111687875517446
0.120485069333571
0.0110877359690156
0.0110877359690156
0.0442946269399005
0.0442946269399005
0.0442946269399005
0.199823535956649
0.117460883249529
0.117460883249529
0.181700356948163
0.196797322063752
0.196797322063752
0.15875040397748
0.208184587792632
0.208184587792632
0.160015938853388
0.160015938853388
0.194978262100449
0.165016364123463
0.212330967482827
0.106727409792277
0.122054022968157
0.130035690019486
0.0965981425782855
0.0799844306177705
0.0415709225524985
0.163617549218054
0.162104249781098
0.162104249781098
0.156661956727409
0.0676391736565599
0.244425758338139
0.0116561701393348
0.125618986165688
0.0845160170749952
0.1312599394476
0.1000389071053
0.0995944693523382
0.0482769271649934
0.0482769271649934
0.116151465606161
0.0811835015674278
0.0643458980452678
0.0640739684281935
0.12989108878098
0.0516116236456284
0.0296982849465057
0.117974875240724
0.0911696001351365
0.0681326776862726
0.19592755561616
0.0430746618010775
0.128610777234732
0.134414020007109
0.141412156094206
0.147880318938975
0.0232065898534359
0.13700138746548
0.0658802580776444
0.14395758307814
0.0424758117958912
0.134613539369924
0.0847660840150156
0.0725427957677651
0.183991612580422
0.111243210590881
0.104378558806204
0.149497310778822
0.181246828793496
0.0574251187935396
0.0574251187935396
0.0574251187935396
0.115092125690178
0.0424721682786292
0.0633235756453346
0.0924387594250546
0.120077302661948
0.118883709437669
0.141192729724246
0.141192729724246
0.100191435768262
0.0232042725062559
0.11566491023386
0.141354493826603
0.125523012552301
0.0920156714783255
0.0559585598423875
0.0559585598423875
0.118623801892019
0.0869139338077468
0.0699051684628623
0.0417151314920593
0.0804752300253455
0.0804752300253455
0.14920142733641
0.106360391118891
0.102998377940366
0.0879155188004365
0.0754348483921398
0.13840350938711
0.0864162358902723
0.140925318444096
0.103886255466859
0.103886255466859
0.0927019654982668
0.0898436230801011
0.0898436230801011
0.0805718482252142
0.110889613339524
0.0672841383508959
0.0672841383508959
0.0632282431899327
0.0715247151163253
0.0509978580013174
0.0924998916550334
0.0711374797024998
0.104594376714467
0.104594376714467
0.098770360477798
0.0768829514335833
0.125971225695859
0.125231379516473
0.12174467394797
0.11808374415545
0.109295647966812
0.089532018532789
0.089532018532789
0.115708894968429
0.0441723650417225
0.0441723650417225
0.122629632353276
0.122629632353276
0.088794926004228
0.0855627920490037
0.0849616049351319
0.0709683489850122
0.0709683489850122
0.146030167818395
0.0683580241557864
0.121658986175115
0.0850764535831633
0.130586376140268
0.111167698607149
0.0439387988632362
0.0816643270171186
0.0816643270171186
0.0871166393948004
0.119761395466257
0.0461037864280753
0.083063764745465
0.0430262213356188
0.0430262213356188
0.0414820426550147
0.0785481527877628
0.0863309352517986
0.0733004650725891
0.0252367561593753
0.0796005353334634
0.0796005353334634
0.0806157081900415
0.0865020484804621
0.0673120603242002
0.0891643533471843
0.097208570099266
0.0961357246548791
0.0729603782043089
0.0827842162223313
0.0632232025499744
0.0799589606825365
0.0798194541290896
0.0621187408920696
0.0875467503052773
0.102702338432509
0.0714152706915605
0.0714152706915605
0.0808755143876274
0.0808755143876274
0.0808755143876274
0.0429809571397128
0.102646678871536
0.0973376912523628
0.0252540621457975
0.108598436329816
0.0823348903679018
0.0857536671992148
0.0848009321509391
0.0709056904711569
0.108981265951158
0.083929103530637
0.0132527441039275
0.06071306030938
0.0574152217895686
0.06225817552995
0.0337619227053659
0.0104046180503823
0.0327648360066433
0.0341266414497568
0.0468155412024796
0.0762950042702337
0.115497982226412
0.115497982226412
0.0661021482679666
0.0661021482679666
0.0685102667587849
0.100974102882139
0.100974102882139
0.0645045507006178
0.0964395778873287
0.0265727466254116
0.064047617354146
0.0699110453199629
0.0362101866426382
0.0773318372261645
0.0688351285468261
0.0722891566265053
0.0572477752102843
0.0502714255164192
0.0273226814446555
0.0739577749458644
0.0687397708674309
0.0719173041135322
0.0827290825866536
0.0665645487029658
0.0406685681966559
0.0602343422077032
0.0217476266267554
0.0583179351625075
0.0583179351625075
0.0610427527369516
0.0708630326487645
0.0345163058335492
0.0656136952761757
0.0458310372419187
0.0303313695658102
0.0403362190223605
0.0508242333120193
0.0661002749009448
0.0478385612456971
0.060623635102135
0.0415386167814167
0.0645021571735803
0.044263466858132
0.0650222865376044
0.0508072152978619
0.0304267470891743
0.0304267470891743
0.0304267470891743
0.0717036469358559
0.0541859243645051
0.0493522194196642
0.0291992885048174
0.0659324178452063
0.0751321499078599
0.0473080772345504
0.0628158932317589
0.0778838926150348
0.0481775370950577
0.0578498891093734
0.0807033951100554
0.0612710420592065
0.0629389753030413
0.0351756827526454
0.0230697767191214
0.0465846609185423
0.0253059976705336
0.0577616255093226
0.0529863361205066
0.0364071440315394
0.0640011727095285
0.0172033788210219
0.0694899440640052
0.0696641463030158
0.0804831367805179
0.0131880513874145
0.0256275983522534
0.0296996982268839
0.0684250102466641
0.0545222397393919
0.0337891059359402
0.0191822730765339
0.0287108105338962
0.0335693013683065
0.0158388574749477
0.0602449549360072
0.0480095554496646
0.0339717327137805
0.024725111460534
0.0504600762190878
0.040783089618908
0.0321639861528421
0.0479751790396399
0.0552885450343428
0.0443902655155656
0.0583226480546138
0.021787633209979
0.0491321739232031
0.0310823846754181
0.0422839196833041
0.0295043787255494
0.0328286935559142
0.0513766549025376
0.0282047740244342
0.035209816220566
0.0464370887972609
0.016284177647234
0.0185240205061562
0.0297147927257523
0.0297147927257523
0.0413953870181333
0.038400018191086
0.0378466014434285
0.0330626479263459
0.0314631225215269
0.0387923364375111
0.0361624728148724
0.0300208155722809
0.0517449991840275
0.0370814724270569
0.0370814724270569
0.0245523991651781
0.0276309300267682
0.023389138448697
0.0234610267493052
0.0165624714806742
0.0182654885696482
0.0333061633724954
0.020969047456821
0.0445620933422353
0.0445620933422353
0.0445620933422353
0.0206216012812811
0.0151961980397461
0.0155210835494501
0.0228859587183963
0.0264597800957574
0.0104981433703883
0.0104981433703883
0.0317270445682465
0.0372816763241876
0.0140582025241471
0.015852965623111
0.0155491702234494
0.0193586613162974
0.019412155618651
0.0320675458221035
0.0320675458221035
0.00979153982646923
0.0103325962760282
0.0181064149319091
0.00183975727581759
0.0109235956958895
0.0126140244838469
0.00698819196360734
0.015527913813785
0.015527913813785
0.00898376750337197
