1
1
1
1
1
1
1
0.941802790684975
1
1
1
0.869070794504594
0.869070794504594
0.869070794504594
0.952861952861953
0.792847455617001
0.934579439252337
0.935441407926743
0.935441407926743
0.960840266172097
0.88135593220339
0.88135593220339
0.777133899663484
0.777133899663484
0.811356583252558
0.670381061532656
0.679245283018868
0.273568080958898
0.765957446808511
0.0657692307692307
0.0657692307692307
0.726258354478664
0.675521690300025
0.766157349723682
0.908598737164145
0.681986459618138
0.752129255486244
0.752129255486244
0.721001349247535
0.581742427463273
0.562382928316961
0.710053219106956
0.73066722006823
0.644725367345788
0.738987962825401
0.679381088542788
0.652960655645069
0.64151630804228
0.040836202797908
0.697703931804416
0.587468942225405
0.660371118778345
0.611764705882353
0.685367160979096
0.671127797497006
0.671127797497006
0.671127797497006
0.522448811068026
0.588612153461153
0.648153062965048
0.621585039610913
0.645033040310684
0.349514563106795
0.461590506635284
0.625000000000001
0.625000000000001
0.508199208248119
0.695851313475833
0.555077125091603
0.253603423926519
0.253603423926519
0.556733016111793
0.60670411753812
0.227176417328853
0.227176417328853
0.227176417328853
0.680272108843537
0.473118279569892
0.602739726027397
0.0347826086956522
0.641620158732212
0.676555290211643
0.533384156025665
0.606678896891028
0.581173459952142
0.581173459952142
0.671210613756563
0.671210613756563
0.544378698224852
0.554407806595148
0.698720166032515
0.643094348466769
0.585010876033595
0.507076951492099
0.273141928085641
0.404716820454249
0.485576923076922
0.555075660681254
0.520054815325735
0.59422965558146
0.498148760558678
0.498148760558678
0.487870526756606
0.487870526756606
0.60431654676259
0.552845528455285
0.501304076370599
0.501304076370599
0.453138573765924
0.440871131531953
0.628578087491552
0.499009180221481
0.538774355921508
0.538774355921508
0.499510809804584
0.406442287033406
0.244621505555798
0.488977502243173
0.488977502243173
0.287272727272728
0.371588690013298
0.371588690013298
0.44384294654684
0.451311283154887
0.419520797661829
0.488881408340834
0.487422822910176
0.436974789915966
0.353701522139771
0.388021531026098
0.430887075590805
0.338853882411312
0.53299221610536
0.307188547885058
0.578507455361484
0.157894736842105
0.444094468130698
0.476549921435954
0.470588235294117
0.436709461756587
0.436709461756587
0.436709461756587
0.163575423972107
0.421308758360467
0.299423149714515
0.440165261309236
0.405645518152105
0.477652285979163
0.246913580246914
0.514651084175267
0.31561296914052
0.361302883261379
0.382422866972405
0.382422866972405
0.532175286221871
0.514455657400631
0.32013292716699
0.471119971472367
0.546161556474113
0.314302559412277
0.367504594586176
0.23085023521793
0.447634360503831
0.43119209132529
0.253004926108374
0.379529377885478
0.351182043127283
0.376135088344485
0.530475067548865
0.398751817434252
0.413315364548609
0.40787512942233
0.40787512942233
0.335268126711512
0.335268126711512
0.512228046087967
0.375913971456545
0.33761199840372
0.394747314903045
0.336126510021642
0.337285558691253
0.297990377582767
0.347454000855798
0.317969668788325
0.293608490511759
0.246284801183632
0.36682571733352
0.355860038079656
0.231920454979155
0.425531914893618
0.260743303475444
0.260743303475444
0.289876589902017
0.289876589902017
0.333487708433702
0.322808078754325
0.351291117737791
0.419746601614809
0.424330830396483
0.250170758975903
0.387558522226858
0.212396693758398
0.297901578642833
0.343661971830986
0.322772993980401
0.410039720680991
0.410039720680991
0.345185160326862
0.386190369297138
0.310472144732739
0.325005399505826
0.36272404470338
0.393091430729602
0.315135528007688
0.315135528007688
0.43758283840621
0.211886253071869
0.310191560195917
0.252784382430234
0.252784382430234
0.252784382430234
0.371801078660782
0.328477823319859
0.29309296367259
0.321888224992512
0.41025641025641
0.294193548387097
0.0659456927267454
0.27530993449131
0.27530993449131
0.317216755932361
0.294397737793372
0.342236670120876
0.342236670120876
0.295365040631472
0.328744939271255
0.328744939271255
0.246694621109858
0.335974157134271
0.261951722210545
0.40540573166846
0.381816599878275
0.328081660139741
0.283211990110252
0.333333333333334
0.41288501996538
0.335710120701887
0.317059456470091
0.258354402761126
0.32692836138423
0.142338925358619
0.351093584764345
0.246915900286974
0.246915900286974
0.246915900286974
0.311759364949329
0.17076661362263
0.361262188392057
0.361262188392057
0.347361723423626
0.347361723423626
0.304722274543041
0.291593277264088
0.338361961662933
0.339974407486631
0.455508564434159
0.233445725930127
0.376693363900879
0.265279788816327
0.361633228422669
0.249276844680262
0.245072416572168
0.307466695283734
0.227273103916873
0.227273103916873
0.229559615859149
0.319087011441982
0.36385809223691
0.163265393439037
0.264096185737977
0.281282925954493
0.187064718928522
0.187064718928522
0.137071268999956
0.113224051904107
0.113224051904107
0.231752769516882
0.231752769516882
0.185837161815125
0.322701488813108
0.322701488813108
0.199396577192062
0.25387013835539
0.264865557915628
0.340217154397769
0.296921047008213
0.334706294507751
0.381305857247555
0.381305857247555
0.298162348517832
0.298162348517832
0.288286402924774
0.284394203759472
0.313248228810969
0.403332515433372
0.242126020378843
0.140682830282038
0.15122866616709
0.15122866616709
0.261456599845525
0.284291408680217
0.178404274896571
0.319915692862221
0.327331268009578
0.327331268009578
0.175944107768806
0.175944107768806
0.23578988013503
0.23578988013503
0.28100553890907
0.28100553890907
0.234238344160373
0.256737308694973
0.256737308694973
0.246066841694906
0.295951957739734
0.342823304797055
0.193729845420637
0.193729845420637
0.253098115354227
0.377618878217573
0.377618878217573
0.182672718256675
0.301522787229336
0.255676895891739
0.255676895891739
0.255676895891739
0.255717881418467
0.324283242708848
0.324283242708848
0.336906032184212
0.336906032184212
0.21955932369465
0.228772440038505
0.16112199418279
0.190165363262101
0.245615298408545
0.225759444368117
0.225759444368117
0.352344000084425
0.145921991774176
0.145921991774176
0.267223191551987
0.267223191551987
0.267223191551987
0.107489833082772
0.34589800443459
0.232958988599988
0.273428824615111
0.215958931463028
0.215958931463028
0.206784449175961
0.19525125233057
0.26271681827681
0.213322031503849
0.274392580587908
0.26109776875307
0.303566601279181
0.0390950205012424
0.14730148877236
0.149989816234739
0.203831309771992
0.12577286272782
0.181375592287619
0.181375592287619
0.214326160570179
0.184615384615384
0.437730932671589
0.212746673258353
0.247798494360214
0.24771489780634
0.2659256466165
0.2659256466165
0.207537066384283
0.289108890962725
0.255948650136293
0.260854489164087
0.260854489164087
0.184872991074951
0.165116229658192
0.250580055059767
0.18696533104444
0.219839895642508
0.223615985809985
0.255100136278384
0.238424751745126
0.206970994624277
0.163988443858465
0.163988443858465
0.117969414337198
0.112974779596413
0.201862297335131
0.201862297335131
0.223822062072892
0.236076894544798
0.155062435137
0.155062435137
0.15798835966129
0.115390267862498
0.17757515135071
0.206258254137549
0.118262170720674
0.244719980033279
0.21036269456995
0.212229056346011
0.167617024658818
0.196249513059566
0.0826947802552162
0.156629370568048
0.187613298055544
0.17849650659187
0.123773430611337
0.14786355283361
0.181578458892835
0.216875544534549
0.166849250324439
0.23076923076923
0.204925874784207
0.25376969978456
0.0608591699041624
0.175583670372276
0.211210273427247
0.211210273427247
0.151747766571669
0.153983014541942
0.18305540760527
0.201209646443387
0.201209646443387
0.179132376349145
0.179132376349145
0.185992905431695
0.200744211155455
0.181517747218222
0.211099419054531
0.116552462593597
0.209140191241331
0.0299125009256908
0.237837837837838
0.237837837837838
0.185733389494759
0.160064558609329
0.192991462101825
0.192991462101825
0.219419348425868
0.229088488582213
0.183813478792269
0.210828499994149
0.1925044698134
0.218246755610738
0.176819072857557
0.33021270202359
0.20695860343636
0.119736772209319
0.155281282089458
0.27753559888255
0.181149776383195
0.194444306728209
0.167250514756921
0.148643883892399
0.125630249400543
0.209706576666857
0.194236076439095
0.172599065070503
0.156451729945234
0.245615062516471
0.228820999558176
0.214370995668941
0.143717460908744
0.172528587128365
0.172528587128365
0.160365180954552
0.164699680703778
0.221857946958213
0.17377650462589
0.199607818725099
0.219648052554574
0.22241975308642
0.193539379139138
0.2367803195955
0.2367803195955
0.216761021681643
0.170090488327629
0.170090488327629
0.199982139828914
0.220799962324589
0.179880645642092
0.0957441944477727
0.0210055835545024
0.192447897836287
0.192447897836287
0.102206542444877
0.102206542444877
0.237189240727162
0.173941953548294
0.157252211601003
0.16174731554353
0.131866303516982
0.0568800242876798
0.21129214151388
0.110849668646704
0.131494814194592
0.0961723040888218
0.180610676678662
0.149082837591464
0.0397569733295784
0.0527477710683673
0.117798853676716
0.253269192917571
0.157815125330485
0.108200562802591
0.194203451234627
0.164895882154863
0.195380005665635
0.195380005665635
0.175441772949561
0.0414069378134827
0.0875417370933889
0.173475026801715
0.137032241572631
0.0392881025912639
0.140436965587388
0.131947460498253
0.131947460498253
0.13264398917681
0.119656150729273
0.185791901237072
0.164412242227445
0.164412242227445
0.185125688902729
0.185125688902729
0.12375320858865
0.234087481146305
0.139296159896742
0.223350253807107
0.0601465895909651
0.0115334440607561
0.187978356967327
0.1415728031946
0.1415728031946
0.208074643095163
0.129781214635986
0.107954809115897
0.0516922528728503
0.19336560606694
0.135664434318288
0.114356142119927
0.177963373887898
0.070059911797323
0.105230026537429
0.104981538154914
0.0564361351491609
0.14737120685486
0.0643199288587845
0.135254360370651
0.10873728723004
0.10873728723004
0.12244629900683
0.114900526282083
0.0386176531954968
0.083459735519222
0.18173506401748
0.134317950326029
0.136609740547643
0.136609740547643
0.148727535028423
0.197615792667399
0.170759992259082
0.0699025967005822
0.0922807017107943
0.195859322770062
0.165514439821726
0.0434186746088959
0.0718457234389688
0.0767938586776575
0.108329921274528
0.108329921274528
0.119854493080297
0.10073317609879
0.0997053573348818
0.162721396435812
0.178718662952646
0.176037554234726
0.198568403741392
0.194182275785296
0.174368725802583
0.131683121269387
0.197770089605647
0.197770089605647
0.123637242559949
0.112439287971061
0.109878013905697
0.0974279893427898
0.157826847819212
0.14114766915213
0.173125168588861
0.0820521833758235
0.0513892143243197
0.15027930825913
0.0214874857823946
0.159468908626409
0.124576043783063
0.160326572266871
0.108997669451779
0.132390071843581
0.223293056490792
0.0820565392862097
0.166337283518054
0.114297030667219
0.101214824150475
0.132750870257704
0.131595875133916
0.0919596589959323
0.0919596589959323
0.106452788917244
0.00545788031481678
0.189253782274284
0.13085832368558
0.124112173077704
0.124112173077704
0.127406972816261
0.0897305869677214
0.218449737263876
0.140120360231893
0.0118164131482379
0.102735093680968
0.173913043478261
0.128874889502719
0.122395195969296
0.194134972467665
0.146836372828889
0.0734271630918653
0.130355847546913
0.130355847546913
0.118555799211626
0.0336489564186449
0.145913657353808
0.115750693293095
0.103395088130023
0.0420045639804286
0.131841118778304
0.0547450828304527
0.0547450828304527
0.13093660081562
0.13093660081562
0.0573648151121006
0.185772269537143
0.146971237750148
0.0822485825814939
0.0641702927263022
0.0491153777173113
0.00648135403498543
0.146562591956323
0.117695015494778
0.117695015494778
0.117695015494778
0.100710480348834
0.121957036944275
0.0855634679625721
0.0520786258789453
0.0409799553145207
0.0623415094459217
0.130232491627247
0.112602704785175
0.140604687220467
0.151351351351351
0.167937397061194
0.143176708583809
0.155631833475995
0.171020518846606
0.105079315410262
0.0979735703375677
0.0768248354455252
0.123046291471911
0.123046291471911
0.112552797385116
0.114534911063147
0.144578313253012
0.189327671878843
0.0553543182444704
0.0553543182444704
0.133525515487927
0.0452505339786131
0.0600453142392495
0.149626431011158
0.114437962634694
0.0760084135715726
0.0760084135715726
0.12773962183566
0.12773962183566
0.0345949812501569
0.0345949812501569
0.0809150421735337
0.0728153560019681
0.0687199837068861
0.0707501989435488
0.126208727657506
0.114110865704024
0.122240924580609
0.0722771799890819
0.00684104055827442
0.131850379961843
0.0914905371284683
0.0914905371284683
0.0732251446250242
0.095130733589315
0.087773912830343
0.0704776739478093
0.0150903601135093
0.138680191991263
0.0568754670239767
0.111245394870626
0.0582867678967093
0.115396869899576
0.11518646551402
0.121510274268748
0.128481527149838
0.127908893687499
0.127494928591376
0.0990049762729095
0.0155896323515121
0.0403372311563757
0.00759298178042401
0.087662418356673
0.0969426690255832
0.0969426690255832
0.0222860051796005
0.0967402183654645
0.0717516458136398
0.0717516458136398
0.0708311154493809
0.0849089102997308
0.0585435012829307
0.0951927067448624
0.087205350995647
0.0631095875547809
0.110229461626538
0.0547387265105884
0.102564102564102
0.0286666782282162
0.109006044719903
0.105403213051375
0.0634180658165341
0.162513254769301
0.0197016063539189
0.0698245945403725
0.0403139961728094
0.0876405812163919
0.10024440073164
0.0969998611205535
0.0578431573297769
0.0401974371640614
0.10472181084047
0.10472181084047
0.0334992568826817
0.0563595442715908
0.0891407203595673
0.0839929072119611
0.113387667906053
0.0242564289397452
0.0658182060304826
0.0936664900820701
0.0936664900820701
0.0430932050944837
0.0257140341092554
0.0202797052710203
0.0891813319262961
0.0549378167893043
0.0999917267079853
0.0634870669500243
0.0631403609094274
0.0574333690813992
0.0106260719356139
0.059475606013762
0.100379746835443
0.114526837383601
0.0674127397011675
0.0900150715031265
0.0347125730884503
0.0307113495800441
0.0242015583017754
0.0250218068535825
0.0250218068535825
0.116785135303654
0.0919490960644406
0.015518433857569
0.0302560731409183
0.03893338934441
0.0180858810532735
0.0180858810532735
0.0884506421254164
0.112910835288739
0.0621295361748393
0.0621295361748393
0.0211664678976933
0.0333992529282091
0.142231730750183
0.0674155350987877
0.0309895149674419
0.0645932500641118
0.0300208934159727
0.0918575728879627
0.0103204666320017
0.0660165451604599
0.0660165451604599
0.072512920415846
0.0880060605625189
0.0325225727690148
0.0815969846074706
0.0697973342800021
0.0914153035093327
0.0475765337482648
0.0461492150120532
0.0461492150120532
0.0461492150120532
0.025810448902952
0.0119085676321988
0.0119085676321988
0.0430370532139475
0.0377747335417373
0.0586187072165036
0.0666011363846667
0.090130590080192
0.0914980993356483
0.0822257978612959
0.0348850270503172
0.0348850270503172
0.0734177275716705
0.0276111486753246
0.00418200968500756
0.0708509751988012
0.0838658574878459
0.0885674066362954
0.082118937268512
0.10806794847841
0.00443435686915333
0.101788446932445
0.0457740506810694
0.00976246208127715
0.051190975988136
0.051190975988136
0.0253779029856764
0.0241020838758791
0.0130091079892604
0.0199248258338491
0.0802910169719468
0.0250729787935583
0.0250729787935583
0.0620557203589742
0.0258072587819934
0.0326613501452153
0.0279197709769332
0.0181338215685289
0.115235302552526
0.0681014318927664
0.0167717250204844
0.0821740683220111
0.0821740683220111
0.0461182011883364
0.0686129237432186
0.0543690791758891
0.0257595223863795
0.0444738727258996
0.0444738727258996
0.0476809830784548
0.0624499718674598
0.0263397066581672
0.0393541458146918
0.00404065438143107
0.0680768122110001
0.0764162803569754
0.0897884690154667
0.0353947836136441
0.0201760565768492
0.0604624535322578
0.0386430753414887
0.0927924818881739
0.000623774119560088
0.000623774119560088
0.0449050621132762
0.0300744317828566
0.0489084347587333
0.028979189971674
0.0210378592296558
0.0452006996249612
0.037215947035883
0.0431266320359398
0.0260552717365329
0.0466327903845081
0.055418937948802
0.0420301161737375
0.000181289617239118
0.000181289617239118
0.0100526085376491
0.0346792426296919
0.0193853050105154
0.0753854940034266
0.0372192627746486
0.0238200864382113
0.0129013333056868
0.0226782328782474
0.0208761096333243
0.0280047946079661
0.0209030030496174
0.0373871001613886
0.0192274392321549
0.00665670306187524
0.035965537844766
0.0256838335564152
0.0605266740620924
0.0184759057196069
0.0616747616477784
0.0261619940772582
0.0359444723244174
0.0415658937640344
0.0200709767482084
0.024969568815542
0.0336315934514001
0.0356183860140133
0.00217166266122415
0.0147335706343804
0.0155249973378945
0.0151804615082486
0.0186596222821697
0.0179941125253949
0.0269352267933006
0.0269352267933006
0.0396365744308358
0.0257960290395078
0.0257960290395078
0.0257960290395078
0.0181252599101798
0.0104452305395257
0.00996766911882462
0.0381824018615361
0.0209466037427581
