TARA_142	TARA_143	TARA_144	TARA_150	TARA_151	TARA_70	TARA_76	TARA_80
5674759	11	22	13	15	20	40	14	14
1319126	9	15	12	11	13	26	13	10
359282	11	22	13	11	14	23	18	10
2354244	11	22	9	11	17	28	14	10
2245599	11	20	10	14	19	22	16	14
3151821	10	15	11	12	18	49	27	9
6459987	9	13	12	11	18	28	23	10
1348512	11	15	13	9	18	29	19	9
2877139	9	24	13	11	25	41	19	9
5688613_1	11	25	13	16	13	39	14	9
5688613_2	11	25	13	16	13	39	14	9
4771684	10	14	11	9	17	30	18	11
6133117	13	31	15	12	19	34	19	15
6983350	11	23	9	10	10	31	23	15
2471156	12	18	14	9	23	44	15	10
1360226	13	24	14	10	19	48	22	11
7107781_1	11	18	11	9	15	39	20	15
7107781_2	11	18	11	9	15	39	20	15
7060685	12	22	12	9	17	39	21	15
6747749	13	16	11	11	16	50	15	11
4147812	9	24	12	10	19	27	23	10
2100445	10	24	15	16	10	39	19	14
5500675	14	29	10	12	23	31	18	11
537514	10	27	9	9	24	35	17	9
5266927	12	25	10	11	12	29	18	12
6648237_1	9	26	11	13	18	21	18	11
6648237_2	9	26	11	13	18	21	18	11
4146456	10	20	12	14	16	49	21	14
2680702	11	26	14	12	23	36	20	12
377157	13	25	16	13	11	44	17	10
4929609	15	16	12	10	15	24	20	13
2243497	12	30	10	11	24	38	18	16
2920927	9	29	10	13	19	36	18	14
5113256	11	26	13	12	18	38	19	15
4531299	11	20	10	10	19	32	17	10
440349	15	18	12	11	22	44	12	11
1402907_1	10	24	12	15	20	26	20	14
1402907_2	10	24	12	15	20	26	20	14
3618776	10	14	10	10	17	28	15	16
3116679	9	26	17	14	24	47	20	15
3988768	10	27	11	10	22	25	10	10
4668538_1	9	19	17	16	18	33	17	10
4668538_2	9	19	17	16	18	33	17	10
6964627	13	19	9	11	11	27	17	10
7116467	15	17	13	9	19	36	20	16
4549336_1	9	24	13	9	17	29	21	9
4549336_2	9	24	13	9	17	29	21	9
4646153	11	22	15	9	20	43	18	9
2325823	11	24	12	11	16	25	17	10
7054816_1	16	24	10	9	13	35	26	9
7054816_2	16	24	10	9	13	35	26	9
4027942	14	27	11	11	15	42	23	9
5026688	9	23	10	10	13	30	20	10
3486952	9	25	14	10	17	41	17	13
6754143	9	16	9	11	16	33	21	16
6001411	13	19	10	10	16	33	12	10
3456655_1	9	23	12	12	17	25	14	13
3456655_2	9	23	12	12	17	25	14	13
2737531	11	20	13	13	20	37	21	9
1488384	12	27	12	11	20	47	24	10
6482710	11	20	11	14	16	42	18	11
1540293	12	24	12	11	16	40	27	16
6549417	10	23	17	10	15	38	24	11
1159197	10	20	9	9	24	39	25	10
6098251	11	21	14	10	15	32	12	12
6155045	13	27	16	12	17	39	13	12
1588092	16	21	9	13	24	34	22	11
5980472	11	22	16	13	20	39	19	13
3895253	13	23	12	12	19	26	15	12
5170939	11	24	11	14	18	27	20	13
781869	14	25	17	11	22	34	15	9
6090529	11	28	11	15	20	39	24	11
5875013	11	27	15	11	15	22	13	10
3759684	11	19	11	11	14	44	24	12
4701992	9	23	9	10	22	31	18	14
7125925	13	19	10	13	9	45	21	14
2275818	10	26	10	11	18	24	15	14
1050078	10	25	9	9	16	35	16	13
5036587	10	20	11	13	12	29	21	14
4322294	13	25	11	13	21	50	21	14
3508899	13	19	10	11	15	43	24	10
5518914	12	28	11	13	21	37	19	13
5743773	16	28	15	11	24	27	16	9
484613	10	23	14	12	14	39	22	13
107900	10	16	10	12	15	33	17	9
4134744	12	30	15	14	17	38	16	10
817623	16	19	10	11	19	39	16	10
4499181	11	19	12	17	16	41	19	11
1823823	14	25	14	14	18	44	18	13
3428329	9	20	11	11	16	31	20	9
3681423	12	27	9	12	17	35	11	13
6413319	9	16	12	12	17	38	22	12
3232890	12	23	14	16	20	45	16	12
3022677	12	19	10	11	17	25	17	12
6193959	11	30	14	16	20	50	27	12
3716263	11	23	13	14	17	40	18	16
5470496	13	16	12	12	22	25	23	12
1585724_1	11	17	11	11	18	29	14	11
1585724_2	11	17	11	11	18	29	14	11
968357	11	21	11	17	13	37	24	11
1293953	10	30	15	17	13	35	11	13
3278033	12	13	11	9	15	40	22	16
3015108_1	16	27	16	12	25	46	21	14
3015108_2	16	27	16	12	25	46	21	14
4452986	11	28	14	10	17	35	20	12
2106751_1	10	26	12	12	19	40	21	12
2106751_2	10	26	12	12	19	40	21	12
6024728	9	20	11	14	15	34	12	11
5493425	13	24	14	13	16	39	28	14
6153295	15	25	16	12	23	46	20	12
5984487	13	23	16	10	18	39	26	12
7052341	9	27	15	10	16	30	19	9
6698062	12	25	11	9	9	37	18	9
4864738	9	13	11	9	15	27	22	10
402521	11	23	13	14	15	48	22	14
3168639	13	27	18	10	21	36	15	12
5122823	10	24	16	17	15	39	23	13
5560008	10	21	12	15	15	33	16	9
7034750	13	21	18	11	22	41	22	11
2090888	13	28	13	13	16	39	27	16
1476868	11	26	18	13	16	38	12	11
4391870	16	27	12	11	22	38	21	12
1634903	13	24	11	12	17	44	24	10
4017385	10	28	11	10	24	25	22	10
4129638	10	22	16	11	19	39	16	11
2248966	12	31	12	10	13	33	21	11
4918078	10	24	14	12	22	42	25	15
4559028	13	18	15	12	20	38	25	11
1608558	10	22	14	12	23	30	21	10
3683304	9	26	14	11	15	31	19	16
3873803	10	29	16	11	17	40	18	12
1610986	10	27	11	13	22	36	27	10
4104772	12	18	14	17	16	24	17	11
4950799	9	19	16	13	11	31	16	10
6529171	14	28	9	11	17	46	22	16
2356433	12	21	15	14	20	40	17	12
48542	9	17	10	11	23	42	24	12
4259535	16	30	15	10	21	48	27	11
5163978	12	25	12	10	19	49	24	13
6722204	10	20	10	10	15	41	24	13
1059068	13	29	15	11	23	36	21	12
6198183	10	25	13	12	16	36	26	15
3017541	15	31	10	16	18	38	25	12
3512135	9	23	17	14	20	47	23	11
5741832	12	26	13	12	19	49	25	13
4109413	13	28	11	10	19	49	24	15
4476957	12	28	17	11	14	50	21	12
4286952	9	17	9	13	17	44	24	10
