0.103875040515355
0.321776103028084
0.24777390958578
0.226919761232253
0.221705051363235
0.127827729579099
0.234027316020049
0.238896093828862
0.1850760676072
0.15848423800083
0.15848423800083
0.159431763256633
0.138005912115085
0.13019247315214
0.205608280239517
0.066887687120897
0.143839834468954
0.143839834468954
0.193246627817037
0.113045571288359
0.215151761080949
0.144411780490629
0.0966266818807435
0.122514389869206
0.162936310579033
0.125771570706074
0.125771570706074
0.0357977114086604
0.133017735387523
0.142336533643235
0.158969738528367
0.150078459921889
0.167799235895964
0.125045924767831
0.2048732885476
0.157066074421447
0.0990303573199988
0.0990303573199988
0.0868643963455627
0.0968790993131648
0.174743558632286
0.135491199871976
0.135491199871976
0.154274447008097
0.11863750411396
0.0901523940296093
0.0901523940296093
0.130315333349616
0.170553493585009
0.118454188255615
0.118454188255615
0.231768954531169
0.096162999468612
0.146213883897044
0.100162207981467
0.0974433201051873
0.0689462830463713
0.0689462830463713
0.167126978576294
0.134765449510851
0.109671495728362
0.0825121930168945
0.0703026171431369
0.0991525073985985
0.138386690835905
0.138863972998278
0.140734330299407
0.0399656891306752
0.0792793435783044
0.0942813218720229
0.19475176667425
0.0845705898845028
0.111793124872607
0.076552351755494
0.124493786532868
0.167569721681758
0.102336223216187
0.144361423979289
0.116166967007935
0.0481086238584813
0.0580376552241252
0.0381576677294565
0.0733507769353176
0.134789683750228
0.0969741172745185
0.131022073679749
0.102083675503432
0.139150302282531
0.0950300283517399
0.0824365473354357
0.143669739168836
0.0982466394825102
0.0783846472641258
0.0700498491016729
0.0955122136698984
0.107366509263676
0.0319767782038681
0.0230528580608463
0.0230528580608463
0.0853508339594755
0.0807514042107556
0.0477459519625813
0.0171576117197804
0.0171576117197804
0.0560569789131977
0.0325868478772481
0.0325868478772481
0.0841079120445011
0.0538110044405733
0.0271313788731892
0.0866670799688709
0.0949263597706009
0.0825556096248688
0.0569866343840104
0.0844384557271047
0.119931126174791
0.0931224043887438
0.0412913276377163
0.0880141403409291
0.075238986105905
0.0451956531499118
0.0922679320750339
0.0740888694398643
0.0331329353978473
0.0883062643284946
0.0663270346386724
0.0659912143424855
0.0601380493603965
0.115842260623947
0.0471996989186786
0.0175963149261181
0.0356280416122039
0.0810885105772596
0.0360331854303558
0.0334894595075564
0.024825781956566
0.0660278035583729
0.0438986431129716
0.0616646071591794
0.0566250477075897
0.037439866727336
0.0524957844733659
0.04268844172476
0.0145483478952893
0.0453078622823798
0.0412783164508578
0.0379539960307586
0.0310852208679526
