0.00982318271119806
0.767424951225144
0.362962962962963
0.133351281169483
0.133351281169483
0.254777070063694
0.654757179915062
0.654757179915062
0.303933484483792
0.275767698296843
0.126597495556462
0.112506934694915
0.338900733262193
0.25077551322235
0.25077551322235
0.471593079986613
0.354531302463818
0.604473408333464
0.604473408333464
0.456383641607833
0.0687235019165554
0.342968535698026
0.299147025321604
0.554643733655473
0.248881695771104
0.339716066305288
0.255220947862273
0.355185427552346
0.257750749515481
0.412947012618078
0.157908698691572
0.223694112139017
0.201059593548068
0.25903622894552
0.287475665152498
0.146127077296652
0.0846458869026552
0.308250006349556
0.0335037040472588
0.0925638056173804
0.303196623696707
0.347882576945323
0.347882576945323
0.0633620625483554
0.124040694225418
0.211319366472791
0.305172960738019
0.158258192966284
0.227938964431843
0.057916648248338
0.066007734225309
0.239654443845507
0.20217829238327
0.305935997041677
0.300127245913625
0.176470588235294
0.176470588235294
0.40559392784701
0.3029222339517
0.142383163053202
0.113724545262582
0.142599458758788
0.3535556891438
0.136820679560449
0.0809407556725158
0.22947645049791
0.161611194581686
0.0588436415320156
0.126644495469024
0.0721909459394876
0.0721909459394876
0.207172328427476
0.174937483267877
0.185606230429271
0.163866201071556
0.291608125539339
0.252687947496191
0.129281107997119
0.149279557157298
0.149279557157298
0.179093396612224
0.159997615960652
0.276768389472267
0.0635066532111867
0.442763611489623
0.0809408452481828
0.315191050298344
0.260786598973086
0.260786598973086
0.260786598973086
0.245805795889618
0.0921957764222324
0.216205955584279
0.123158405902162
0.059935732328387
0.239798353180265
0.327095355039436
0.14550593551252
0.267914781384854
0.144108700891212
0.070927892014821
0.15205494322152
0.169011421924808
0.125367486733641
0.132182914937829
0.149591538803388
0.17862023095727
0.189104583173069
0.176330703985461
0.0515404871629404
0.20765416320517
0.0617168597502504
0.0853292325730821
0.145482819544407
0.208319378651935
0.203876044322683
0.00626120396224047
0.197132616487455
0.123430547426355
0.164207959903221
0.210887533358263
0.202550631813653
0.202550631813653
0.133683076896908
0.195315917901879
0.103754519056648
0.155517766382934
0.0296797161851789
0.239782057439757
0.239782057439757
0.0796309429178486
0.0131873294660598
0.0131873294660598
0.0359969839644855
0.0498783698159765
0.174687957514688
0.259289038248606
0.0494065032060979
0.127710843373494
0.0591288513897762
0.128762605744103
0.0564447666861639
0.0733881009702426
0.0651602732527587
0.0651602732527587
0.0651602732527587
0.13012628648994
0.18134914123212
0.160559295702494
0.180104519441758
0.0686150681363361
0.186747951319032
0.133887483175002
0.0365497559190284
0.0842875156193838
0.181281973533474
0.123945377868347
0.185676307654031
0.160917812878171
0.325067989468085
0.156906998038125
0.0175503835783738
0.178775598833939
0.120729139772081
0.179568243973005
0.124276459351102
0.0768228127756341
0.127668674941031
0.127668674941031
0.076393621238231
0.0442949116757517
0.0892842357946637
0.188585159036826
0.118949721421475
0.169572237322592
0.0974074605246024
0.0628929210497964
0.0639119935307408
0.104197527652553
0.1382422742482
0.0733496332518338
0.138621568402639
0.216673781974591
0.113142193547145
0.0590271190648694
0.0486618004866174
0.0892549115367932
0.149182026143707
0.138651651066192
0.126053259021477
0.162628265739742
0.0783564428018594
0.147204717781489
0.0377512751946898
0.134637938342671
0.20852762706937
0.274272693594397
0.274272693594397
0.274272693594397
0.0338352931920861
0.0451425964637882
0.0557326537704159
0.0317332287264292
0.155795755032556
0.153322151469054
0.123328608997632
0.156671367332542
0.0762361071561925
0.0574686621458879
0.125246456172972
0.0371914197967209
0.111667236125604
0.12292908508517
0.0406816085066479
0.108704381178641
0.103084217424425
0.141471169634239
0.141471169634239
0.141471169634239
0.138219390248559
0.118985674563814
0.0993018572988895
0.0585997577668409
0.035751981341626
0.0962094679687125
0.0186062643560345
0.0638588569891822
0.124347140622008
0.150296961402558
0.114981674288865
0.0706750951249449
0.147039328330028
0.116153730308427
0.116153730308427
0.103752956742433
0.113636363636364
0.0864100765637135
0.0987161193824354
0.104408352668213
0.14294306975966
0.103093272766721
0.145509924385454
0.164423807543688
0.0980926516585148
0.0980926516585148
0.117386149629775
0.103737827709446
0.0287951846576439
0.0449145660377497
0.0949081169663124
0.126824599186408
0.112335566728193
0.125597864196113
0.0737399097105753
0.0300606453505925
0.0171347753054455
0.0741197916617476
0.0458523788834491
0.0510434983156714
0.0887761943690678
0.0735306861256534
0.0473775309066299
0.106440742663397
0.0772626931567326
0.0838249750373679
0.0747917495138072
0.0747917495138072
0.0695411665943169
0.0418668374781378
0.0927652127537364
0.0570957378390148
0.0570957378390148
0.0532749198353172
0.0728776757515499
0.0437772839153614
0.0674555291736408
0.0717948717948721
0.0594139022487198
0.0430743094243456
0.0792864383323275
0.0577117130491711
0.0707547169811323
0.0331796692116706
0.0406520527027661
0.0627778568141631
0.0627778568141631
0.0149001443766472
0.0554059018040836
0.0313765345517251
0.0386371045768977
