0.668919931607359
0.635709021233684
0.635709021233684
0.560830860534124
0.309392265193369
0.350607998253668
0.293501048218029
0.196259569024785
0.196259569024785
0.251685105010889
0.155235861683456
0.138228838004966
0.148112491329419
0.136589323489329
0.120013569247375
0.120013569247375
0.10980234792161
0.138333667992707
0.123359561611648
0.0481994781357743
0.0695405880720587
0.0598599231450536
0.159394885573656
0.237771932671889
0.142213707641329
0.142213707641329
0.185828897048772
0.107322022753329
0.149407560847022
0.112294775534452
0.0517855646819005
0.115541757472754
0.128650241864816
0.102489782561385
0.0758196024682494
0.0758196024682494
0.0923975527197968
0.16097291969594
0.122940247133754
0.122940247133754
0.167536513220786
0.131641047457165
0.131641047457165
0.0910415914052419
0.0409107326460367
0.16643154727978
0.101608942034496
0.177992009836398
0.124230228660814
0.180818014978303
0.122698151266929
0.0848157019290077
0.102303304761744
0.102303304761744
0.157658482389529
0.157658482389529
0.0979231938011932
0.096752717864583
0.133424252410439
0.129092701485569
0.129092701485569
0.154393933734361
0.0720320395316365
0.0914041189718359
0.0914041189718359
0.0595075723320085
0.044113692261028
0.0957920197580021
0.100072921980041
0.0972304157584818
0.083782541039707
0.0991798208330676
0.100432765185488
0.161675519087115
0.103267053539281
0.0936511490576975
0.100166620625388
0.0729077602125814
0.0886572828240483
0.0886572828240483
0.101905144692131
0.093127003388923
0.0130072347107486
0.0548116623386566
0.0887971776871572
0.0624666738812427
0.130358269405486
0.130358269405486
0.0903793462691938
0.0988185327575775
0.079778699445027
0.079778699445027
0.0853377963825867
0.0851514189850071
0.118536453824479
0.0790783077399058
0.125891200471357
0.125891200471357
0.0954690519522955
0.0954690519522955
0.0598610745518672
0.0970180468312773
0.0970180468312773
0.0441872520284027
0.072373119073269
0.131759085139841
0.078205798401912
0.125030455590833
0.094128656805039
0.0477450753191642
0.0753588679191063
0.0269909153268429
0.0286808619055914
0.0571807954213717
0.117435613512551
0.117435613512551
0.0843254568762672
0.121724515338971
0.0778325208578775
0.120019740963425
0.115053390688641
0.0808902920250404
0.0830708451627974
0.0788674006813239
0.0279834264096559
0.0279834264096559
0.0673897136949072
0.0577839070175935
0.0698040830791568
0.0935482691969249
0.115851732119994
0.115851732119994
0.067703322885306
0.0882582024084556
0.0944572630459457
0.036422496701742
0.116608289553329
0.123159101831892
0.0918645564895708
0.0746507901500694
0.114418019181092
0.0711718803424258
0.0687820473587449
0.0496895651324403
0.0496895651324403
0.0384295547550056
0.0256636529619462
0.102493599817984
0.0357784648160141
0.0569359152018179
0.0493718670361389
0.0333824438172994
0.0476364013924113
0.108992702087525
0.0343640688732748
0.0549470082620724
0.115440149609195
0.0611947893893712
0.0611947893893712
0.0484744986430337
0.0734439828523404
0.0256411869114216
0.0423278499845849
0.0276795768316853
0.0276795768316853
0.0610603186242824
0.0216576617058564
0.0262758844865581
0.0346568612981428
0.0569706130750066
0.0569706130750066
0.0496699838048277
0.0432809271069357
0.0443219376746208
0.0339012207521628
0.0611650917750984
0.0611650917750984
0.0469976886247067
0.0520326960790872
0.0269485819736149
0.0618812089331022
0.0464605163612636
0.0282812349037356
0.0282812349037356
0.0500253303877107
0.0899644956214981
0.0114919091928917
0.0311472412098281
0.0778513423715058
0.0267752614942313
0.0412820203475472
0.0157003801074103
0.0271039092140879
0.0281448380360079
0.0550819989798258
0.0693068319978197
0.0172760470248881
0.0360264202635922
0.0137090728004142
0.016528942902612
0.0239008203759524
0.0375604907118889
0.05204658758
0.0216073360301544
0.0718469290909041
0.0160861045587781
0.0241144362432046
0.0259452635052168
0.0259452635052168
0.0183160849173397
0.0405606247196878
0.0122181366725939
0.0482898588215738
0.0389383651855306
0.0244989824417777
0.0148516838073737
0.0228927110509872
0.027549300542014
0.0344173979328801
0.00967111295777955
0.035243596490721
0.0224079825239669
0.0340114616620224
0.0262632411067963
0.0155583947055484
0.0457655448267391
0.0235753623293131
0.0179179673690117
0.0187674568349999
0.00896464184672224
0.0138336758924115
0.00381939827959728
