0.09375
0.0600000000000002
0.0789473684210526
0.0638297872340424
0.0508474576271186
0.0681818181818184
0.0441176470588232
0.0566037735849057
0.09375
0.09375
0.0857142857142857
0.0461538461538462
0.0681818181818184
0.0508474576271187
0.0441176470588232
0.0789473684210526
0.0566037735849057
0.0483870967741938
0.09375
0.0483870967741938
0.103448275862069
0.06
0.06
0.09375
0.0638297872340424
0.0483870967741935
0.06
0.0789473684210527
0.0461538461538462
1
0.103448275862069
0.0425282167042889
0.0857142857142854
0.073170731707317
0.0638297872340426
0.0638297872340426
0.0300899596732499
0.0422535211267606
1
0.0789473684210526
0.162162162162162
0.0440637624878643
0.15
0.073170731707317
0.130434782608696
0.130434782608696
0.0789473684210527
0.15
0.130434782608696
0.130434782608696
0.25
0.0461538461538462
0.0461538461538462
0.0681818181818184
0.103448275862069
0.103448275862069
0.103448275862069
0.0662108837294667
1
0.0372238887373876
0.0372238887373876
0.0546578035764443
0.109090909090909
0.0523003022899499
0.122448979591836
1
0.272727272727273
0.931981687377371
0.214285714285714
0.0363187790464169
0.193548387096774
0.176329956789686
0.13953488372093
0.134022629730784
0.130434782608696
0.214285714285714
0.0693444486547933
1
0.00392540649836926
1
0.0612735667564449
0.0476190476190479
0.0406340568995089
0.0587975243147655
0.104553917375333
0.681818181818183
0.0972463730502713
0.929654335961189
0.220824605220755
0.258620689655172
0.0626865671641792
0.0588235294117646
0.185213180280824
0.0585622143436844
0.927000542075183
0.0816817053469401
0.910780295219655
1
0.86058333181474
1
0.0503795721187026
0.0132445538105233
0.150912106135987
0.188926851995652
0.666666666666666
0.666666666666666
0.0507830335129214
0.698763729498104
0.049645390070922
0.049645390070922
0.997639060055112
0.997639060055112
0.273155657762356
0.111111111111111
0.0168560986260676
0.797731701750382
0.899147727272727
0.296184971098265
0.180592991913747
0.9375
0.00360367921484905
0.0727699530516433
0.818181818181818
0.818181818181818
0.662119281991894
0.124419674375816
0.281107823881859
0.325506673257539
0.0615907362633885
0.516782813509626
0.0895522388059696
0.185760387252925
0.108135887100378
0.81203598182245
0.818181818181818
0.552295641284484
0.111158123791103
0.808489479744582
0.808489479744582
0.804269527858781
0.0158079625292738
0.81130249968278
0.789473684210526
0.214285714285714
0.194093547285763
0.114089495651595
0.845861462836539
0.816791208791209
0.808007856552139
0.0542262688128299
0.109807655684631
0.0823722264504421
0.839256637168141
0.95557033588294
0.00925925925925926
0.0470018769139583
0.712570044967139
0.889848249889233
0.712078344441365
0.769956083699303
0.238591916558018
0.0994897959183671
0.126582927454499
0.733794295592048
0.438511745368497
0.519722638089985
0.424947145877379
0.16541391313121
0.798798798798799
0.82382693953778
0.221804962984931
0.0410415999595324
0.428995546759031
0.729977379670735
0.363636363636363
0.136389551248723
0.539575683100652
0.104749714232439
0.688006258289775
0.316759286341036
0.720442474882446
0.769358777894838
0.8099520306009
0.721488595438175
0.436147024573766
0.371157495256166
0.781512605042017
0.656249999999999
0.681818181818183
0.100601307224696
0.580457711581195
0.705276697318055
0.276200027231689
0.125167856964745
0.670550847457627
0.587925128977701
0.183411925143355
0.0964566929133859
0.573516329902148
0.594014010335199
0.160846040334481
0.0804054655996151
0.692307692307692
0.692307692307692
0.635474806574541
0.117042735109687
0.14046706169397
0.239951815955847
0.369912571600844
0.518840314614963
0.621752664152049
0.621752664152049
0.261105092091007
0.261105092091007
0.0749078397640703
0.0182352941176472
0.65625
0.215892857142857
0.1688531527719
0.467264120838209
0.625218698742481
0.6
0.315549255585131
0.142639019390109
0.304951084325954
0.267477180228966
0.396632996632996
0.435264599362151
0.613846153846153
0.0586735214700862
0.565099645580152
0.482517356667788
0.393209876543209
0.546243202646332
0.154891304347826
0.566233130151531
0.569041486621682
0.557004719696097
0.281152079804859
0.354966922051094
0.178901233323343
0.595373568565839
0.378707689798272
0.0760789334940127
0.530299776011783
0.558139534883721
0.151846785225718
0.539356391285426
0.455718395971948
0.145927601809955
0.498944230530369
0.065015479876161
0.49654531149417
0.587330643182813
0.457272496041091
0.299167408697687
0.42
0.0894230769230768
0.484832508288779
0.558162267839688
0.0562292213559475
0.207006528864531
0.525669642857144
0.0590813287115257
0.0590813287115257
0.51034191642043
0.0756033722489883
0.529449838187702
0.444448142114274
0.300364160690512
0.32473153243966
0.162824652534045
0.49211986681465
0.49123141441098
0.49123141441098
0.28171190382855
0.28171190382855
0.0900081307061579
0.0958230958230959
0.377346120520669
0.339026779421605
0.0262160629225664
0.508931235147471
0.315122872805827
0.441372286250335
0.254097940784755
0.457861683761295
0.0867067372017865
0.468507333908542
0.436906575405354
0.282694970004615
0.435847982163228
0.231022380106572
0.389069774518455
0.394391883552794
0.0888888888888891
0.259943181818182
0.190068493150685
0.321647923268924
0.00223433028889501
0.466448475321453
0.324009324009324
0.448476052249637
0.169310041520823
0.454209649083292
0.472408120238305
0.46945629228855
0.168001537325238
0.365889429719218
0.41097778435327
0.271467602438354
0.275298492355074
0.00973470261018404
0.4
0.353855613189343
0.271920626631854
0.0355249204665962
0.250649747744994
0.0975600255123715
0.389909500728739
0.0577920496953567
0.326785714285714
0.328448275862069
0.282682472904709
0.202750113527151
0.333333333333333
0.22556177111975
0.305090944248044
0.281154934087634
0.29161953283537
0.103974624012761
0.325196832183012
0.212224458608222
0.235375810483652
0.10121480096149
0.272698412698413
0.301630434782609
0.25885020206623
0.0511910300624879
0.0511910300624879
0.0115300070507237
0.3125
0.215810276679842
0.346854780733285
0.249931099209689
0.302737356999689
0.370102098677234
0.370102098677234
0.248117712311213
0.222094361334868
0.050220807230153
0.125466981970179
0.283471310305453
0.303373543242691
0.256578947368421
0.291189175328902
0.257153646885787
0.312260536398468
0.036474508268008
0.263047662175932
0.15199264294906
0.124648414027641
0.189426009924722
0.0129182897639275
0.363008503333466
0.173940745460338
0.150247660979637
0.253219431340049
0.253711689765283
0.22657229710654
0.261081299952943
0.248074991630398
0.0287953702307153
0.217608455775596
0.0653631129545754
0.216750861621264
0.24074074074074
0.214285714285715
0.218911571877832
0.195271958485489
0.21738083774675
0.139476386977335
0.178170144462279
0.0942372881355932
0.19969036541669
0.125853175875622
0.125853175875622
0.224933410893059
0.137137023593467
0.0445425361155696
0.137156113792942
0.0232614791068353
0.114549087574779
