TARA_147	TARA_150	TARA_25	TARA_30
1435963	32	20	19	23
2867868	24	23	12	19
28857	31	12	23	22
2893674	31	14	14	21
326465	26	12	19	18
2646927	27	16	18	44
569097	22	17	16	36
873187	28	10	23	29
2640004_1	44	14	15	32
2640004_2	44	14	15	32
1090658	22	17	15	31
1537346	28	16	28	46
245534	41	29	27	43
2298147	23	11	14	38
2066222_1	20	25	16	27
2066222_2	20	25	16	27
1476338	22	19	22	15
688197	27	16	24	26
1264747	24	12	18	18
2691006	30	18	19	33
1911962	23	22	17	24
1446652_1	44	22	13	25
1446652_2	44	22	13	25
2270597	35	20	28	29
1878636	25	12	24	30
2857171	19	26	12	23
2270291	23	18	32	29
2820152	36	14	25	36
2569137	32	14	14	22
911164	23	11	18	32
1557674	25	15	15	19
1791937	24	26	12	21
2705227_1	23	12	25	27
2705227_2	23	12	25	27
657943	48	25	27	38
524863	20	11	17	25
1604119	20	20	14	20
2889727	29	15	31	37
2121607	29	14	12	18
2359329	23	10	12	31
732364	34	16	9	15
2517990	46	20	24	22
140671	32	28	25	35
165877	35	25	24	33
1806642	41	10	24	28
1363779	36	13	15	37
1621108	22	17	12	19
347070	50	24	29	32
1231934	26	19	29	24
2164532	38	30	20	32
1603242	56	31	19	35
645979	28	22	29	21
1861215	40	23	18	47
2128670	32	25	31	41
2724850	53	26	24	18
1211338	30	13	26	33
1313687	20	10	16	20
251324	24	15	9	24
16473	23	12	23	41
1992789	28	10	18	40
439148	47	15	19	41
968597	20	20	12	24
1054119	28	15	25	25
2472110	25	20	13	15
940039	24	19	15	23
2788907	22	15	17	27
98394	25	12	16	32
2429761	27	18	25	40
2486159	22	13	22	24
2370746	32	26	18	16
862519	26	24	18	27
1623222	44	23	18	27
1101413	20	11	21	34
1580053	27	18	12	15
1326461	46	30	20	40
2531852	33	23	18	25
667638	42	22	19	30
788414	38	21	18	17
2925009_1	31	16	16	16
2925009_2	31	16	16	16
1517035	20	12	23	22
2507760	36	12	21	24
406910	28	23	25	26
2435813	39	21	23	39
2648523	37	24	24	36
1551231	35	16	18	23
2355260	46	22	14	29
2195272	36	32	16	20
1229822_1	45	30	24	17
1229822_2	45	30	24	17
1229822_3	45	30	24	17
2062922	19	21	12	21
2370270	34	11	18	21
1282576_1	33	24	24	44
1282576_2	33	24	24	44
2826495	20	25	16	37
1034342	26	15	20	31
1134628	20	10	12	23
554394	22	27	15	26
1648281	24	14	30	24
542943	39	14	14	21
1533368	29	18	11	17
820303	30	23	32	34
1072458	45	20	28	38
955651	41	29	15	30
849830	34	16	17	21
2324831	40	27	27	19
2618099	27	13	15	22
1537544	50	26	12	27
2811197	49	28	32	43
328497_1	38	30	24	35
328497_2	38	30	24	35
632727	21	16	12	25
2626829	29	16	20	31
1166892	40	32	28	46
1192539	35	12	20	34
1970629	25	13	20	33
1453555	21	18	15	20
733045	39	24	25	25
744499	21	14	13	29
580949	30	22	10	16
388650	31	27	14	34
1758511	26	18	21	30
496351	35	27	13	19
2451577	32	14	12	24
1464246	43	27	11	26
621369_1	27	14	20	46
621369_2	27	14	20	46
1653589_1	30	30	29	46
1653589_2	30	30	29	46
1956246	26	10	16	22
1365335	25	26	30	22
1732122	27	17	9	17
599797	48	31	21	31
1122634	47	25	25	32
2130730	45	20	11	35
2109059	38	23	16	22
2485286	46	16	14	23
1993734	26	13	16	22
2430711	29	12	25	33
1190929_1	32	20	27	47
1190929_2	32	20	27	47
1654047	32	24	22	25
2365279	24	25	13	20
2258661	24	17	12	17
2831203	27	20	17	33
1990356	34	14	23	21
1766362	38	20	17	15
258443	51	21	21	28
2753840	31	19	26	26
2829260	32	26	17	35
1718376	35	12	21	23
2406250	36	22	27	32
1355170	26	30	24	30
2641724	36	24	17	23
2639921	25	12	14	16
2814347	32	19	15	38
1595788	24	22	25	29
1724941	26	20	19	37
1410723	39	22	23	32
2546531	34	34	28	27
1434607_1	39	26	15	33
1434607_2	39	26	15	33
1793907	48	17	23	41
1247444	26	23	24	26
1820206	25	19	20	21
901965	30	13	11	20
62072	40	25	22	19
1067168	24	16	26	28
2199910	27	15	10	27
954625	39	27	19	37
1969941	35	17	12	18
2052151	19	20	11	26
1989411	28	17	23	20
221714	34	16	19	38
1197063	45	19	13	19
93100	20	15	22	21
2340430	34	29	28	25
1267932	44	21	32	43
1145517	44	22	11	28
1127017_1	25	24	31	35
1127017_2	25	24	31	35
1683794	28	16	11	22
2193122_1	50	24	17	38
2193122_2	50	24	17	38
1257373	36	25	16	39
2564044	28	13	14	24
1395148	32	29	25	47
395347	50	29	25	41
449433	48	21	22	30
1439552	39	26	16	16
1203872	23	13	11	19
2687001	24	14	22	25
1656480	26	22	21	24
2143293_1	37	10	19	25
2143293_2	37	10	19	25
1780195_1	28	16	16	41
1780195_2	28	16	16	41
1259636	45	31	9	41
1567337	48	24	22	33
2326733	30	17	19	17
496103	27	14	29	25
1392587_1	47	20	19	22
1392587_2	47	20	19	22
611839	33	17	20	27
2531995	47	31	15	30
2725517	34	30	12	41
1903768	32	25	19	23
2656581	38	19	25	22
520443_1	32	19	28	40
520443_2	32	19	28	40
2659706	40	18	19	26
1827100	44	24	14	36
2138557_1	31	14	21	23
2138557_2	31	14	21	23
1642849	37	27	14	33
1123594	24	17	14	16
1186822	40	27	22	31
2629628	40	20	20	49
2265922_1	36	27	31	24
2265922_2	36	27	31	24
1259620	25	23	21	39
811664	32	19	18	15
2616723	44	18	9	21
1580859	50	21	17	20
562033	26	16	20	29
2910178	33	17	25	38
2425417	31	19	14	29
2845832	31	23	16	21
1521983	21	25	20	30
33825	44	19	20	24
2752762	39	13	12	26
1654744	42	30	26	43
2518183	29	34	18	27
2385545	54	21	31	36
2562900	37	12	15	17
647718	48	28	18	37
1246919	36	18	14	29
366245	43	27	25	45
712376	44	34	26	46
1628118	36	20	15	34
790573_1	39	18	11	20
790573_2	39	18	11	20
2072989	24	14	17	24
2103001	37	21	24	47
1288046	33	27	13	15
22853	50	16	22	29
2925400	21	14	18	30
1426800	28	13	21	22
1463671	36	18	18	16
1824619	43	23	26	45
2040637	29	32	17	31
968821	42	21	24	37
1117723	39	24	23	24
488091	23	21	11	24
1203184	34	21	14	40
2449356	38	27	28	28
2658747	27	19	13	30
1273441	41	21	18	29
113408	46	17	14	21
2386395	37	14	23	39
2787505	31	12	15	20
1367448	32	20	10	35
246851	23	26	16	22
1262170	21	21	13	19
1253284	28	22	23	40
1511876	26	11	25	44
1901611_1	38	21	27	21
1901611_2	38	21	27	21
2822500	32	24	20	43
2763544	27	24	19	22
25731	40	28	31	33
1748216	40	27	17	24
2785203	19	16	14	17
1323727	47	20	16	19
326574	19	16	13	27
2668109	34	24	9	31
319558	42	14	26	29
1530279	30	22	22	28
2790750	38	18	9	16
1715524_1	46	21	19	17
1715524_2	46	21	19	17
2446421	35	19	23	35
2512081	30	15	20	35
887474_1	25	17	11	29
887474_2	25	17	11	29
2733241_1	42	26	25	37
2733241_2	42	26	25	37
2733241_3	42	26	25	37
533575_1	23	13	19	15
533575_2	23	13	19	15
435343	36	28	30	27
2063972_1	54	28	19	42
2063972_2	54	28	19	42
2063972_3	54	28	19	42
1558221	47	28	21	18
1238176	33	24	24	35
1653214	30	12	26	15
2677286	39	20	19	39
991247	22	14	23	26
2617518	26	20	25	33
1243840	33	27	31	38
2491496	44	24	19	36
246035	30	32	24	33
997823	27	12	24	46
1687452	42	26	24	42
1855395	30	29	21	24
2005470	32	21	19	15
2792415	23	25	12	24
2939945	37	23	21	29
2123857	39	15	20	39
2521948	37	19	18	28
582214	26	20	21	37
213913_1	28	17	17	37
213913_2	28	17	17	37
2709701	32	30	16	17
1332257	21	14	14	22
802484_1	42	30	19	39
802484_2	42	30	19	39
2831507	42	23	20	26
1974165	37	17	15	32
1219263	27	16	27	29
1920198	37	11	18	38
995222	20	16	13	20
126316	41	25	15	25
368691	32	19	16	41
751602	28	15	30	19
1369796	39	27	15	30
100493	43	19	12	16
1827402	38	34	23	44
780596	40	27	12	24
1016528	26	22	31	32
2868894	38	28	12	28
306816	26	21	21	16
358073	38	24	27	41
926619_1	30	12	19	28
926619_2	30	12	19	28
1838785	40	18	20	24
2851957	48	25	25	34
110949	45	21	17	25
1995456	55	22	26	36
2675154	34	19	24	41
2511615	42	21	24	32
1633857	32	22	13	19
1051286	45	25	19	32
39006	43	22	16	34
2790491	39	24	20	25
1022409	45	27	18	23
1724636	41	31	19	22
2439818	25	17	16	29
253555	37	19	16	32
1484282	38	28	30	27
1504988	42	14	20	25
2469326	23	15	12	20
290961	44	30	26	27
2540095	28	25	20	46
1036954	23	13	14	22
573297	48	15	25	23
1646005	42	20	29	40
245706	41	26	30	47
1121897	25	12	12	31
2844217	38	32	33	41
611270	39	26	24	36
203398	34	26	20	29
446216_1	19	19	18	38
446216_2	19	19	18	38
805987	21	22	16	16
1293974	39	23	26	35
1174288	27	18	12	32
2836661	48	32	20	38
1027793	24	14	26	32
443826	31	10	22	34
546321	56	31	26	38
2652786	34	18	14	46
1446343	30	20	17	36
2335627	49	24	27	21
2492504	41	21	24	30
151614	28	26	19	34
2731200	34	31	12	26
344999	44	24	25	28
2240212	42	31	26	35
1473243	22	20	13	15
198700	31	22	27	44
1022050	44	33	26	39
1129751	42	25	27	28
2618620	37	21	18	20
1235264	43	22	19	18
311942	37	23	24	46
2523985	48	22	22	31
1917352_1	25	21	18	21
1917352_2	25	21	18	21
1284457	32	22	25	22
580213	40	18	28	32
912900	46	28	21	36
2342535	52	23	14	24
42453	51	17	15	32
1837093	39	20	25	35
807012	44	24	18	23
2683936	41	34	17	20
59272	40	17	20	28
2608341	29	13	18	36
740753	37	19	31	24
10901	29	13	20	22
1412416	54	17	15	32
881997	36	18	20	30
1726994	39	23	11	17
494432	24	14	18	28
1131151	35	24	19	19
2528213	43	24	18	38
531295	31	21	23	42
1318333	34	19	19	39
2504298	51	21	19	25
2459918	56	31	16	33
2736336	38	18	16	29
2673345	36	30	23	33
1917799	37	25	18	38
69487_1	28	16	24	48
69487_2	28	16	24	48
250729	48	25	32	35
2656705	36	22	21	46
1223918	27	22	23	24
1788257	32	21	11	19
2942317	34	25	33	48
2367586_1	47	22	33	42
2367586_2	47	22	33	42
103183	34	24	29	21
1503326	31	22	22	32
32264	52	33	18	35
715340	52	34	25	41
676112	40	20	31	32
331514	28	19	23	28
1366903	24	22	18	32
1271289	26	32	25	28
2515711	49	29	22	26
2612603	33	16	26	29
1395282	41	26	29	32
820227	22	21	9	24
1330852	26	18	27	30
536437	44	25	15	27
2716992	40	21	14	44
321435	44	33	18	29
70864	30	12	21	29
1530554	46	29	21	36
169688	35	21	19	26
536033	39	31	12	26
2623144	37	21	12	15
1171625	38	24	33	44
809423	40	26	23	17
2047610	33	23	19	19
660708	36	25	13	32
2100973	42	24	14	32
90714	30	17	31	26
1707048	33	19	20	27
367279	39	17	17	23
2653216	53	17	26	37
469883	36	12	15	34
528644	42	34	28	42
1264395	44	18	9	21
2621389	44	29	17	30
1271052	37	28	22	48
752388_1	46	27	28	39
752388_2	46	27	28	39
1487190	19	18	12	29
97117_1	26	11	27	22
97117_2	26	11	27	22
97117_3	26	11	27	22
1789946	51	20	14	22
2544336	35	21	17	16
2476245	29	24	10	20
31274_1	30	23	17	31
31274_2	30	23	17	31
74416	36	31	20	46
2089817	26	18	22	32
1559945	49	23	10	27
1961552	36	16	20	32
965379	33	14	20	40
1173278	47	22	29	25
309208	41	24	28	41
2498343	46	24	30	40
1259753	41	30	13	19
2407573	32	17	17	17
2482926	48	21	31	32
1413312	34	14	22	28
1746008	43	22	21	49
41401	30	12	16	17
1394257	55	27	25	27
2097891	19	21	14	21
587056_1	51	33	21	30
587056_2	51	33	21	30
2794824	40	23	14	20
1765929	45	18	20	25
412703	25	15	18	32
84436	47	28	30	30
1458546	24	27	28	24
430714	56	26	22	41
1860577	36	25	26	25
1790049_1	36	33	26	45
1790049_2	36	33	26	45
583060	34	30	31	35
739922	42	21	17	19
2129531	35	20	26	34
17797	36	11	11	17
1889646	40	32	23	28
1339618	26	25	21	26
58604	31	34	23	32
2645784	32	24	14	19
2594817	19	19	18	19
516081	46	20	20	39
1287499	21	20	17	27
2903346	31	20	16	48
1401783	40	25	25	41
1136369	45	23	13	40
888012	27	11	28	24
2519621	33	18	27	27
851537	21	19	15	20
249112	30	24	31	40
2797423	31	12	13	23
1239585	35	15	23	32
728426	20	12	19	22
234359	41	26	19	27
777055	22	12	15	27
2659505_1	48	21	23	19
2659505_2	48	21	23	19
2659505_3	48	21	23	19
765060	46	30	21	25
595160	51	18	24	37
2908503	38	27	14	26
1131009	31	29	14	21
2413642_1	27	23	23	20
2413642_2	27	23	23	20
305320	41	16	18	31
1492176	32	29	14	28
2459795	36	20	24	34
715698	42	19	22	31
1654307	38	28	14	22
1736994	41	23	17	34
569516	40	26	25	34
542632	46	25	25	35
336729	22	18	17	22
2401923	29	27	23	26
795512	45	24	13	24
2599490	26	12	18	16
1412584	25	18	21	34
881412	32	12	20	28
2371919	34	13	25	20
475802	41	27	21	28
733356_1	47	28	17	35
733356_2	47	28	17	35
907256	43	26	19	44
1399337	25	16	24	21
1890785	39	27	21	25
2026762	38	34	24	36
1954209	45	26	28	35
1514390	46	14	15	17
1693691	24	18	26	17
2062264_1	43	18	22	32
2062264_2	43	18	22	32
48150	44	22	13	16
2836746	25	23	19	16
1572438	26	17	15	28
676414	38	14	22	46
1137819	34	28	23	27
93596	38	27	26	47
1663099	34	14	13	26
1560281	30	19	12	30
2691313	52	31	29	26
2873946	50	32	17	25
281480_1	33	15	24	37
281480_2	33	15	24	37
218873_1	50	28	29	25
218873_2	50	28	29	25
1819279	24	16	24	48
911281	34	21	23	33
1935056	51	28	14	35
1568708	34	22	13	36
2608487	25	18	29	40
1373849	48	21	21	33
761294_1	41	33	16	33
761294_2	41	33	16	33
761294_3	41	33	16	33
2429520	34	18	23	32
2255565	51	32	28	27
2744487	33	28	31	37
2712169	44	26	13	23
1396681	40	34	18	37
2876340	39	23	20	29
2185086	31	30	21	27
410793	43	19	20	33
5006	28	25	17	17
2376539	43	34	31	31
2897414	22	16	17	25
1714445	28	25	17	25
1622263	41	22	28	25
2566423	36	23	15	37
2668009	37	21	15	21
2519795	50	21	16	21
2809847	33	21	17	20
2840060_1	43	24	28	38
2840060_2	43	24	28	38
100253	43	21	22	33
116611	27	20	27	36
372770	43	28	17	27
488870	46	22	15	39
753665	27	22	18	25
1909008_1	44	27	12	21
1909008_2	44	27	12	21
1909008_3	44	27	12	21
1306246	47	29	18	26
363109	38	22	20	42
1725436	19	15	24	28
746172	43	20	33	33
1862966	32	22	19	28
887898	36	12	29	35
2835482	26	13	29	26
1774147	56	28	27	48
551732	44	20	29	37
2471509_1	42	23	16	26
2471509_2	42	23	16	26
1301105	40	26	21	38
497477	33	28	30	41
1347363	31	31	27	33
1077778	28	26	23	16
2899528	43	26	17	35
2762936	41	29	21	21
1710414	21	19	21	28
186601	47	23	25	38
961054	29	25	13	20
1828795_1	40	22	18	26
1828795_2	40	22	18	26
1828795_3	40	22	18	26
453307	36	27	30	33
1827172	46	17	16	27
2458032	31	27	19	31
1623581	41	26	22	29
1799164	44	28	19	24
1813857	51	26	12	26
205855	46	29	24	40
1146612	30	22	10	40
909697	48	27	18	23
1434388	42	21	18	21
2116035	31	13	21	42
2927738	45	30	25	30
1392700	25	14	15	42
1110754_1	52	26	23	29
1110754_2	52	26	23	29
3512_1	38	18	31	33
3512_2	38	18	31	33
1955940	30	15	18	37
1606177	47	34	23	31
1029309	41	19	18	22
1125750	47	19	22	34
1041799	47	22	17	34
1913502	40	15	28	27
267463	29	12	15	35
443013	45	23	25	23
170202	27	29	22	32
1099623	24	13	15	39
1101148	24	15	15	17
342624_1	50	27	26	24
342624_2	50	27	26	24
1199335	55	15	23	27
2424635	37	25	33	43
2420402	35	24	20	18
2497293	39	21	18	37
793181	26	18	18	22
1444248	41	19	26	38
1809749	46	20	16	34
1353564	25	23	20	23
2346037	38	12	20	23
1876966	40	25	13	16
1354589	52	24	19	23
2766429	34	23	19	31
109874	30	15	21	25
2574289	38	25	21	25
1974885	40	30	26	38
1939007	53	17	24	38
1257611	32	17	22	28
328566	39	24	24	24
790290_1	38	28	32	41
790290_2	38	28	32	41
2785925	34	27	28	20
2499503	43	19	20	47
1408329	43	24	29	28
1209637	25	10	20	25
2565556	56	29	18	37
559750	48	30	22	28
1745609	39	20	27	48
2848194	34	20	21	30
1639896_1	40	26	15	48
1639896_2	40	26	15	48
1371637	44	24	14	23
751451	34	29	24	31
2612468	54	26	17	35
1554299	30	21	30	41
2341468	36	17	20	28
1257058_1	40	32	30	37
1257058_2	40	32	30	37
1604848_1	50	28	26	28
1604848_2	50	28	26	28
1604848_3	50	28	26	28
343099	46	26	20	46
535465_1	37	27	19	24
535465_2	37	27	19	24
2552133	48	30	28	26
2840799	20	12	29	32
720885	29	19	22	30
2684047	47	31	32	42
347228	23	19	17	33
1472238	24	15	15	30
297598_1	42	31	24	23
297598_2	42	31	24	23
1829567	45	31	26	38
1575324	36	15	28	47
923819	45	34	12	30
1829538	33	29	19	36
2090835	41	19	14	35
2679182	49	23	20	31
261067	47	24	33	38
2013701	46	30	11	18
1021444	30	33	24	26
2598167	28	17	19	45
67508	24	14	23	32
2413298	30	15	22	18
1700554	50	18	23	32
1526687	34	28	30	34
1786108	33	14	14	15
2658211	33	23	31	23
1033863	29	23	22	22
1777311	40	23	24	29
110686	22	21	14	19
2805226	48	23	22	31
2464726	30	15	15	19
2659416	33	10	14	24
344588	27	24	26	42
2835763	30	24	16	23
2429631	34	24	20	30
2053722	30	25	23	45
889520	52	21	14	36
2798990	52	19	12	28
2234696	45	26	16	24
1304331_1	32	19	22	40
1304331_2	32	19	22	40
1304331_3	32	19	22	40
2410681_1	31	23	30	40
2410681_2	31	23	30	40
1106040	31	22	20	42
2715809_1	29	24	19	33
2715809_2	29	24	19	33
2743372	35	27	18	24
898517_1	56	26	20	30
898517_2	56	26	20	30
1282010	30	21	23	28
2392492_1	52	25	25	33
2392492_2	52	25	25	33
2096692	41	27	28	27
2688709	27	16	22	40
1231459	34	32	11	24
1124851	40	22	25	37
55482	39	23	33	29
1808062	41	22	29	41
993772	45	22	22	29
2176594	39	31	21	15
1262739	47	23	31	47
617881	34	21	29	33
319054	38	20	22	40
1624243	21	17	13	25
116856	41	17	19	30
294729	32	23	20	37
229332	34	27	30	48
1688999	26	26	27	39
2560590	36	23	14	37
1634638	51	21	24	38
549145	42	17	11	24
2915620	47	32	25	32
959242	47	19	17	21
2940936	45	19	19	30
1237909	32	23	24	25
303100	37	24	15	23
484971_1	46	21	30	32
484971_2	46	21	30	32
1549867	52	28	32	36
151483	22	17	11	33
1275308	52	30	26	38
1789380	26	18	32	41
2484740	20	19	19	22
2456680	41	27	19	30
1717017	38	30	14	38
2278946_1	52	30	33	33
2278946_2	52	30	33	33
2692330	45	22	21	40
1985579	38	32	18	21
1353365	36	20	28	38
1418093	32	30	23	36
2147927	50	22	13	24
1898909	42	17	21	32
2313738_1	40	16	18	25
2313738_2	40	16	18	25
2313515	27	18	19	19
2260497	40	29	28	34
2436876	53	19	15	31
2518932_1	41	32	24	33
2518932_2	41	32	24	33
98084	38	27	28	32
1364550	45	26	22	44
1882457	38	15	20	28
2188511	38	22	20	33
1898032	48	24	25	46
2480759	42	28	23	24
1790626	41	26	28	47
1027474	29	16	15	32
1942928_1	31	23	32	26
1942928_2	31	23	32	26
1425925	28	26	23	49
73675	45	28	28	30
1430871	40	14	14	25
429371	19	12	19	19
577805	48	21	17	22
494198	31	13	18	36
2827141	27	31	30	35
567646	39	19	19	29
2787223	35	18	21	22
297806	44	16	13	19
1794596	38	12	16	20
1513766	46	22	22	32
724383	48	30	23	46
480093	56	21	27	38
374700	44	17	17	29
2541892	45	25	15	48
2165021	48	29	20	20
261101	37	16	12	22
367806	29	20	17	32
1850221	57	26	33	36
2267140	51	26	31	44
1282072	33	27	18	41
1634434	45	16	30	27
48959	46	20	30	36
1847969_1	21	20	26	26
1847969_2	21	20	26	26
1183060	48	27	19	39
1822370_1	44	31	16	41
1822370_2	44	31	16	41
1261690	36	17	26	41
1876995	30	10	20	29
2859119_1	34	26	25	35
2859119_2	34	26	25	35
2823217	32	17	17	25
553166	57	30	21	41
2722119	23	18	24	30
1664371	38	16	14	20
1305321	44	34	25	39
2616458	32	23	20	42
1285719	29	12	20	25
1681417	31	21	21	22
651889	31	13	27	33
2495948	42	32	24	40
1346121	42	32	30	33
1053277	43	26	13	27
2843269	31	19	17	20
1356635	35	25	17	46
900968	46	26	24	34
1417616	41	22	32	41
2644794	38	31	26	33
1798901	28	19	23	35
2873460	46	15	20	40
910445	37	16	16	24
2416337	30	25	19	28
1950938	37	30	21	24
2419311	36	25	17	24
2686211	43	34	28	45
572398	32	25	15	41
452911	44	15	22	24
2336240_1	40	26	20	25
2336240_2	40	26	20	25
2840373	30	22	30	33
1793143_1	55	17	20	42
1793143_2	55	17	20	42
1264137	26	23	12	25
104910	25	19	21	41
1961178	41	14	13	31
476327	46	20	13	28
647726	31	13	18	18
2060892	21	25	22	32
1279938	43	30	25	40
21385	49	23	28	36
879675	46	21	27	35
1634949	32	11	20	33
291551	36	13	31	45
1056844	50	23	18	37
2862851	32	29	23	37
2549664	24	16	27	45
360713	42	23	27	47
928229	42	23	18	31
23943	43	13	32	32
2698657	36	18	26	25
1165557	31	19	23	41
219384	24	20	14	32
875938_1	21	17	23	29
875938_2	21	17	23	29
1269819	35	25	29	38
1170977	37	28	32	45
1399396	49	27	16	35
1355772	45	21	13	21
521107	48	27	20	28
505391	42	26	12	38
2600920	38	22	30	35
750570	44	28	15	32
2490435	32	20	25	27
2815715	50	24	31	36
2324054	26	27	21	35
2941177	35	15	28	20
2777509	40	19	18	34
229670	42	23	21	33
1804593	51	22	17	22
1208728	31	13	23	37
1545915	34	17	18	34
2779298	39	30	27	28
63510	36	22	11	22
574140	25	25	18	40
1598907	44	29	29	49
900196	25	22	13	30
203031	27	20	24	29
2771664	36	28	26	32
701970	34	24	18	19
1530204	43	16	16	19
2483696_1	32	24	19	49
2483696_2	32	24	19	49
2137457	36	22	23	34
881965	42	23	25	33
1714840	38	19	26	31
2200044	51	31	13	33
473272	35	23	14	19
2325505	44	23	24	48
196108	33	15	23	33
1369286	55	22	25	26
2819290	43	33	30	35
139056_1	55	26	23	31
139056_2	55	26	23	31
1046367	39	31	20	22
816077_1	33	26	25	29
816077_2	33	26	25	29
2105247	24	15	24	40
2788403	33	26	27	33
1469010	34	13	18	30
1584280	25	11	21	29
213960	44	24	30	44
1643647	29	18	30	39
2571747	28	15	21	41
164245	37	31	30	34
2320712	22	19	22	31
911732	39	26	33	27
2556571	29	13	27	48
816336	45	34	32	41
950286	47	25	26	24
1735470	54	17	26	41
1250633	51	26	26	28
833714	33	24	19	36
970111	52	32	29	42
2445572	53	27	16	44
1760652	46	26	25	37
1476277	31	23	24	28
196083	48	20	14	26
2058133	34	17	26	35
206182	32	17	23	33
2722697	53	27	20	30
2667294	42	26	20	47
317554	48	20	19	17
916474	51	22	23	39
2924306	26	22	21	32
2386768	42	21	21	36
191993	48	20	20	20
2674807	43	31	26	40
1807377	56	21	16	36
493302	31	17	28	40
1528218	35	23	31	39
160809	32	29	22	35
1820070	35	31	31	46
1983213	48	32	33	39
103495	19	13	26	22
436091	34	19	12	24
1346995	48	15	22	33
233085	51	24	17	42
1480664_1	35	26	32	31
1480664_2	35	26	32	31
885021	42	16	32	40
2056069	49	23	20	42
1195737	31	20	27	15
2325306	26	22	18	30
2209035	46	28	14	26
140425_1	36	21	30	21
140425_2	36	21	30	21
140425_3	36	21	30	21
2458328	48	20	20	36
904402	41	29	18	47
2400698	32	18	26	39
2099697	30	20	15	25
2742890	28	22	20	32
1453615	32	19	22	26
2489385_1	33	17	16	33
2489385_2	33	17	16	33
2727503_1	46	33	25	38
2727503_2	46	33	25	38
1050847	50	22	27	42
1505247	52	21	28	35
2203301	43	26	30	47
1361816	19	20	17	20
65426_1	33	19	24	35
65426_2	33	19	24	35
65426_3	33	19	24	35
656941	36	24	28	27
2515002	22	25	17	29
48818	53	29	29	48
2581312	56	28	22	35
442311	37	24	21	32
2746435	41	33	17	15
1563752_1	48	29	31	47
1563752_2	48	29	31	47
2868844	44	27	19	28
1716636	25	23	29	39
2609208_1	38	25	26	30
2609208_2	38	25	26	30
826680	37	19	18	21
1183333	38	19	26	48
2454414	40	16	22	26
2689528	28	13	20	33
2928549	25	17	21	29
2784461	25	24	14	27
814650	24	21	19	28
2451330	47	29	26	34
887721_1	26	17	16	22
887721_2	26	17	16	22
1435620	31	18	19	41
2660319	40	26	17	28
179754	50	32	24	41
1114527	39	20	15	21
1171165	45	17	21	19
96447_1	52	24	24	24
96447_2	52	24	24	24
2405106	32	26	15	32
2344277	31	20	18	25
1439117	52	19	17	38
2479469	20	14	21	28
615199	29	15	15	28
662562	30	21	14	28
1988602	52	31	23	31
206134	46	23	22	25
990979	30	21	33	22
2629764	23	22	24	19
612686	27	18	28	29
2902715	34	18	16	26
2531037	34	11	17	31
1678575	48	17	23	29
2934485	55	30	28	27
2695263	40	24	22	41
2319650	37	19	23	38
150337	46	30	13	20
9018	41	21	25	40
2117374	43	26	27	42
719417	44	17	28	42
1751078	42	15	20	30
2089889	35	15	12	25
2249177	42	17	19	43
2516261	48	14	23	44
1408270	31	18	15	20
255215	27	28	24	28
2433529	36	18	17	32
154619	28	18	27	46
1928967	33	19	24	24
2697916	31	29	21	42
897856	43	25	18	30
1122241	31	26	22	27
364894	42	28	20	42
2039194	38	26	15	29
1567632	45	25	22	22
445865	37	24	17	36
2267124	38	20	9	27
351883	40	29	17	36
2287134	50	25	26	41
1917685	33	17	25	30
549766	36	14	26	26
2772016	39	30	23	30
1376509	42	19	18	26
2127846	26	25	16	16
1998262	40	14	29	25
1149619	41	15	21	34
1813087	30	28	26	49
2263099	44	22	26	41
733839	29	28	22	23
2872536	35	20	9	16
601984	37	28	25	19
2806844	54	24	23	46
2179377	32	19	22	45
152306	35	21	31	41
1777763	47	32	15	47
2716870	39	22	13	26
2288669	21	20	20	33
1253419	34	32	20	28
2420568	46	24	17	44
1835915	44	32	19	27
2762048	47	18	22	31
126557	45	17	27	30
2868611	43	25	17	22
1666524	43	15	12	24
1760786	50	19	27	44
267559	41	32	23	25
265786	51	29	21	23
482835	39	28	23	32
506646	53	31	25	27
2808770	50	26	31	43
1315696	30	18	30	29
1710250	40	28	28	35
2540691	30	22	16	35
115142	41	20	18	37
2481738	43	19	27	33
1539360	46	22	17	24
2569662	24	15	21	40
1764239	37	31	16	21
38278	33	19	28	30
2007355	48	16	24	40
2205129	37	24	18	20
1835706	27	25	14	15
1129943	56	25	19	42
768560	33	24	19	30
31397	44	18	33	37
794274	52	18	26	37
2634944	44	18	21	36
877848	30	23	25	33
253794	33	29	10	32
2769520	22	15	12	26
2383962	44	16	18	34
1755136	45	28	21	23
1995200	31	12	23	31
1663560	46	24	22	18
215069	47	31	17	23
646781_1	49	25	33	37
646781_2	49	25	33	37
1624652	42	19	13	24
404595	54	21	31	32
731768	43	15	11	42
136231	45	16	20	30
30580	41	27	16	19
2620569	31	20	26	44
2661684	49	29	30	33
1172657	31	24	20	32
562748	24	19	24	21
1190245	50	26	25	35
372745	55	28	26	37
161073	30	19	18	26
637595	41	23	17	19
1081948	42	24	24	42
941558	28	22	16	26
888788	41	32	22	23
371605	23	17	19	28
629789	42	27	31	30
1124319	48	30	30	40
2621920	43	32	26	39
1608234	30	26	12	23
2646065_1	24	17	14	36
2646065_2	24	17	14	36
786689_1	42	20	23	36
786689_2	42	20	23	36
504733_1	52	31	20	25
504733_2	52	31	20	25
1287035	33	20	24	26
394903_1	44	26	31	34
394903_2	44	26	31	34
1451455	42	26	19	41
1434115	30	26	26	21
311137_1	52	30	28	35
311137_2	52	30	28	35
311137_3	52	30	28	35
2776206	39	21	25	29
2708769	22	29	19	24
2516012	28	12	17	23
1834125	49	26	19	37
1816978	55	26	23	42
2504025	38	23	20	43
2873522	21	24	28	30
1212537	51	21	14	22
1015983	39	28	21	30
1203730	49	24	31	35
1347905	43	25	24	27
2777598	40	20	31	30
2436086	39	22	28	32
1346194	47	32	22	28
1377403	51	25	25	38
1579840	43	21	20	24
2836995	27	20	13	25
168102	40	13	20	45
311908	28	13	27	30
598278	22	24	18	33
562864	54	26	25	49
1227621	46	22	15	16
2762485	28	19	21	20
1116374	45	19	27	39
1114144_1	28	21	17	47
1114144_2	28	21	17	47
490849	48	21	25	19
1355238	46	24	14	16
1761199	49	21	14	37
829786	51	25	31	35
1583400	35	20	31	31
366866	53	34	22	40
697465	30	26	13	21
1878459	52	25	19	25
2238796	47	28	19	33
1968213	51	18	20	35
877360	49	23	29	43
1045639	52	27	24	35
190945	36	22	17	34
2020647_1	35	19	28	35
2020647_2	35	19	28	35
2394112	44	25	27	35
327451	46	31	22	32
473460	45	16	27	45
2214656	20	13	16	34
495738	44	26	21	44
2699220	33	14	24	38
1650762	36	16	25	44
1795416	50	19	24	44
2407092	57	27	32	37
729880	37	28	10	21
1645486	26	25	25	22
1702951	39	18	19	27
1765495	32	26	31	40
1349388_1	37	29	25	29
1349388_2	37	29	25	29
2856907_1	55	18	30	35
2856907_2	55	18	30	35
2856907_3	55	18	30	35
1771178	37	27	20	28
1502599	57	26	15	30
182549	35	16	27	34
942189	57	27	18	40
2198490	49	19	15	15
1276337	36	26	18	21
797578	25	22	12	17
2640355	25	24	20	22
690422	55	22	31	43
2379547	47	18	25	43
640101	53	31	23	33
376331	50	32	29	48
122097	27	19	17	29
1438335	28	24	29	42
1186226_1	44	27	26	42
1186226_2	44	27	26	42
1012027	40	25	24	48
2324363	29	19	18	21
1208303	39	13	22	38
253097	48	26	25	30
1362820	45	25	17	42
1811151	54	28	22	28
45259	42	31	21	31
1466543	32	17	22	34
1199043	25	18	27	29
684544	55	22	27	35
162459	49	24	26	41
1664777	27	17	16	33
2340541	43	18	23	30
1462618	46	17	17	16
1071875	44	22	24	22
2258044	33	19	16	31
94854	21	21	16	25
2772176	46	18	20	38
1679018	57	27	32	40
320484	54	29	27	24
478535	42	25	25	38
1507134	32	15	24	43
784667_1	55	22	27	33
784667_2	55	22	27	33
2227770	46	26	33	44
2891	40	23	29	49
1675414	46	25	21	28
2881898	43	24	28	45
1538714	47	34	23	32
311531	43	16	18	35
224575	29	29	24	35
2940218	34	22	13	44
911309	21	21	10	26
2444776	32	25	32	37
111128	54	25	28	34
834878	55	17	24	47
749407	49	22	18	43
877016	39	16	23	34
45299	35	26	29	40
921257	38	24	21	40
2558179	40	25	16	33
1382007_1	52	20	18	44
1382007_2	52	20	18	44
1382007_3	52	20	18	44
851757_1	46	26	23	36
851757_2	46	26	23	36
794775	45	33	20	24
2203701	37	27	13	28
2779238	42	34	23	38
1868072_1	43	30	28	32
1868072_2	43	30	28	32
1559743	50	25	27	32
232697	36	29	11	34
910284	45	27	26	49
2081419_1	48	28	21	37
2081419_2	48	28	21	37
297749	41	29	11	29
2809455	32	18	18	20
418646	31	28	24	45
2661575	43	33	17	35
211158	52	33	22	37
489235	39	29	31	39
2082456	56	32	20	29
1456986	40	21	18	30
2491578	34	19	11	17
2802852	45	14	16	32
1222006	42	20	28	42
1819364	38	30	23	25
2424118	35	14	17	26
694582	28	17	24	33
2784113	34	19	20	37
894442	30	17	19	18
395077	39	12	25	25
2803194	41	19	28	45
1868212	43	30	23	34
1317142	44	14	26	27
905445	43	19	14	22
2938543	55	25	29	46
2547674	28	22	22	34
2769647	46	24	30	29
309142	31	22	17	33
1401815_1	28	16	30	40
1401815_2	28	16	30	40
16436	45	27	23	43
589503	38	34	22	38
1321813	22	16	27	36
866280	39	17	27	41
196193	50	20	24	28
283078	49	20	14	19
304080	50	28	20	32
1432016	47	33	19	39
1591770_1	32	29	18	32
1591770_2	32	29	18	32
1819194	40	16	30	37
794329	51	20	32	36
473722	26	12	21	35
768476	52	32	19	42
1392094_1	33	28	27	38
1392094_2	33	28	27	38
1392094_3	33	28	27	38
1546201	48	25	26	44
2661859	39	32	27	40
1004706	29	18	31	45
984740	26	26	21	44
2742806	43	19	33	45
2537044	34	31	29	40
2770364_1	51	27	20	44
2770364_2	51	27	20	44
2770364_3	51	27	20	44
1531119	31	20	15	25
782008	43	28	28	24
1270057	38	22	20	42
2811548	47	24	28	32
366364	39	27	16	29
1194079	32	22	20	37
1096160	39	14	22	22
2140866	37	21	24	26
136936	53	22	21	24
2724290	51	25	33	34
1149198	37	22	20	47
2317084	30	29	27	20
1482151	45	23	30	46
2072648	37	18	14	18
886626	23	14	24	43
735163	33	18	15	46
1309433	52	22	20	36
2802956	31	11	18	28
2116921	52	29	28	45
166871	52	25	22	42
1111703	40	21	25	20
811449	41	25	23	29
1246352	32	19	28	24
1456420	46	21	27	40
1330427	43	29	22	35
645357	42	21	24	38
2418024	49	17	14	31
2634973	23	22	20	23
2513615_1	32	13	27	40
2513615_2	32	13	27	40
2760949	46	26	30	40
1961966_1	29	31	27	38
1961966_2	29	31	27	38
1220089	36	25	21	37
2701802	22	17	24	31
664319	39	33	28	29
1659465	46	27	28	37
658763	43	23	30	45
2799097	29	21	24	43
2209237	49	29	31	33
1318674	31	19	16	24
181451	34	20	23	45
1420545	50	32	20	33
2555829	45	32	33	48
684441	43	32	16	39
906373	24	25	25	26
1156924	36	18	15	41
2043711_1	46	29	18	30
2043711_2	46	29	18	30
2043711_3	46	29	18	30
90908	49	31	19	45
984023	53	27	22	46
1488417	26	13	18	34
2660441	38	22	18	44
1153842	39	20	23	26
1543013	44	22	19	41
1156654	55	24	23	32
937504	49	29	31	39
136684	25	14	21	21
132385	26	24	24	33
1974559	46	29	26	29
2455296	27	19	23	32
138758	57	22	17	32
2850014	51	16	30	34
2746327	31	20	16	42
825301	42	21	17	32
2786497	47	31	33	48
1241872	40	12	16	24
78832	55	24	24	37
2884824	23	18	30	25
2138539	37	18	13	27
1200691	31	14	28	35
1628309_1	50	19	18	30
1628309_2	50	19	18	30
700294	50	27	31	38
2364664	42	29	30	42
2873135	38	22	21	22
1248339	34	15	24	40
2652555	45	23	21	22
2643009	26	25	21	39
722202	52	23	31	35
899893	33	23	19	36
1897491	50	24	20	30
1554871	29	27	19	34
963175	34	18	23	47
243867	51	27	19	36
1285729	39	28	27	22
1035586	49	28	21	30
1578043	44	20	12	15
1187412	54	22	21	46
328661	48	23	21	48
2334863	41	22	11	28
1083174	38	24	24	42
623848	47	22	19	32
2097944	53	34	16	35
154476	22	14	22	26
804192	37	25	28	48
613910	43	27	24	48
2276777	43	15	18	42
2517507_1	40	23	22	29
2517507_2	40	23	22	29
132891	23	23	15	18
1149397	52	27	29	43
2418563	19	14	15	21
161677	49	27	30	41
124964_1	42	23	19	20
124964_2	42	23	19	20
1748711	37	14	16	31
358334	43	14	17	29
1437003	56	29	25	28
1419764	37	23	28	32
2623286	47	26	10	32
2783379	52	21	25	25
2202697	33	27	27	37
1143822	22	15	9	36
1659554	52	17	11	27
1572692	54	22	21	20
711296_1	57	26	32	33
711296_2	57	26	32	33
131203	56	32	23	29
1867385	26	21	25	37
163272	33	23	21	45
2722226	48	20	23	32
2464465	24	19	14	23
2486745	53	14	23	44
573778	48	27	21	26
2740645	47	16	30	44
1702394	52	17	28	30
1629189	36	24	33	47
2466226_1	48	20	23	32
2466226_2	48	20	23	32
1224975	33	25	19	40
2404152	35	26	27	33
1354637	26	27	20	46
2820268	25	28	18	28
2439601	34	21	25	28
1361616_1	39	20	21	32
1361616_2	39	20	21	32
1925720	39	23	25	43
1511108	34	23	19	31
1018892	39	34	14	31
2439576	45	32	16	27
1822325_1	34	24	20	26
1822325_2	34	24	20	26
1884408_1	44	32	12	23
1884408_2	44	32	12	23
537112_1	28	22	29	34
537112_2	28	22	29	34
2915893	38	21	17	26
2422018	56	26	27	41
1101025	50	22	32	39
1242392	40	16	19	21
1161954	49	19	20	34
100194	50	29	27	45
253822	42	22	27	36
2225013	44	24	29	43
2468941	51	23	15	28
1287429	35	16	30	34
1974921	37	19	21	28
1792471	49	26	19	34
995397	27	15	13	33
996764	31	21	20	18
66727_1	46	24	29	49
66727_2	46	24	29	49
2653067	36	20	24	28
1595237	28	16	26	28
2325313	50	30	24	25
26171	48	27	27	37
678021	31	22	24	35
1002260	47	26	19	35
2108907_1	51	26	24	21
2108907_2	51	26	24	21
1510023_1	33	27	16	35
1510023_2	33	27	16	35
1197596	32	17	15	38
2456168	49	20	21	48
401954	48	20	23	40
1830994	48	13	18	28
2058587	45	31	33	32
777380_1	33	25	23	49
777380_2	33	25	23	49
2061181	54	29	24	42
643193	30	16	19	41
1374255	36	24	26	38
862789	27	16	18	39
260950	42	18	18	39
1168928	38	26	20	23
780964	55	31	25	26
389087	42	29	13	35
532991	28	18	17	20
1027914	30	13	24	29
2340363	34	19	20	48
742427	43	25	21	29
2020844	46	29	31	42
2344451	51	24	27	49
424124_1	44	31	16	40
424124_2	44	31	16	40
301714_1	54	32	24	40
301714_2	54	32	24	40
716295	24	20	17	37
1502394	46	27	18	42
1794681	38	16	20	25
2281482_1	44	34	18	40
2281482_2	44	34	18	40
1812295_1	47	20	31	31
1812295_2	47	20	31	31
2269029	54	14	22	31
865198	42	22	20	18
1185202_1	29	16	14	32
1185202_2	29	16	14	32
1185202_3	29	16	14	32
2664385	21	19	22	23
2620197	44	28	18	41
2493531	34	21	31	42
1710486	34	27	27	46
2055123	37	25	26	35
1409771	47	20	29	27
215189	36	20	22	31
336071	56	28	16	37
66650	45	24	13	24
2872521	56	25	23	48
1334375	50	34	31	37
1731033	48	32	27	31
