1
1
0.975166253101738
1
0.923076923076923
0.965517241379311
0.868828530120817
0.980633645693887
0.980633645693887
0.63157894736842
0.840940131835358
0.734982466839457
0.756829618979153
0.695652173913044
0.695652173913044
0.616964605979649
0.6655713350678
0.67728180493334
0.639708649585636
0.521650142163364
0.468283593485631
0.468283593485631
0.549019607843137
0.584492514998391
0.619786239477469
0.333038621956403
0.459650975474632
0.458197770315273
0.497710847556832
0.229305327855965
0.436931262360037
0.653331303042806
0.653331303042806
0.0986177705984314
0.597778486674168
0.43646716593427
0.510081770638754
0.504854368932039
0.151318734879043
0.375058039531005
0.402017828553273
0.452173913043478
0.0967611439352411
0.191310413864838
0.403857083023527
0.39331425896069
0.0745585672055174
0.400842152754786
0.357921966221852
0.186915887850468
0.233961985210899
0.309577658730278
0.373564316221269
0.286390212323901
0.138507277335142
0.438717887536785
0.413793103448276
0.263910386448736
0.218897143455059
0.554710518604983
0.383561643835616
0.322221005707588
0.380157569255106
0.219593581763098
0.405090459115598
0.0996234089293499
0.286261002678913
0.343949910996801
0.195049283983882
0.080941086670714
0.0427002096414234
0.187721723620724
0.376125654450261
0.338322597490522
0.309967731427247
0.0633082035693255
0.416897040541779
0.387123817008874
0.387123817008874
0.244252331166104
0.0479953175299967
0.127270332648527
0.19004676120959
0.0698412139803645
0.337066902812942
0.341874151017184
0.224058769513315
0.324324324324324
0.324324324324324
0.324324324324324
0.325823200536193
0.25
0.327868852459016
0.327868852459016
0.273723951426818
0.312080133326461
0.295492550726848
0.3215827570437
0.211888695959305
0.220976647003666
0.249760009923601
0.242776384305377
0.142137556259877
0.220064007534473
0.320796713014612
0.139325968407114
0.218221561476548
0.212831521122156
0.141126429329197
0.239429191347874
0.239429191347874
0.254795882620411
0.160344825435125
0.15411843293803
0.254833333333333
0.133126571209222
0.194097306821611
0.215165565594377
0.341339167668352
0.208857278812126
0.325512250377046
0.129338839236463
0.28169014084507
0.190224838857027
0.073793612855079
0.273148716704986
0.273148716704986
0.335811309774126
0.335811309774126
0.373618885373571
0.257056293677746
0.231633535004321
0.242701685074637
0.205690201224934
0.363844530048062
0.244045749670624
0.14239085440776
0.250464135021097
0.28072441545583
0.16925205921106
0.16925205921106
0.262026538067929
0.20719519348034
0.222077922077922
0.124034598658636
0.219425271117333
0.248017624477866
0.331067910015278
0.0802356982646295
0.151188840637882
0.201322402900899
0.287643348942749
0.256379496649346
0.234266729947793
0.301075268817204
0.336229867828461
0.270798549595986
0.132377114085157
0.256196001955699
0.150128304254771
0.340969337101417
0.340969337101417
0.247001416182458
0.240000717294192
0.13188193624779
0.247569069300818
0.289015743048932
0.250780149402358
0.198342629874528
0.259176951479733
0.315057145217908
0.180223854568113
0.190497907197597
0.315416428322517
0.0151747318358719
0.232751298424862
0.22685741650466
0.206302250803859
0.0275941506410258
0.105980939805582
0.105980939805582
0.262455561709706
0.317387728624196
0.317387728624196
0.168645468336829
0.171652689320951
0.165979356303389
0.24210807589366
0.157183039177954
0.187742428067536
0.315902283115398
0.180470837757038
0.190689032924637
0.201034518386404
0.201034518386404
0.148508747297275
0.148508747297275
0.187310941371716
0.236605208088263
0.253869423477929
0.244209533585496
0.125698014513173
0.125698014513173
0.102931114499666
0.127920441180261
0.0692309428004268
0.254053860532696
0.28169014084507
0.159080728785249
0.159080728785249
0.235868521912897
0.123493467858417
0.260839019973453
0.260839019973453
0.252049105531469
0.242950889991538
0.266666666666667
0.0650430856783264
0.198219710317851
0.198219710317851
0.249346577701381
0.287071531941868
0.177755938445196
0.308887631527221
0.117557848966955
0.252263517110309
0.168524398156465
0.166447466954401
0.240600992204111
0.152913442968885
0.244897959183674
0.163312935309014
0.233449036527056
0.184512560531434
0.187610526037955
0.233221755420271
0.23662196146767
0.143376869531984
0.0149230448077945
0.227125088712644
0.249586570244123
0.249586570244123
0.106812628002709
0.128418958529883
0.0782730959553054
0.249909315211742
0.181972789115646
0.244897959183674
0.247512158623269
0.0663780515587299
0.0954915206589749
0.240462018518954
0.197522621847505
0.232094103744424
0.147575524283455
0.188072057938868
0.291650799344516
0.147603309897711
0.236009544290925
0.254088299959212
0.153489975863258
0.0931425231442201
0.0918972206435233
0.0863880100886024
0.171759484784022
0.235801941948554
0.167468139370872
0.167468139370872
0.203845133703273
0.223237805750887
0.169160043272433
0.230221679886109
0.249313962873285
0.272361372202263
0.0137678684110477
0.149665271658477
0.175399021737349
0.118284033305195
0.0276737941712562
0.0501839192592324
0.0501839192592324
0.202431439072661
0.156046373868156
0.147147362630522
0.147147362630522
0.10839364105289
0.10839364105289
0.10839364105289
0.157086144359787
0.157086144359787
0.216655041463225
0.177365118677226
0.177365118677226
0.177365118677226
0.17012275628117
0.17783265082732
0.146967276941743
0.122185740090912
0.23758916713805
0.168173009854192
0.0757189160979041
0.0977138152029397
0.1266484293088
0.220462046204621
0.0207015526164462
0.0712857593505025
0.195595186959152
0.135004586294382
0.199269312223446
0.0501891896418055
0.147800496410478
0.070397740753103
0.202671348342996
0.202671348342996
0.123703184500389
0.0950050968399594
0.178838743965631
0.178838743965631
0.253164556962025
0.150816789144655
0.149702325893244
0.176520620812538
0.200698600523098
0.152912327801049
0.0894408350118236
0.152587787048419
0.214668760972005
0.129541647636093
0.210163916159326
0.169826510733227
0.202163319944947
0.294448736342567
0.112630671491592
0.230733201225004
0.217173983673715
0.217173983673715
0.151715664765248
0.167531187535053
0.253633249520789
0.074495678038012
0.254409027767173
0.172629336804057
0.158867000814832
0.142355042839153
0.225577211227918
0.0795243792910326
0.118146857304793
0.122943026019779
0.141777828565451
0.073750234707174
0.17870157916048
0.100847753728461
0.275983082609565
0.108633516143355
0.0964490062857645
0.0922165011791906
0.102591638196848
0.152817956157455
0.133309298843405
0.0726568999673121
0.0807209781194147
0.120363463343452
0.123740575466002
0.176861230978878
0.176861230978878
0.120929952748242
0.146325486330271
0.157239341857667
0.159637115950994
0.0719956673849853
0.299405618027489
0.183179418455054
0.202152282140338
0.202243361337212
0.148148148148148
0.161955835511574
0.0558946949418116
0.0756142619250747
0.145242169450568
0.151880808907664
0.121413620454848
0.213341368850809
0.114365875529048
0.122003799074404
0.165965252126686
0.0923009052530548
0.0748599127155935
0.151176558111275
0.160470473779016
0.160470473779016
0.148331309364361
0.204204204204204
0.217273469742189
0.171564942078782
0.074666247634761
0.117802225734962
0.149751388688625
0.249250526731357
0.1904280712664
0.119243936341711
0.182977884013239
0.157365764593961
0.210475593149747
0.124489621990997
0.155091784301175
0.0615769677111745
0.126730420841485
0.0459299448438442
0.148687601677117
0.185690352937158
0.158733130595998
0.124754654531764
0.204959990753635
0.0643183903018942
0.180687825899234
0.0936482532292221
0.0936482532292221
0.103758035556479
0.121077622893201
0.0324146237599287
0.0815472546979611
0.0775778500285834
0.168887119739118
0.168887119739118
0.0401328367395588
0.130182636722076
0.167473539868635
0.120045234796728
0.173133751810719
0.186915887850468
0.139871758992799
0.16256157635468
0.0400037559598803
0.0422312011641076
0.153388377432867
0.181124026501748
0.193663368508407
0.0383496093605583
0.155124412658382
0.0904128037324409
0.0790630494512262
0.105029127818934
0.164383561643835
0.213302295784969
0.123854761566022
0.100444439953303
0.1465169871626
0.151848241587801
0.0190262751376647
0.122448979591836
0.0142706993139644
0.127847431716624
0.190087260629527
0.216781994526657
0.148502067468103
0.168224435968661
0.0428931875525651
0.105148879770418
0.14480176197689
0.134579302364463
0.134579302364463
0.111753988936415
0.101382488479263
0.101382488479263
0.101382488479263
0.113143840338667
0.168017980345686
0.173368776740418
0.129279414350969
0.129279414350969
0.0533334091584965
0.168415366094158
0.0896275572665747
0.16218386190285
0.118460909095088
0.153267029604866
0.0717028390984657
0.0320937323672137
0.094718266888115
0.185795925810971
0.170785710059738
0.140732607791184
0.140172273869683
0.0348372963893455
0.0582111511864885
0.0667394071649392
0.103825217029141
0.103825217029141
0.0929448366836414
0.135363899723252
0.193640001975652
0.127617419019014
0.0210751065259203
0.112905641511226
0.0297788580561714
0.115280452202
0.115280452202
0.0999221503628156
0.0113195661757115
0.157779796402002
0.201193520886616
0.149230115689433
0.0200203250143241
0.035177304888051
0.038478345205275
0.0951482781376807
0.11541312177993
0.0859831000379455
0.19672131147541
0.116555478783479
0.118609893425894
0.122505260792211
0.0303974028774569
0.149349322891283
0.152712052421738
0.171900573280606
0.19832986743752
0.0885391655942068
0.118481353031995
0.141249584696945
0.0930025477148811
0.0930025477148811
0.0930025477148811
0.181818181818182
0.105437407038591
0.0930412287509179
0.0973606072361551
0.130998995636353
0.130998995636353
0.162862337999022
0.0704035206733519
0.0586972044747656
0.105498234502333
0.148784028752378
0.178343949044586
0.147540261666187
0.178421751944656
0.102466169116684
0.0408073809121766
0.243941664534523
0.0791250817230453
0.129977011581745
0.151541479244009
0.0836848594690544
0.0399540981442675
0.0333777775675053
0.0333777775675053
0.0899940031357878
0.119482712939583
0.0781377638525741
0.0555375129184721
0.0130881903447063
0.185907822919987
0.112801116776825
0.154732958727914
0.154732958727914
0.0277021281148533
0.0151436688625006
0.0678087619599053
0.136671439074411
0.0524787413501093
0.156369629229245
0.182234814477985
0.104354774505613
0.167166143663303
0.186737897248202
0.169014084507042
0.169014084507042
0.0981937996633923
0.0981937996633923
0.0713116567131167
0.0782319053578929
0.138072635311723
0.176376117998078
0.155844155844156
0.109163916052105
0.132849305192078
0.132849305192078
0.132849305192078
0.0868917777021306
0.044761968928534
0.0610640536595439
0.0782888812222656
0.054727726755941
0.0439624288142295
0.0920021184467057
0.176736782245336
0.110096852237014
0.141307943555156
0.0943666864438775
0.125926031182022
0.0277682978550277
0.00736673054013182
0.142381307481979
0.125492576973594
0.180437122102032
0.0702372854198154
0.0702372854198154
0.141176470588235
0.119146094970233
0.168240379150873
0.17148789004169
0.158155718940082
0.118422129829063
0.118422129829063
0.118422129829063
0.152052165354331
0.087986897167195
0.093877425480227
0.130445235967616
0.123763029029681
0.0856302701720886
0.096773945374794
0.124820237595997
0.0132579790963142
0.0674265198081907
0.0674265198081907
0.0398663780899845
0.0865536540338698
0.104274107806899
0.0272530623933777
0.169351698670066
0.13297952236062
0.0981182083222897
0.0783881026627646
0.124449898923022
0.104387642976298
0.104387642976298
0.104387642976298
0.0277383398966877
0.0677573236665173
0.151849156467085
0.145491649219601
0.122567361956846
0.0611713805498119
0.0820277553979301
0.139157088122605
0.0094721797987335
0.0629758592539527
0.106895006063412
0.117207894181311
0.171471141954354
0.105842213372111
0.105842213372111
0.0972765519238168
0.0972765519238168
0.013741390278435
0.0818714046606896
0.0928018164267636
0.0359696238763192
0.148232218914131
0.177416339540824
0.0620137422192681
0.073446853269974
0.144102465251173
0.177350797137977
0.0688042461360007
0.16690260436495
0.16690260436495
0.0910100847237791
0.16077602767059
0.0663829295528344
0.0627456460112208
0.07960226726414
0.0771207887200491
0.266723283350039
0.0876986869947593
0.141659782774558
0.133987057546849
0.0770789922798108
0.106392916090678
0.0279397887056158
0.0480997455424585
0.14975391974923
0.117421323978559
0.0374319576870013
0.0365540975964241
0.13843449671709
0.13843449671709
0.0329016228227595
0.0280740047206237
0.0353910186052352
0.139582654876124
0.147939026286501
0.135248736730189
0.146807190364437
0.10805630027955
0.0848059542796386
0.0848059542796386
0.0786905153941786
0.0774064883725155
0.0859650692235843
0.124394777786248
0.0248531135503764
0.0746075654911372
0.0746075654911372
0.121424778179564
0.121424778179564
0.121424778179564
0.119709668894175
0.0143454971003248
0.0143454971003248
0.0404454044925242
0.0982406451562921
0.134306225697869
0.0624726401136036
0.120157609000419
0.114046018807924
0.0540014899565377
0.0540014899565377
0.103979386023195
0.119159390048068
0.158613445378151
0.0650664819787696
0.0349855609001051
0.0863014477698544
0.105659426742192
0.0146606825890778
0.0301729832579513
0.16184971098266
0.0710276484269959
0.087707563783962
0.0344704767778429
0.114221361085773
0.135760119455991
0.0512000074126333
0.0981515186879502
0.0783302355309736
0.0828817399933083
0.018787735974235
0.100785397744724
0.125090873477836
0.108639474681995
0.0835571560971701
0.0187409644481785
0.120270366483416
0.108683162106506
0.0871765150215677
0.0386344438710794
0.0466970680022518
0.0466970680022518
0.0466970680022518
0.0535296887709235
0.0535296887709235
0.10385440172771
0.0996271337517516
0.0996271337517516
0.0936440000829112
0.0598293846487085
0.0598293846487085
0.0870397165366129
0.0772232828591919
0.0772232828591919
0.0783916968386591
0.121975250460551
0.0243377088579035
0.0222427719911554
0.127876478059531
0.0200809047271018
0.0278072311824176
0.0853548191875966
0.144348617962242
0.101495636580538
0.0239108825586022
0.111270096448044
0.0741146005249332
0.0239419798748236
0.149970500799056
0.00656113748872044
0.0807237959578381
0.0914775585012003
0.129032258064516
0.0893863753905243
0.129679484077597
0.140771458016391
0.0944163688153981
0.111789728884825
0.0543071937031989
0.0543071937031989
0.127518193461352
0.106988783433995
0.0850516484764233
0.0224120357944606
0.112199591246767
0.116225212752396
0.0973462915662614
0.137792638121588
0.137792638121588
0.0677548710110908
0.0720879498755295
0.0555893420811281
0.0880531550865193
0.0361364724302479
0.0280813097626815
0.149142046187588
0.149142046187588
0.0466335712069501
0.0703766552285139
0.108002806243222
0.104174147472667
0.104174147472667
0.0745210965504833
0.0594405487204326
0.111882359906391
0.108780332056194
0.139523207469502
0.000373403261040299
0.054604847895126
0.0922261799067148
0.125269905000431
0.125269905000431
0.0866246676158711
0.0939815264419477
0.142335788793637
0.0880263133983897
0.121263407078209
0.121212121212121
0.0520795707599151
0.023957064096311
0.08875561214022
0.136322526072877
0.138539946004828
0.0489543690349568
0.11466250305851
0.00110312484200377
0.130315467519126
0.128032826565544
0.106460310391977
0.129154645029236
0.0606225047046646
0.07999984323441
0.0603938654437973
0.0726984993894938
0.0569584084925076
0.0833606085462601
0.0903024348482611
0.0903024348482611
0.0746053915815447
0.0716579058957777
0.0716579058957777
0.102527057696557
0.111337838276496
0.0877431049880658
0.0877431049880658
0.0614629550800575
0.104341896823448
0.0629911096585762
0.0593792172739541
0.126367704885163
0.0198678125604926
0.0740773235496161
0.0796550905305629
0.0409255061747639
0.0587376416800563
0.0360649535065
0.0753393333780009
0.0256922550505092
0.13460172149891
0.0947096505088924
0.0739148837428769
0.087227791744564
0.123585396273538
0.0688111317269631
0.0862727443610928
0.0974561423999628
0.0885514000851482
0.0771388182139677
0.0237774473869904
0.0819794694731085
0.120186248889007
0.0133202174706634
0.0133202174706634
0.0518372235948086
0.102552700251869
0.102552700251869
0.0467715578495443
0.0611353479576299
0.102645605343959
0.0631300252538376
0.0949995305658967
0.0779832248481156
0.103987475406061
0.0844689028651292
0.0713143007056989
0.125
0.0289077415094391
0.0792149558839893
0.0836505018047645
0.122723095549774
0.108594521477631
0.0604303785968713
0.103557231177276
0.0477477370444735
0.0999432252512129
0.0701367073179409
0.0711886266617627
0.0711886266617627
0.0222760845817588
0.0964399424617393
0.136477937998507
0.175953079178886
0.117213593845181
0.0893972673576672
0.0168474695519067
0.116465601524293
0.0770646703846472
0.0737307619789331
0.0737003452025994
0.0153312983406395
0.0668552559105091
0.0857822611735539
0.0135861141713434
0.113967452611336
0.0562094366375784
0.0119807458372714
0.0425029515938607
0.0358209029538832
0.0282535765860475
0.0642027704257548
0.104662709653883
0.0259314280489568
0.0920556649054042
0.0192121142688876
0.0296326607972342
0.0296326607972342
0.0129107816584732
0.0249520702802869
0.124089979990249
0.00597936057625009
0.116449521154343
0.119688884678939
0.0971546830971813
0.121321327541005
0.116734097742993
0.101689985248607
0.101689985248607
0.0921327546153696
0.0355318377263828
0.0355318377263828
0.0866855113430456
0.0255167538543603
0.122172890037
0.0298884499537528
0.0328256530927435
0.0830457802418737
0.0937438837815996
0.0637004990750283
0.0660789764863385
0.0268075887343336
0.0680692906839971
0.0993508541926029
0.0595031514511309
0.103259018353845
0.0291471880020967
0.0526081866220753
0.101663965320003
0.0576280372258999
0.0736218695109369
0.0622834652693856
0.126277713380263
0.0902921030891091
0.0694007963501548
0.0605858833550974
0.0611470415235507
0.0908991306554757
0.0255464781800958
0.0132422684505679
0.0207015526164463
0.0473575388829626
0.0350532331296562
0.16121590728811
0.116782754018193
0.0385758569864579
0.0407775142814856
0.0871959556995966
0.0989102494478841
0.0670541419948889
0.089363021770142
0.0412202836445258
0.0145434594847551
0.00936183753822214
0.00936183753822214
0.0917149969123817
0.022649523786683
0.11014337546119
0.0251413185239563
0.0641292877589079
0.0360554595723586
0.0360554595723586
0.0360554595723586
0.0789307779599039
0.0249270234544683
0.0417168348991872
0.0742570313122463
0.0474601685420018
0.0300300178943468
0.0565944452503698
0.0565944452503698
0.0297857972524622
0.0297857972524622
0.0853734552581736
0.0200232055467056
0.0815853258407203
0.0525915998012655
0.0267078363789137
0.0267078363789137
0.0267078363789137
0.0136673887454839
0.104005532965507
0.0586421553875321
0.0828468600417761
0.10893645154871
0.0720940650512359
0.0660303702690442
0.0660303702690442
0.102316142180376
0.0685135797926396
0.108187440566339
0.108187440566339
0.0441456797487348
0.00819821918589873
0.0742535330597297
0.0580934812342091
0.0523071953146307
0.0868693459236557
0.0896256981085447
0.0583079356211127
0.0992248336121798
0.0992248336121798
0.0951560653988337
0.0385855074613825
0.0460766418236767
0.0569501973126921
0.0309777149293143
0.0479152808939715
0.0479152808939715
0.140417846157555
0.0841504998113769
0.0533129950601446
0.0716798732968815
0.0764778555045168
0.0613338586243144
0.018854053935925
0.0464818604924378
0.028415305638554
0.0745521057203979
0.099230286696893
0.0680206921574749
0.0863266601196917
0.107809977798551
0.0729777352927868
0.0786923430165595
0.0654192116398253
0.104150243720622
0.0811372430084785
0.0346097383759142
0.103557947546446
0.101333333333333
0.0114657052097858
0.0099741508332673
0.136911613254982
0.0619815700100177
0.0777362708947394
0.052075389701446
0.101861604451986
0.0618943725217403
0.0601285331119003
0.078816292219059
0.063598947005473
0.0776434108527134
0.0430697739609927
0.0268874636003248
0.063649368624425
0.143449666536168
0.0730790210107744
0.0533064754296849
0.0261744343693665
0.0119390646770623
0.0250328886586294
0.0420650688816617
0.0413658299911087
0.0168482508972652
0.0639669214455727
0.0539388933169665
0.0437936603542795
0.0514888913250316
0.0842172070190047
0.0666219508166
0.113383899931135
0.0483891708645097
0.0237088171001151
0.0536257597343231
0.0617439371185739
0.0121094354356747
0.0293334899975193
0.0898638631430083
0.100980316792487
0.0335584167126098
0.0280466293965757
0.0308979702131815
0.0942946206500034
0.0389866383963775
0.101664168582196
0.0470643755409825
0.0397595452970841
0.0972749333308052
0.053841080951138
0.100679246494063
0.0453190220632081
0.0943650629574699
0.103747151454954
0.0697761074495007
0.0838342135127983
0.0896661223107503
0.0247539006396573
0.0308050861287949
0.0840436005002172
0.0133212054567832
0.0378370000880291
0.0911853317299613
0.00508429502606093
0.0169376733261623
0.0599795175238962
0.0881609334416052
0.0692681781287394
0.0516723892419618
0.0276752508368977
0.0193511410507773
0.036261197270028
0.051189840397466
0.0618835666137787
0.0924171010166467
0.0224107032908985
0.0224107032908985
0.0838095359388069
0.0441187562102701
0.121683933935312
0.01287046967955
0.0502046495737624
0.0399647369463593
0.0437149538345244
0.0810266605495231
0.0393929587762818
0.0726940278969209
0.108872229424472
0.00880684577179892
0.100814499258531
0.0908050736155077
0.0229528407657015
0.0401155805032057
0.0272379119702716
0.0182916696950602
0.0757999378689035
0.0592445576069954
0.11581810637191
0.0549360840357007
0.0549360840357007
0.0201966503736286
0.0201966503736286
0.0910915865002219
0.0910915865002219
0.0384939317771835
0.0495938805393961
0.0495938805393961
0.0121452904543888
0.0166295357503814
0.00658176369863008
0.00658176369863008
0.00658176369863008
0.0557332647393094
0.0388228883582118
0.0182584877943755
0.076183683783911
0.0504753094919267
0.0689368988542169
0.0330250726785001
0.0625499958330703
0.0164003775748843
0.0453779695586571
0.0457097292445983
0.0845280635083751
0.0834924569444196
0.0760489192921377
0.0742041767101629
0.0698446985018151
0.0393158466811923
0.0711640311316396
0.0982848040962212
0.0836142001096235
0.0438426410021049
0.0835603276870716
0.0542506804290708
0.0435843922188966
0.0204052644786649
0.0204052644786649
0.0170250954516075
0.0249376742890649
0.054652116411044
0.0665974228953026
0.0439053730133149
0.0178650454537752
0.0378214784409689
0.0398339485285552
0.0363546690924528
0.0124001495348903
0.0662706997967791
0.0376028821386687
0.0340533966388696
0.0395978764260704
0.0395978764260704
0.0481958325970341
0.0757107902275178
0.08715669406352
0.0527980502132711
0.0359547906532306
0.0737299357042101
0.0631647561553286
0.0332625464899684
0.0395233876361355
0.0651702504038823
0.0649303981768769
0.0845574145967309
0.0203108872640233
0.0205813495455814
0.0205813495455814
0.0664624524273649
0.0664624524273649
0.0664624524273649
0.0488783772706979
0.0896377661024231
0.100536762331254
0.00500536912219798
0.0857189476842119
0.00548795163077961
0.0431892838340541
0.00836910956889031
0.0462845522933025
0.103803420617321
0.00482869141791088
0.0582878121128826
0.025146824465888
0.0372293042044494
0.0523858702699739
0.0523858702699739
0.0595637444054294
0.0517822187192659
0.0872335766003807
0.0283973430731467
0.0715800303190008
0.0723253079419499
0.0477560738910142
0.0313124363395677
0.0192260367585947
0.0513161557049554
0.0692880569789286
0.0306326111111367
0.0980610587811007
0.0352359846184101
0.0661072972285787
0.0231744664662522
0.0350205898347148
0.0662698606421063
0.0442789016598171
0.0429100381774164
0.0489880398550192
0.0350815314151482
0.0659392019206642
0.0659392019206642
0.0266082258716257
0.0440877347960576
0.0461150740233042
0.0546840473057774
0.0580364133812979
0.0649877902322947
0.0517929172577299
0.100583759674669
0.0302868230689265
0.0246537742952457
0.00454848178583421
0.00439817926956889
0.105911332668335
0.0287185421832541
0.0668994824107058
0.0700995744635751
0.0496486003573555
0.0932131753052386
0.0932131753052386
0.0932131753052386
0.00768667994075662
0.00768667994075662
0.077428915439474
0.109442064610951
0.041822461691419
0.0193955276378826
0.0193955276378826
0.0600206083320073
0.0345049230448359
0.0137236881074777
0.013441051481791
0.013441051481791
0.0703380448495146
0.0436335057024712
0.0566086588246848
0.10404272999744
0.0519863808991224
0.0211001284769761
0.0469189512460735
0.0237758616389864
0.0274860090361737
0.0356701755181127
0.066671008573198
0.0540037635102846
0.0267720142361042
0.00415104914097946
0.0283291806624086
0.0225143800319788
0.0396728617447637
0.00679313192289678
0.0277940533352738
0.0473577755372794
0.0284315208379253
0.051151431670946
0.0449781811848033
0.0107492247323753
0.0321913610433625
0.0373120792466416
0.0373120792466416
0.020715831104211
0.0192482352907595
0.056721305342211
0.0434890554320251
0.0393356723030993
0.0515429979027901
0.0429200660657787
0.0305341837463064
0.0548034599033098
0.0548034599033098
0.00670508478465546
0.0722512130297544
0.0623069411815265
0.0282265352145667
0.0518468442325834
0.0518468442325834
0.0518468442325834
0.0150887294883561
0.0391880954308184
0.0437804193109632
0.00830571360198929
0.0314681916966607
0.0555988715229708
0.0443312512816946
0.0443312512816946
0.0443312512816946
0.0301618480489935
0.0144074274551425
0.0768636405566002
0.0230047788237969
0.0211411772657457
0.0682846544815466
0.0601728076544857
0.00701202927536846
0.0328282959467047
0.0229524622829918
0.0378410106435983
0.0464765042057485
0.0459432942988404
0.0289863307028317
0.058407607999657
0.0420759169938718
0.0854727601421817
0.0590581377593617
0.0677966101694916
0.0182316782140401
0.0324320468126479
0.0534469027901626
0.032283236432085
0.0596635757423833
0.0130853376383924
0.0634920634920635
0.0351302704865335
0.0380216792173013
0.100409306928641
0.100409306928641
0.0493658630399921
0.0408203919771264
0.0408203919771264
0.00252511968029578
0.0647895733742659
0.0179360330269437
0.0667038965320962
0.0125189034751325
0.0583004709910601
0.0686815550488207
0.0195123408607314
0.0458992767734609
0.0360423689718679
0.0321420630368294
0.0759792518782262
0.0532589261346883
0.0263146426397044
0.0402908319530216
0.0402908319530216
0.0402908319530216
0.0183284252739972
0.0152611948170553
0.0246940103705297
0.0110414478421398
0.0676668797743605
0.0182575353975162
0.0532782623175363
0.00688025634365763
0.0384773778507985
0.00825648699276101
0.00618278063931308
0.0130076463828815
0.0566299808923021
0.0442951465621035
0.0145004023082978
0.0225428743797077
0.0316680009741505
0.0425637565465291
0.0674341439071036
0.0408371414421147
0.0132357675889868
0.0095162162655229
0.0128501633140398
0.0128501633140398
0.00665614811893449
0.0234248408001407
0.0169461413874696
0.0170140329941487
0.0242329039504278
0.0252474675186997
0.0397667334242329
0.0382556857708624
0.0324545301272835
0.0456163115302448
0.0466521020065591
0.0814069935857644
0.0342805485127236
0.0383897249101962
0.00345125107851597
0.0411463153286384
0.0140898479161052
0.0680700858739728
0.0378148284144884
0.0480612375966716
0.0481197630872699
0.0172656391766991
0.0270270986828978
0.0572595910429576
0.0127039531918006
0.0157776129078195
0.0157776129078195
0.00621370581432583
0.0454769906015161
0.0411496543187514
0.0126777701045644
0.00474126081219522
0.00474126081219522
0.0489144295544871
0.028056222630065
0.0211010012662109
0.0367218830854446
0.0510526050627731
0.0487683069300491
0.00958973351321005
0.0907565659882652
0.0584939494966188
0.00182814294468786
0.0174156432028231
0.0174156432028231
0.0111750124625911
0.00668406064584508
0.0503907890990609
0.0368112302005389
0.0366602564281561
0.0612975007367198
0.0401673776407787
0.0268950967012942
0.0171484254540761
0.0252014357990611
0.0233393277400371
0.0233393277400371
0.0506301338593714
0.0372781704627766
0.0297313721767239
0.0421244123365875
0.0261994704906657
0.0117289786644962
0.0117289786644962
0.0161943084761305
0.0258745838150214
0.0325688770642723
0.00787546353995496
0.00528328045470271
0.00528328045470271
0.0318968318084905
0.0318968318084905
0.0218994902710092
0.0218994902710092
0.0308202271953655
0.0230666829788573
0.016238863315084
0.0221840267701866
0.00961344614051673
0.0130300937752796
0.0377421147111402
0.0351812546092646
0.0250225074403612
0.0172908249211358
0.011993056479125
0.0344978749579476
0.0127971268137405
0.0222129298481446
0.0312280734505063
0.0312280734505063
0.00310266862508874
0.0275383308336446
0.0238013244756675
0.0142397280740721
0.0128316170319591
0.0201725912249705
0.0253870900618165
0.0253870900618165
0.0264267998481708
0.0264267998481708
0.0286942953774881
0.0166365971633366
0.0137465678273437
0.0423067270279942
0.0083540207298495
0.0175532556962906
0.0175532556962906
0.0262945173527894
0.0121590740649611
0.0137181801365553
0.00860618178932069
0.0152872510205204
0.0141290112921129
0.00541016850970456
0.0338322413741887
0.0287592836063085
0.0261186560773176
0.0107078220458445
0.0132022376256721
0.0218866507153191
0.00187893363800408
0.0101286757612708
0.0101286757612708
0.0104490509394448
0.0104490509394448
0.00870754750418111
0.0290735914989278
0.00415590697436377
0.0446146037477182
0.0446146037477182
0.00590000908518918
0.00590000908518918
0.0166673802082082
0.0166154840585849
0.0248450006272857
0.0248450006272857
0.0248450006272857
0.00689110570190834
0.00753929235318564
0.0203565049855365
0.00413091676545289
0.0118102978189954
0.00560471693979869
0.0101003857474681
0.00156725589216546
0.00289179826925691
0.0155781317926813
0.00607920493976718
0.00845954212265346
