1
1
1
1
1
1
1
1
1
1
1
0.0694994119752519
0.0694994119752519
1
1
1
1
0.831963242002489
0.99909191266755
1
1
1
1
0.839087242358397
1
1
1
1
0.976604950589979
0.976604950589979
0.976604950589979
1
1
1
1
1
0.761302126020561
1
0.941176470588235
0.808575640715282
0.692039490917546
0.803909372166864
0.993392909135702
0.993392909135702
0.993392909135702
0.904477541942252
0.954475092086372
0.773096108272036
0.773096108272036
0.773096108272036
1
0.682478241898059
0.0754716981132076
0.874025358963549
0.879022399853703
0.943332454346342
0.871825595410109
0.88421052631579
0.89632260638984
0.89632260638984
0.897959183673469
0.712281150159744
0.919993825890101
0.919993825890101
0.919993825890101
0.989247311827957
0.989247311827957
0.0902255639097745
0.0902255639097745
0.691667186264276
0.773797773320172
0.773797773320172
0.650096093792361
0.968846502928482
0.741736294285413
0.776167934153406
0.776167934153406
0.776167934153406
0.51320520609968
0.869565217391304
0.869565217391304
0.773015817725606
0.756211390488883
0.986046511627907
0.620280139091963
0.620219027103147
0.802189779962527
0.802189779962527
0.768889360743482
0.778735033651562
0.582689176097128
0.82176223677436
0.541281464089843
0.69515116876519
0.802197802197803
0.576363566159432
0.0727272727272727
0.710487164785313
0.710487164785313
0.755928675090644
0.987854251012145
0.987854251012145
0.703864898236605
0.683600521238332
0.683600521238332
0.785046728971963
0.473259304571162
0.720205998216756
0.682926829268292
0.57865289856495
0.580096105920788
0.656573498964803
0.711912270820666
0.712203905958657
0.484714110512457
0.63768115942029
0.655592230871767
0.655592230871767
0.655592230871767
0.490256838013928
0.656608779703623
0.726985828191035
0.71071192572309
0.71071192572309
0.71071192572309
0.686665191028605
0.686665191028605
0.547371782504274
0.496189872391349
0.621881862717495
0.639050658938258
0.591304347826087
0.0347826086956525
0.708116698036808
0.665946772904324
0.602739726027397
0.0699367476569501
0.461656009266409
0.405773592151963
0.405773592151963
0.583835423112414
0.526613099689929
0.554323554856468
0.59880239520958
0.369151527329507
0.611764705882353
0.542864310504992
0.571428571428571
0.666666666666666
0.307783730078582
0.492241065233036
0.510760602739273
0.510760602739273
0.659209601447536
0.516129032258064
0.530037098959317
0.444444444444444
0.571428571428571
0.38048605414274
0.579307287337211
0.349310962292203
0.551019087673891
0.53475011450764
0.53475011450764
0.184361412548022
0.620742604959479
0.580462362114265
0.55511868355905
0.545276234063419
0.530973451327434
0.451607540585868
0.23840096989923
0.240179456414001
0.432641007344256
0.367221525257188
0.289054361829041
0.287081339712919
0.587187344052869
0.46653687094558
0.22620237198092
0.493881012964983
0.493881012964983
0.491228070175439
0.470588235294117
0.521021510813161
0.324769031669237
0.616092285989385
0.0649613517983485
0.0287769784172668
0.551111111111111
0.45360824742268
0.471554757154566
0.222253155166086
0.433734939759036
0.38949893723488
0.586175895076419
0.404479722299483
0.404479722299483
0.404479722299483
0.47457627118644
0.47457627118644
0.488537918166066
0.450206326087932
0.316648917287895
0.292682926829269
0.460606060606061
0.460606060606061
0.379713824727091
0.379713824727091
0.379713824727091
0.331140273493666
0.328004057349229
0.252360203340595
0.305586566825505
0.535964114747174
0.122718872755455
0.509505606885314
0.365054545861438
0.452649572649573
0.379216897347555
0.432703476619276
0.311008956170246
0.311008956170246
0.343752372530893
0.133328838904977
0.422106184358874
0.395708691633456
0.404432549016074
0.180279920796128
0.433858050262359
0.439306358381503
0.419889502762431
0.320434442018813
0.54054054054054
0.381162407913451
0.419588770512007
0.334079098216635
0.313227619030904
0.286537978344698
0.130718954248366
0.130718954248366
0.345291713434589
0.345291713434589
0.405797101449276
0.405797101449276
0.389533590752846
0.348534285219573
0.32777291816931
0.447953876041862
0.134624483487367
0.311126216364083
0.325460864399919
0.411522633744856
0.411522633744856
0.156261974013271
0.271844660194175
0.295150810122709
0.428058524659598
0.428058524659598
0.419047619047619
0.346639702299943
0.183098231224982
0.356656623144739
0.236126234424036
0.319022200156682
0.319022200156682
0.137853787113039
0.329177057356608
0.363636363636363
0.363636363636363
0.180645161290322
0.180645161290322
0.208275998638504
0.284871835741248
0.283069322593741
0.270929502708515
0.270929502708515
0.206572769953051
0.359915471026583
0.359915471026583
0.258852602530194
0.282514548458941
0.41498985147007
0.350877192982456
0.291641053705287
0.365463975554465
0.305536802141331
0.448671328671329
0.296692807276946
0.296692807276946
0.296692807276946
0.307111094428249
0.105991994203518
0.336726594259166
0.342890645645501
0.316916488222698
0.316916488222698
0.316916488222698
0.19381539637463
0.128912004979446
0.101198713287521
0.248978290385123
0.362985859081572
0.362985859081572
0.362985859081572
0.347453404462161
0.0483243464609924
0.299799636705754
0.312056737588652
0.389883898838988
0.389883898838988
0.363636363636363
0.134224824005075
0.241013160764038
0.210381443412645
0.261313426627848
0.253242019203271
0.206941840240953
0.206941840240953
0.206941840240953
0.235113330772186
0.235113330772186
0.235113330772186
0.314528485134562
0.285447264967799
0.285447264967799
0.290502793296089
0.290502793296089
0.290502793296089
0.227832616215304
0.363636363636363
0.408668730650156
0.345679012345679
0.181818181818182
0.261686626762713
0.355285117664438
0.327833271486112
0.318573902758416
0.19178604020784
0.19178604020784
0.19178604020784
0.190622295100844
0.138089587645496
0.27119909855096
0.165680473372781
0.165680473372781
0.0739525873409852
0.138056574430896
0.285714285714286
0.285714285714286
0.195484663387659
0.175299899550213
0.209557888414011
0.209557888414011
0.209557888414011
0.273972602739726
0.273972602739726
0.275424054165248
0.199293388131805
0.249576053112306
0.234084664407461
0.213333333333333
0.0600728121448941
0.286429286429287
0.301075268817204
0.222788317091329
0.217573221757322
0.135261759798668
0.402948402948404
0.402948402948404
0.160034894064582
0.280254777070064
0.188180929529903
0.162240365840086
0.0851120373801683
0.233185874328896
0.313965098995927
0.25531914893617
0.284518828451883
0.319559228650138
0.0284122206031726
0.129043206193904
0.297142857142857
0.297142857142857
0.307692307692308
0.0962199312714777
0.0198567281126054
0.149855907780979
0.258399220026095
0.193741443366666
0.223231803823098
0.1751298028085
0.227384791232995
0.218181818181818
0.218181818181818
0.276276276276276
0.261682242990654
0.261682242990654
0.159324083230234
0.218706494432852
0.104868400158756
0.104868400158756
0.0844579469385708
0.218641998342016
0.214424399840558
0.168954743660302
0.199482388194201
0.124528093503504
0.27416680048259
0.27416680048259
0.167269872626431
0.0507037763466612
0.244031830238727
0.244031830238727
0.221604550843321
0.221930682626273
0.253145817912657
0.235113330772186
0.252092709966251
0.252252252252252
0.132652315821409
0.330275229357799
0.27952024325694
0.217028027498678
0.164924358161073
0.0952911401335112
0.111111111111111
0.18018018018018
0.243432620791749
0.243432620791749
0.142246479537474
0.225279499507618
0.228485871968523
0.218527315914489
0.168432129321121
0.204081632653061
0.157851304839621
0.136584949326235
0.145890038105607
0.177332156810502
0.205671771218872
0.205671771218872
0.250347981706105
0.225108225108225
0.178942262486544
0.225202300629766
0.133291283830152
0.264865849016006
0.104317432750856
0.088895499099488
0.088895499099488
0.088895499099488
0.218905472636816
0.088591511965999
0.188841416246782
0.208472611995762
0.0393773889274882
0.10009756168223
0.168958822412036
0.143616870788788
0.144913151364764
0.186525545912882
0.173655739978732
0.0636821450509745
0.342911858708623
0.213526659850668
0.215016294805997
0.128187023070569
0.191333004582467
0.264392324093817
0.157459994904157
0.157459994904157
0.157459994904157
0.264966904108444
0.218019007606656
0.213740458015267
0.190476190476191
0.201496387359653
0.217573221757322
0.217573221757322
0.217573221757322
0.246267161835588
0.127737839917088
0.0719923278086715
0.131116975398133
0.18424912882059
0.0639352645546536
0.19253661760096
0.0660522497205687
0.127595633388724
0.183580819274367
0.21556886227545
0.214576239931189
0.211584824031188
0.21556886227545
0.225519287833828
0.225519287833828
0.225519287833828
0.146561499184187
0.146561499184187
0.211036653614716
0.02798613630608
0.210163592663743
0.210163592663743
0.0378994915915642
0.119407865532982
0.13280790856381
0.0649082264573756
0.199335548172757
0.219780219780219
0.219780219780219
0.148681672025723
0.117253556429829
0.21374305812662
0.218195486617202
0.131392493263865
0.124508280000549
0.214898966777636
0.227979274611399
0.202898550724638
0.156278958538846
0.156278958538846
0.117972319607197
0.143168177493774
0.0875931999965982
0.109659391198924
0.0929905224799875
0.242047192910229
0.210526315789474
0.184615384615385
0.184615384615385
0.221105527638191
0.0666109626064057
0.158302311139266
0.144451271822077
0.119800718814644
0.215297450424929
0.0635207756988346
0.164095658090246
0.090579083837511
0.132672404407387
0.125802208751518
0.125802208751518
0.055024532654946
0.155129097013241
0.189616252821671
0.0816794202004811
0.187919463087248
0.00966122464377102
0.188679245283019
0.188679245283019
0.0898973735157528
0.208219178082192
0.123145293741102
0.123145293741102
0.199229386450665
0.106516739074879
0.0991268317131993
0.0200343793758037
0.0796043622818768
0.21505376344086
0.21505376344086
0.135940687664825
0.090636132326045
0.207407407407407
0.230348472742917
0.138891768761792
0.138891768761792
0.0711468024853514
0.0673889329594574
0.173913043478261
0.182370820668693
0.0534547361199764
0.225182789364188
0.129376520676892
0.203389830508474
0.1068939780793
0.198581560283688
0.198581560283688
0.0848160001756429
0.107279693486591
0.14370616144967
0.0681003584229393
0.114913413331834
0.0827491140137602
0.0827491140137602
0.0827491140137602
0.175953079178886
0.175953079178886
0.0920742914267236
0.120817964452321
0.161849710982659
0.161849710982659
0.143514091562257
0.252631578947369
0.127242505083297
0.086254791470986
0.0429855067654222
0.175131348511384
0.187234042553191
0.187234042553191
0.137874975260822
0.137874975260822
0.10535999931203
0.0127306552690282
0.144444270390039
0.142857142857143
0.119349611916196
0.11179124849268
0.0162745594774003
0.151351351351351
0.202020202020202
0.1420064146315
0.161172161172161
0.161172161172161
0.16842105263158
0.0727100631677493
0.203389830508474
0.203389830508474
0.0890908710847804
0.0171361578325279
0.264855687606112
0.0807906970976608
0.0807906970976608
0.110059009122223
0.126696832579186
0.148148148148148
0.0941275326462985
0.184100418410042
0.123062009543715
0.146596858638743
0.110935554748695
0.152076795560479
0.136882129277567
0.117148957693895
0.165170556552962
0.118591442917125
0.0488416503059926
0.130804020100502
0.0925126080843289
0.151696606786427
0.127189851172497
0.127189851172497
0.142857142857143
0.123076923076923
0.148148148148148
0.129930864147544
0.194957983193277
0.149532710280374
0.114193962152392
0.0523485425253795
0.0946718254053849
0.136585365853658
0.0901258638981074
0.159445407279029
0.108099708958315
0.102819766900096
0.086375975243394
0.159392789373814
0.108949416342412
0.108943089430894
0.108943089430894
0.0743181352614855
0.125560538116593
0.122931442080379
0.0623908414996947
0.137373737373737
0.0267077120122603
0.0493231768286639
0.117962466487935
0.148148148148148
0.0960611771396415
0.0569278246622377
0.0936862142942139
0.103896103896104
0.125169759699314
0.0853060274961789
0.0853060274961789
0.139449541284403
0.122448979591837
0.0755576215624989
0.11102754907107
0.110403397027601
0.110403397027601
0.110403397027601
0.0618270390384984
0.0599423953036871
0.0765155283347997
0.111553784860558
0.114285714285714
0.124247901714613
0.0635827116415795
0.0589723936339661
0.0952380952380953
0.103024820175493
0.0748276993764357
0.0332651984153431
0.0776208353389463
0.010670432156979
0.0954446854663774
0.0749313663230914
0.0756080447281046
0.101180438448567
0.0402910495493829
0.0402910495493829
0.0566722747219158
0.1
0.1
0.109589041095891
0.0801457194899818
0.0998336106489184
0.0754716981132074
0.0486234109628292
0.0886347061935418
0.0789946140035903
0.100502512562814
0.056872037914692
0.056872037914692
0.0683111954459208
0.0718562874251496
0.101867572156197
0.0499638695483497
0.0607375271149675
0.0335239066328285
0.0404129522409092
0.0110786996569627
0.0508283986544856
0.0528634361233477
0.0528634361233477
0.063943161634103
0.0737369751949626
0.0277659081065299
0.0351579978869892
0.041522491349481
0.0351730569751579
