TARA_142	TARA_143	TARA_144	TARA_149	TARA_151
1449610	0	0	0	0.625	0
2837158	0.962962962962963	0.903225806451613	0.790697674418605	0.357142857142857	0.3
4224324	0.842105263157895	0.931818181818182	0.4	0.666666666666667	0.916666666666667
4217624	0.866666666666667	0.578947368421053	0.962962962962963	0.222222222222222	0.833333333333333
6431368	0.263157894736842	0.294117647058824	0.361111111111111	0.894736842105263	0.1875
3895091	0.722222222222222	0.8125	0.875	0.7	0.8
2495944	0.461538461538462	0.804347826086957	0.853658536585366	0.222222222222222	0.705882352941177
1367172	0.533333333333333	0.611111111111111	0.758620689655172	1	0.5
2074020	0.1875	0.307692307692308	0.0285714285714286	0.166666666666667	0.555555555555556
5417711	0.333333333333333	0.741935483870968	0.794117647058823	0.666666666666667	0.777777777777778
190815	0.464285714285714	0.382978723404255	0.153846153846154	0.857142857142857	0.111111111111111
3114250	0.136363636363636	0.325	0.2	0	0.454545454545455
3052104_1	0.692307692307692	0.6	0.513513513513513	0	0.4375
3052104_2	0.692307692307692	0.6	0.513513513513513	0	0.4375
3574848	0.875	0.5	0.542857142857143	0.588235294117647	0.923076923076923
5104395	1	0.644444444444444	0.763157894736842	1	1
3668778	0.523809523809524	0.615384615384615	0.760869565217391	0.1875	0.727272727272727
64500	0.333333333333333	0.65	0.465116279069767	0.8	0.4
900597	0.08	0.25	0.257142857142857	0.666666666666667	0.0909090909090909
1258071	0.28125	0.0638297872340425	0.230769230769231	0.176470588235294	0.333333333333333
677815	0.238095238095238	0.189189189189189	0.387096774193548	0.384615384615385	0.1
1120930	0.458333333333333	0.4	0.676470588235294	0.222222222222222	0.777777777777778
4551572	0.130434782608696	0.145833333333333	0.358974358974359	0.285714285714286	0.333333333333333
870500	0.789473684210526	0.590909090909091	0.8	0.4	0.833333333333333
545805	0.681818181818182	0.40625	0.470588235294118	0.684210526315789	0.272727272727273
1020642	0.769230769230769	0.833333333333333	0.65	1	1
2426539	0.736842105263158	0.515151515151515	0.724137931034483	0.777777777777778	1
897939	0.458333333333333	0.348837209302326	0.219512195121951	0.4	0.588235294117647
1333889	0.115384615384615	0	0.305555555555556	0.0769230769230769	0
3408033	0.214285714285714	0.382978723404255	0.560975609756098	0.230769230769231	0.142857142857143
1006595	0.681818181818182	0.857142857142857	0.586206896551724	0.882352941176471	0.4
6564941	0.526315789473684	0.261904761904762	0.205882352941176	0.307692307692308	0.727272727272727
2112173	0.588235294117647	0.71875	0.472222222222222	1	1
7077231	0.0416666666666667	0.297297297297297	0.378378378378378	0.15	0.454545454545455
5710638	0.444444444444444	0.256410256410256	0.162162162162162	0.466666666666667	0.210526315789474
6556632	0.357142857142857	0.153846153846154	0.487179487179487	0.285714285714286	0.266666666666667
245562_1	0.130434782608696	0.27906976744186	0.4375	0.266666666666667	0.0714285714285714
245562_2	0.130434782608696	0.27906976744186	0.4375	0.266666666666667	0.0714285714285714
1742323	0	0.0227272727272727	0.268292682926829	0	0.0526315789473684
6367572	0.241379310344828	0.311111111111111	0.65625	0.571428571428571	0.5
1421799	0.62962962962963	0.514285714285714	0.523809523809524	0.666666666666667	0.909090909090909
4336282	0.75	0.816326530612245	0.473684210526316	0.866666666666667	0.888888888888889
6827163	0.192307692307692	0.676470588235294	0.571428571428571	0.526315789473684	0.454545454545455
1864722	0.869565217391304	0.547619047619048	0.621621621621622	0.866666666666667	1
5624034	0.8	0.564102564102564	0.644444444444444	1	0.533333333333333
78916	0.583333333333333	0.771428571428571	0.703703703703704	0.846153846153846	1
1515247	0.291666666666667	0.484848484848485	0.448275862068966	0.571428571428571	0.8
1463050	0.15	0.242424242424242	0.384615384615385	0.4	0.428571428571429
4713016	0.8125	0.775510204081633	0.458333333333333	0.714285714285714	0.545454545454545
6991577	0.380952380952381	0.828571428571429	0.548387096774194	0.466666666666667	0.583333333333333
4614295	0.888888888888889	0.851063829787234	0.708333333333333	0.631578947368421	0.416666666666667
6578688	0.703703703703704	0.883720930232558	0.585365853658537	0.923076923076923	0.727272727272727
4007714	0.181818181818182	0.217391304347826	0	0	0.230769230769231
5284683	0.615384615384615	0.307692307692308	0.4375	0.888888888888889	0.454545454545455
2598163	0.818181818181818	0.666666666666667	0.625	0.5	0.4
6823195	0.304347826086957	0.510204081632653	0.575	0.5	0.222222222222222
5873332	0.285714285714286	0.666666666666667	0.5	0.538461538461538	0.153846153846154
6143405_1	0.173913043478261	0.0408163265306122	0.234042553191489	0.571428571428571	0.25
6143405_2	0.173913043478261	0.0408163265306122	0.234042553191489	0.571428571428571	0.25
7122596_1	0.307692307692308	0.425531914893617	0.529411764705882	0.2	0.722222222222222
7122596_2	0.307692307692308	0.425531914893617	0.529411764705882	0.2	0.722222222222222
6045971	0.722222222222222	0.842105263157895	0.545454545454545	0.909090909090909	0.818181818181818
1237274	0.321428571428571	0.170731707317073	0.5	0.0666666666666667	0.555555555555556
3859984	0.565217391304348	0.266666666666667	0.191489361702128	0.444444444444444	0.357142857142857
5183377_1	0.2	0.363636363636364	0.346153846153846	0.444444444444444	0.0833333333333333
5183377_2	0.2	0.363636363636364	0.346153846153846	0.444444444444444	0.0833333333333333
3109400	0.529411764705882	0.243243243243243	0.357142857142857	0.1	0.142857142857143
4729831	0.586206896551724	0.6	0.710526315789474	0.75	0.357142857142857
2705989	1	0.6	0.512820512820513	0.692307692307692	0.75
1440409	0.5	0.484848484848485	0.59375	0.666666666666667	0.181818181818182
535824	0.818181818181818	0.804347826086957	0.555555555555556	0.692307692307692	0.363636363636364
3963390	0.238095238095238	0.21875	0.387096774193548	0.428571428571429	0.0769230769230769
4250272_1	0.419354838709677	0.386363636363636	0.418604651162791	0	0.222222222222222
4250272_2	0.419354838709677	0.386363636363636	0.418604651162791	0	0.222222222222222
6934993	0	0.181818181818182	0	0	0
1050175	0.88	0.966666666666667	0.7	1	1
3400063	0.655172413793103	0.4	0.352941176470588	0.444444444444444	0.666666666666667
7030989	0.260869565217391	0.4375	0.485714285714286	0.692307692307692	0.714285714285714
3226099	0.903225806451613	0.808510638297872	0.897959183673469	0.846153846153846	1
1173948	0.75	0.75	0.575757575757576	0.333333333333333	0.636363636363636
68437	0.75	0.822222222222222	0.634146341463415	0.692307692307692	0.823529411764706
332656	0	0.0476190476190476	0.214285714285714	0.133333333333333	0.0833333333333333
1584973	0.666666666666667	0.695652173913043	0.390243902439024	0.272727272727273	0.789473684210526
5769182	0.7	0.822222222222222	0.926829268292683	1	0.636363636363636
2257604	1	1	1	0.85	1
6695219	0.625	0.51063829787234	0.588235294117647	0.916666666666667	0.411764705882353
259156	0.388888888888889	0.6	0.641025641025641	0.5	0.583333333333333
1167638	0	0.418604651162791	0.241379310344828	0.2	0.0769230769230769
1332106	0.933333333333333	0.695652173913043	0.878048780487805	0.727272727272727	0.588235294117647
5336267	0.24	0.185185185185185	0.317073170731707	0.0625	0
802878	0.3125	0.487179487179487	0.441176470588235	0.0833333333333333	0.25
5568959	0.230769230769231	0.404761904761905	0.295454545454545	0.1875	0.583333333333333
1553745	0.444444444444444	0.808510638297872	0.743589743589744	0.705882352941177	0.857142857142857
2622801	0.545454545454545	0.48936170212766	0.790697674418605	0.636363636363636	0.666666666666667
3902343	0.666666666666667	0.515151515151515	0.53125	0.666666666666667	0.166666666666667
6867007	0.4	0.783783783783784	0.444444444444444	0.764705882352941	0.5
5631989	0.409090909090909	0.72	0.8	0.85	0.75
1069001	0.391304347826087	0.490196078431373	0.675675675675676	0.933333333333333	0.583333333333333
6397093	0.941176470588235	0.790697674418605	0.571428571428571	0.555555555555556	0.6875
4945851	0.105263157894737	0.244897959183673	0.263157894736842	0.0833333333333333	0.142857142857143
1636882	0.433333333333333	0.515151515151515	0.236842105263158	0.0909090909090909	0.285714285714286
193786	0.454545454545455	0.44	0.6	0.25	0.857142857142857
4202733	0.321428571428571	0.468085106382979	0.575	0.571428571428571	0.2
5426853	0.72	0.658536585365854	0.424242424242424	0.428571428571429	0.222222222222222
1354010	0.08	0.276595744680851	0.0476190476190476	0.235294117647059	0.0909090909090909
3593761_1	0.739130434782609	0.674418604651163	0.875	0.866666666666667	0.818181818181818
3593761_2	0.739130434782609	0.674418604651163	0.875	0.866666666666667	0.818181818181818
1391701	0.526315789473684	0.666666666666667	0.770833333333333	0.75	0.333333333333333
4153281	0.75	0.901960784313726	0.738095238095238	1	0.875
2138691	0.454545454545455	0.611111111111111	0.416666666666667	0.181818181818182	0.666666666666667
6821856	0.210526315789474	0.386363636363636	0.314285714285714	0.272727272727273	0
2374458	0.217391304347826	0.227272727272727	0.272727272727273	0.0833333333333333	0.631578947368421
951018	0.8	0.826086956521739	0.551724137931034	1	0.888888888888889
41819	0.333333333333333	0.25	0.205882352941176	0.4	0.2
4351263	0.576923076923077	0.735294117647059	0.5	0.777777777777778	0.272727272727273
1905697	0.482758620689655	0.686274509803922	0.461538461538462	0.25	0.733333333333333
4435775	0.75	0.606060606060606	0.766666666666667	0.9375	0.714285714285714
5582031	0.238095238095238	0.302325581395349	0.470588235294118	0.133333333333333	0.166666666666667
6371572	0.851851851851852	0.826086956521739	0.73469387755102	1	0.722222222222222
4848935	0.352941176470588	0.375	0.694444444444444	0.533333333333333	0.416666666666667
5768722_1	0.363636363636364	0.177777777777778	0.0487804878048781	0.176470588235294	0
5768722_2	0.363636363636364	0.177777777777778	0.0487804878048781	0.176470588235294	0
1182008	0.5	0.878787878787879	0.684210526315789	0.8125	0.888888888888889
1188501	0.55	0.342105263157895	0.296296296296296	0.5	0.1
6970620	0.291666666666667	0.204545454545455	0.263157894736842	0.2	0.142857142857143
5154932	0.227272727272727	0.358974358974359	0.225806451612903	0.5625	0
3833890	0.4	0.4	0.617647058823529	0.6	0.5625
1108690	0.740740740740741	0.757575757575758	0.676470588235294	0.75	0.75
24129_1	0.75	0.531914893617021	0.65625	0.411764705882353	0.272727272727273
24129_2	0.75	0.531914893617021	0.65625	0.411764705882353	0.272727272727273
3247223	0.6	0.581395348837209	0.377777777777778	0.133333333333333	0.3
4653486	0.133333333333333	0.212765957446809	0.0425531914893617	0.235294117647059	0.153846153846154
1058859	0.75	0.653846153846154	0.847826086956522	0.473684210526316	0.666666666666667
3826074	0.35	0.512820512820513	0.48	0.166666666666667	0.642857142857143
5473429	0.25	0.235294117647059	0.157894736842105	0.1	0.2
824306	0.620689655172414	0.659090909090909	0.591836734693878	0.294117647058824	0.666666666666667
447284	0.192307692307692	0.511111111111111	0.25	0.333333333333333	0.583333333333333
4205863	0.3	0.485714285714286	0.192307692307692	0.307692307692308	0.0909090909090909
5717971	0.19047619047619	0.479166666666667	0.375	0.526315789473684	0.0625
1123889	0.125	0.294117647058824	0.325581395348837	0	0
625470	0.76	0.630434782608696	0.717948717948718	0.4	0.916666666666667
2073993	0.230769230769231	0.263157894736842	0.354166666666667	0.181818181818182	0.176470588235294
1775762	0.615384615384615	0.75	0.743589743589744	0.357142857142857	0.615384615384615
1620768	0.75	0.627906976744186	0.447368421052632	0.684210526315789	0.444444444444444
3089787	0.0909090909090909	0.285714285714286	0.0909090909090909	0.166666666666667	0.25
898753	0.4	0.333333333333333	0.4	0.666666666666667	0.25
3962791	0.444444444444444	0.416666666666667	0.441176470588235	0.2	0.0833333333333333
6722902_1	0.583333333333333	0.509433962264151	0.543478260869565	0.888888888888889	0.352941176470588
6722902_2	0.583333333333333	0.509433962264151	0.543478260869565	0.888888888888889	0.352941176470588
3644215	0.481481481481481	0.26530612244898	0.266666666666667	0.0909090909090909	0.230769230769231
6676235	0.714285714285714	0.735294117647059	0.9375	0.9	0.8
3373060	0	0	0.157894736842105	0	0
6426701	0.277777777777778	0.409090909090909	0.5	0.1	0.142857142857143
4142322	0.583333333333333	0.694444444444444	0.425	0.714285714285714	0.818181818181818
6056507_1	0.75	0.411764705882353	0.342857142857143	0.384615384615385	0.6
6056507_2	0.75	0.411764705882353	0.342857142857143	0.384615384615385	0.6
6056507_3	0.75	0.411764705882353	0.342857142857143	0.384615384615385	0.6
7070678	0.642857142857143	0.411764705882353	0.611111111111111	0.210526315789474	0.470588235294118
1325583_1	0.2	0.184210526315789	0.393939393939394	0.142857142857143	0.1
1325583_2	0.2	0.184210526315789	0.393939393939394	0.142857142857143	0.1
3366176_1	0.714285714285714	0.717391304347826	0.808510638297872	0.9	1
3366176_2	0.714285714285714	0.717391304347826	0.808510638297872	0.9	1
5866212	0.5	0.789473684210526	0.7	1	0.75
6528631	0.814814814814815	0.431818181818182	0.580645161290323	0.571428571428571	0.625
4476514	0.217391304347826	0.391304347826087	0.5	0.5	0.583333333333333
4117195	0.653846153846154	0.533333333333333	0.709677419354839	1	0.583333333333333
5765400	0.80952380952381	0.833333333333333	0.75609756097561	1	0.842105263157895
1989415	0.961538461538462	0.674418604651163	0.825	0.65	0.666666666666667
4257272	0.476190476190476	0.648648648648649	0.761904761904762	1	0.692307692307692
3487563	0.5	0.648648648648649	0.580645161290323	0.888888888888889	0.846153846153846
4691014	0.304347826086957	0.35	0.391304347826087	0.526315789473684	0.2
5550088	0.384615384615385	0.509803921568627	0.414634146341463	0.222222222222222	0.5
3268774	0.25	0.277777777777778	0.542857142857143	0.470588235294118	0.428571428571429
4150940	0.166666666666667	0.216216216216216	0.15	0.266666666666667	0.6
6390658	0.25	0.228571428571429	0.487179487179487	0.1	0.25
5500653	0.444444444444444	0.434782608695652	0.641025641025641	0.230769230769231	0.666666666666667
460200	0.807692307692308	0.725	0.787878787878788	0.611111111111111	0.666666666666667
3000242	0.214285714285714	0.0512820512820513	0.19047619047619	0.0909090909090909	0
5924153	0.346153846153846	0.525	0.651162790697674	0.3125	0.416666666666667
4977225	0.266666666666667	0.428571428571429	0.419354838709677	0.105263157894737	0.2
913551	0.647058823529412	0.4	0.641025641025641	0.631578947368421	0.5
3607496_1	0.5	0.533333333333333	0.611111111111111	1	0.588235294117647
3607496_2	0.5	0.533333333333333	0.611111111111111	1	0.588235294117647
142695	0.84	0.657894736842105	0.883720930232558	0.692307692307692	0.666666666666667
85371	0.476190476190476	0.3	0.408163265306122	0.214285714285714	0.454545454545455
1322179	0.08	0.357142857142857	0.28	0.111111111111111	0.272727272727273
2584521	0.566666666666667	0.743589743589744	0.542857142857143	0.714285714285714	0.9
1405388	0.555555555555556	0.509433962264151	0.583333333333333	0.526315789473684	0.333333333333333
1073752	0.35	0.19047619047619	0.416666666666667	0.2	0.166666666666667
563350	0.782608695652174	0.604166666666667	0.615384615384615	0.9	0.384615384615385
6606690	0.647058823529412	0.5	0.685714285714286	0.6	0.181818181818182
5604649	0.307692307692308	0.658536585365854	0.486486486486487	0.368421052631579	0.526315789473684
1874238	0.214285714285714	0.5	0.472222222222222	0.357142857142857	0.181818181818182
745058	0.666666666666667	0.682926829268293	0.85	0.823529411764706	1
2506086	0.764705882352941	0.621621621621622	0.75	0.818181818181818	0.428571428571429
1956336_1	0.25	0.395348837209302	0.102564102564103	0.0769230769230769	0.0769230769230769
1956336_2	0.25	0.395348837209302	0.102564102564103	0.0769230769230769	0.0769230769230769
5970584	0.478260869565217	0.6	0.333333333333333	0.5	0.8125
1423161	0.6875	0.909090909090909	0.764705882352941	1	1
4595885_1	0.875	0.764705882352941	0.612903225806452	0.875	1
4595885_2	0.875	0.764705882352941	0.612903225806452	0.875	1
1332519	1	0.767441860465116	0.8	0.5	0.857142857142857
4425675	0.5	0.365853658536585	0.634146341463415	0.428571428571429	0.444444444444444
6614099_1	0.238095238095238	0.244897959183673	0.5	0.1875	0.444444444444444
6614099_2	0.238095238095238	0.244897959183673	0.5	0.1875	0.444444444444444
2730472	0.272727272727273	0.3	0.422222222222222	0.461538461538462	0.3125
7069139	0.379310344827586	0.272727272727273	0.292682926829268	0.333333333333333	0.2
1311230	0.366666666666667	0.48	0.733333333333333	0.473684210526316	0.533333333333333
2950705	0.482758620689655	0.65	0.421052631578947	0.7	0.818181818181818
1964096	0.241379310344828	0.119047619047619	0.28125	0.0909090909090909	0.571428571428571
6411593	0.363636363636364	0.641025641025641	0.488372093023256	0.666666666666667	0.909090909090909
2748208	0.037037037037037	0.0909090909090909	0.243243243243243	0.0769230769230769	0
6570804	0.92	0.882352941176471	0.86046511627907	0.642857142857143	1
4614862	0.392857142857143	0.388888888888889	0.411764705882353	0.117647058823529	0.461538461538462
2733944	0.636363636363636	0.675	0.857142857142857	1	0.909090909090909
5697989	0	0.258064516129032	0.256410256410256	0.0769230769230769	0.333333333333333
2826432	0.387096774193548	0.276595744680851	0.4375	0.421052631578947	0.7
2000806_1	0.04	0.276595744680851	0.333333333333333	0.416666666666667	0.133333333333333
2000806_2	0.04	0.276595744680851	0.333333333333333	0.416666666666667	0.133333333333333
6096694	0.380952380952381	0.51063829787234	0.72	0.25	0.428571428571429
6620178	0.428571428571429	0.275	0.384615384615385	0.0526315789473684	0.285714285714286
4849029	0.857142857142857	0.717391304347826	0.652173913043478	0.411764705882353	0.833333333333333
2531218	0.44	0.583333333333333	0.512820512820513	0.5	0.8
1246562	0.35	0.302325581395349	0.414634146341463	0.727272727272727	0.411764705882353
5970145	0.777777777777778	0.538461538461538	0.692307692307692	0.727272727272727	0.714285714285714
486833	0.764705882352941	0.65	0.606060606060606	0.357142857142857	0.7
5342818	0.346153846153846	0.263157894736842	0.510204081632653	0.222222222222222	0.111111111111111
5770425	1	0.8	0.844444444444444	0.894736842105263	0.642857142857143
5607449	0.523809523809524	0.755555555555556	0.743589743589744	0.470588235294118	0.846153846153846
7062323	0.0714285714285714	0.2	0.382352941176471	0.0769230769230769	0.133333333333333
6234554	0.3125	0.439024390243902	0.394736842105263	0.454545454545455	0.230769230769231
4233637	0.68	0.673469387755102	0.82	0.571428571428571	0.375
1454548_1	0.5	0.4	0.365853658536585	0.3	0.3
1454548_2	0.5	0.4	0.365853658536585	0.3	0.3
6031575	0.826086956521739	0.727272727272727	0.727272727272727	0.952380952380952	0.933333333333333
345428	0.157894736842105	0.454545454545455	0.414634146341463	0.4	0.235294117647059
3965389	0.15	0.4	0.260869565217391	0.15	0.277777777777778
1624190	0.5	0.630434782608696	0.58695652173913	0.619047619047619	0.666666666666667
6640866	0.653846153846154	0.810810810810811	0.644444444444444	0.3	0.9
460691	0.730769230769231	0.673469387755102	0.840909090909091	0.857142857142857	0.666666666666667
1466288	0.241379310344828	0.272727272727273	0.28	0.307692307692308	0.529411764705882
3930341	0.521739130434783	0.5	0.702702702702703	0.785714285714286	0.384615384615385
31586	0.296296296296296	0.477272727272727	0.514285714285714	0.363636363636364	0.5
2992780	0.208333333333333	0.1	0.303030303030303	0.285714285714286	0.2
3830495	0.125	0.222222222222222	0.4	0.266666666666667	0.333333333333333
6296534	0.0833333333333333	0.0882352941176471	0.128205128205128	0	0.117647058823529
2962456	0.894736842105263	0.658536585365854	0.888888888888889	0.818181818181818	1
5438435	0.260869565217391	0.3	0.305555555555556	0.315789473684211	0.0833333333333333
3200885	0.761904761904762	0.511627906976744	0.363636363636364	0.636363636363636	0.6875
365947	0.75	0.769230769230769	0.970588235294118	0.9	0.941176470588235
2250889	0.5	0.432432432432432	0.693877551020408	0.666666666666667	0.6
5507195_1	0.607142857142857	0.794117647058823	0.725	0.615384615384615	0.866666666666667
5507195_2	0.607142857142857	0.794117647058823	0.725	0.615384615384615	0.866666666666667
951368	0.388888888888889	0.380952380952381	0.366666666666667	0.642857142857143	0.583333333333333
4175307	0.535714285714286	0.631578947368421	0.365853658536585	0.583333333333333	0.733333333333333
1504321	0.206896551724138	0.377777777777778	0.294117647058824	0.133333333333333	0.1
1961873	0	0.2	0.25	0.0833333333333333	0.3125
2278559	0.153846153846154	0.35	0.333333333333333	0.142857142857143	0.384615384615385
2307756	0.647058823529412	0.5	0.375	0.25	0.454545454545455
1065283	0.71875	0.80952380952381	0.805555555555556	0.578947368421053	0.944444444444444
472080	0.625	0.731707317073171	0.6	0.615384615384615	0.8
5337003	0.5	0.58	0.634146341463415	0.5	0.769230769230769
4438464	0.608695652173913	0.636363636363636	0.59375	0.75	0.3
2103467	0.807692307692308	0.527777777777778	0.678571428571429	0.533333333333333	0.428571428571429
815448	0.636363636363636	0.472222222222222	0.555555555555556	0.777777777777778	0.588235294117647
4089608	0.615384615384615	0.710526315789474	0.606060606060606	0.8	0.222222222222222
4037881	0.961538461538462	0.9375	0.795454545454545	1	0.666666666666667
6515788	0.555555555555556	0.571428571428571	0.581395348837209	0.4	0.4375
4331012	0.315789473684211	0.456521739130435	0.470588235294118	0.2	0
6613032_1	0.740740740740741	0.790697674418605	0.971428571428571	0.736842105263158	1
6613032_2	0.740740740740741	0.790697674418605	0.971428571428571	0.736842105263158	1
3475171	0.75	0.782608695652174	0.933333333333333	0.916666666666667	0.5
7103609	0.592592592592593	0.5	0.382978723404255	0.666666666666667	0.333333333333333
1192303	0.55	0.9	0.813953488372093	0.888888888888889	0.785714285714286
5125507	0.833333333333333	0.833333333333333	0.769230769230769	0.714285714285714	1
1233598	0.136363636363636	0.405405405405405	0.259259259259259	0.1875	0.166666666666667
394355	0.548387096774194	0.377358490566038	0.428571428571429	0.142857142857143	0.625
1359415	0.517241379310345	0.4	0.375	0.571428571428571	0.1875
5738919	0.714285714285714	0.659090909090909	0.675675675675676	0.818181818181818	0.916666666666667
1429258	0.476190476190476	0.425	0.357142857142857	0.583333333333333	0.461538461538462
1527310	0.222222222222222	0.510204081632653	0.256410256410256	0.333333333333333	0.615384615384615
3260039	0.90625	0.943396226415094	0.8	0.833333333333333	0.727272727272727
101359_1	0.133333333333333	0.34375	0.5	0.411764705882353	0.25
101359_2	0.133333333333333	0.34375	0.5	0.411764705882353	0.25
544711	0.791666666666667	0.71875	0.51219512195122	0.727272727272727	0.363636363636364
5996405	0.321428571428571	0.588235294117647	0.333333333333333	0.454545454545455	0.2
1516039	0.333333333333333	0.545454545454545	0.317073170731707	0.285714285714286	0.666666666666667
4227264	0.263157894736842	0.233333333333333	0.444444444444444	0.230769230769231	0.5
6947008	0.631578947368421	0.4	0.481481481481481	0.777777777777778	0.636363636363636
6075605	0.391304347826087	0.304347826086957	0.5	0.411764705882353	0.611111111111111
3207340	1	0.909090909090909	0.741935483870968	0.933333333333333	0.916666666666667
5959859	0.105263157894737	0.2	0.176470588235294	0.125	0
2209423	0.7	0.5625	0.813953488372093	0.714285714285714	0.714285714285714
6085806	0.269230769230769	0.387755102040816	0.354166666666667	0.2	0.470588235294118
5833518	0.761904761904762	0.585365853658537	0.72	0.761904761904762	0.928571428571429
515655_1	0.761904761904762	0.67741935483871	0.75	0.636363636363636	0.785714285714286
515655_2	0.761904761904762	0.67741935483871	0.75	0.636363636363636	0.785714285714286
251325	0.535714285714286	0.68	0.774193548387097	0.923076923076923	0.769230769230769
6401651	0.909090909090909	0.962264150943396	0.782608695652174	0.904761904761905	0.857142857142857
4950552	0.28125	0.302325581395349	0.1875	0.352941176470588	0.235294117647059
3926864	0.375	0.357142857142857	0.571428571428571	0.473684210526316	0.4375
2998327	0.5	0.214285714285714	0.297297297297297	0.461538461538462	0.235294117647059
343553	0.0526315789473684	0.333333333333333	0.3125	0.222222222222222	0.111111111111111
1416021	0.233333333333333	0.378378378378378	0.34375	0.3	0.0666666666666667
4530863_1	1	0.790697674418605	0.791666666666667	1	0.9
4530863_2	1	0.790697674418605	0.791666666666667	1	0.9
4530863_3	1	0.790697674418605	0.791666666666667	1	0.9
199661	0.307692307692308	0.375	0.234042553191489	0.555555555555556	0.4
4514386	0.1	0.0285714285714286	0.219512195121951	0	0.222222222222222
5025458	0.888888888888889	0.774193548387097	0.743589743589744	1	0.7
6869939	0.862068965517241	0.631578947368421	0.628571428571429	0.928571428571429	0.666666666666667
5957165	0.625	0.486486486486487	0.457142857142857	0.818181818181818	0.416666666666667
7082815	0.95	0.833333333333333	0.868421052631579	0.916666666666667	0.818181818181818
5880119	0.8	0.731707317073171	0.648648648648649	0.9	0.75
2321749	0.368421052631579	0.615384615384615	0.666666666666667	0.611111111111111	0.923076923076923
2455109	0.275862068965517	0.431372549019608	0.615384615384615	0.222222222222222	0.384615384615385
1143075	0	0.152173913043478	0.133333333333333	0.230769230769231	0.166666666666667
3187817	0.666666666666667	0.816326530612245	0.783783783783784	0.85	0.777777777777778
161682	0.454545454545455	0.456521739130435	0.210526315789474	0.45	0.583333333333333
3814091	0.866666666666667	0.8	0.69047619047619	0.583333333333333	0.777777777777778
634690	0.238095238095238	0.292682926829268	0.409090909090909	0.444444444444444	0.714285714285714
6970334	0.178571428571429	0.0930232558139535	0.205128205128205	0.0666666666666667	0.235294117647059
1415416	0.607142857142857	0.707317073170732	0.854166666666667	0.473684210526316	0.642857142857143
679223	0.434782608695652	0.645833333333333	0.560975609756098	0.3	0.529411764705882
110701	0.56	0.7	0.394736842105263	0.692307692307692	0.444444444444444
636926	0.25	0.325	0.125	0.181818181818182	0.230769230769231
2610657	0	0.21875	0.297297297297297	0.214285714285714	0.285714285714286
5293968	0.681818181818182	0.558823529411765	0.534883720930233	0.470588235294118	0.6875
1531941_1	0.333333333333333	0.372093023255814	0.424242424242424	0.181818181818182	0.166666666666667
1531941_2	0.333333333333333	0.372093023255814	0.424242424242424	0.181818181818182	0.166666666666667
6050552	0.666666666666667	0.742857142857143	0.7	0.733333333333333	1
6763758	0.518518518518518	0.297872340425532	0.361702127659574	0.5	0.166666666666667
5522411	0.208333333333333	0.155555555555556	0.0444444444444444	0.3125	0.0666666666666667
5420014	0.0714285714285714	0.177777777777778	0.181818181818182	0.1875	0.0588235294117647
6835328	1	0.833333333333333	0.80952380952381	0.722222222222222	1
3632783	0.636363636363636	0.627906976744186	0.717948717948718	0.714285714285714	0.857142857142857
2402401	0.166666666666667	0.431818181818182	0.404761904761905	0.272727272727273	0.473684210526316
4807822	0.222222222222222	0.260869565217391	0.22	0.0588235294117647	0.0833333333333333
3567688	0.565217391304348	0.581395348837209	0.588235294117647	0.692307692307692	0.5
2130129	0.5	0.478260869565217	0.666666666666667	0.666666666666667	0.222222222222222
5935283_1	0.344827586206897	0.595744680851064	0.5	0.315789473684211	0.4
5935283_2	0.344827586206897	0.595744680851064	0.5	0.315789473684211	0.4
5935283_3	0.344827586206897	0.595744680851064	0.5	0.315789473684211	0.4
5553796	0.5625	0.418604651162791	0.489795918367347	0.4	0.444444444444444
3021753	0.538461538461538	0.594594594594595	0.763157894736842	0.461538461538462	0.818181818181818
2176833	0.470588235294118	0.65	0.657894736842105	0.583333333333333	0.428571428571429
1499923	0.1875	0.355555555555556	0.32258064516129	0.2	0.545454545454545
2818400	0.863636363636364	0.615384615384615	0.727272727272727	0.833333333333333	0.615384615384615
1196763	0.428571428571429	0.431372549019608	0.195652173913043	0.461538461538462	0.384615384615385
4439227	0.53125	0.318181818181818	0.461538461538462	0.411764705882353	0.5
6927289	0.8	0.871794871794872	0.897435897435897	0.857142857142857	1
6806678	0.75	0.675675675675676	0.6	0.923076923076923	0.818181818181818
1367076_1	0.444444444444444	0.302325581395349	0.476190476190476	0.5	0.466666666666667
1367076_2	0.444444444444444	0.302325581395349	0.476190476190476	0.5	0.466666666666667
1182552	0.44	0.673913043478261	0.514285714285714	0.3	0.5
4372623	0.55	0.571428571428571	0.75	0.6	0.8125
4681615	0.535714285714286	0.452380952380952	0.387096774193548	0.666666666666667	0.210526315789474
1428885	0.789473684210526	0.71875	0.777777777777778	0.733333333333333	0.928571428571429
1418644	0.35	0.547619047619048	0.371428571428571	0.571428571428571	0.2
3258572	0.647058823529412	0.651162790697674	0.675675675675676	1	0.8
589639	0.04	0.177777777777778	0.162790697674419	0	0.307692307692308
5562245	0.227272727272727	0.534883720930233	0.413793103448276	0.533333333333333	0.25
5167627	0.72	0.66	0.825	0.875	0.75
1479684	0.181818181818182	0.128205128205128	0.34375	0.0555555555555556	0.133333333333333
1531331	0.521739130434783	0.675	0.580645161290323	0.583333333333333	0.625
7126282	0.909090909090909	0.684210526315789	0.833333333333333	0.9	0.944444444444444
6279574	0.458333333333333	0.363636363636364	0.423076923076923	0.4375	0.0769230769230769
590703	0.454545454545455	0.466666666666667	0.441860465116279	0.333333333333333	0.2
514637	0.375	0.318181818181818	0.333333333333333	0.0909090909090909	0.166666666666667
1534872	0.741935483870968	0.5	0.574468085106383	0.416666666666667	0.727272727272727
1796134	0.741935483870968	0.631578947368421	0.666666666666667	0.857142857142857	0.7
4276059	0.28	0.404761904761905	0.5	0.375	0.6
1355410	0.478260869565217	0.657142857142857	0.5	0.461538461538462	0.7
4137472	0.85	0.804347826086957	0.769230769230769	0.916666666666667	0.764705882352941
3202935	0.857142857142857	0.771428571428571	0.775	0.8	0.8125
4773516	0.384615384615385	0.604651162790698	0.48780487804878	0.315789473684211	0.5
1257494	0.04	0.204081632653061	0.224489795918367	0.307692307692308	0.428571428571429
4362374	0.954545454545455	0.73469387755102	0.897435897435897	0.705882352941177	0.833333333333333
3429383	0.518518518518518	0.534883720930233	0.459459459459459	0.153846153846154	0.411764705882353
6117056	0.272727272727273	0.311111111111111	0.170731707317073	0.444444444444444	0.105263157894737
3043403	0.304347826086957	0.105263157894737	0.228571428571429	0.0666666666666667	0.384615384615385
3694164	0.28	0.2	0.219512195121951	0.2	0.0666666666666667
5327615	0.565217391304348	0.333333333333333	0.439024390243902	0.466666666666667	0.8
1094314	0.235294117647059	0.30952380952381	0.405405405405405	0.333333333333333	0.444444444444444
4569679	0.5	0.523809523809524	0.615384615384615	0.461538461538462	0.533333333333333
1396219	0.428571428571429	0.377777777777778	0.444444444444444	0.421052631578947	0.615384615384615
257451	0.458333333333333	0.5	0.548387096774194	0.25	0.461538461538462
2360151	0.681818181818182	0.590909090909091	0.736842105263158	0.571428571428571	0.727272727272727
5041788	0.925925925925926	0.80952380952381	0.675	0.909090909090909	0.8
4697965_1	0.818181818181818	0.75	0.717391304347826	0.866666666666667	0.785714285714286
4697965_2	0.818181818181818	0.75	0.717391304347826	0.866666666666667	0.785714285714286
5875572	0.85	0.711111111111111	0.680851063829787	0.888888888888889	0.733333333333333
1638670	0.193548387096774	0.25	0.319148936170213	0.25	0.142857142857143
1273790	0.333333333333333	0.428571428571429	0.51063829787234	0.571428571428571	0.636363636363636
1044740	0.4	0.6	0.595744680851064	0.636363636363636	0.214285714285714
563108	0.333333333333333	0.375	0.194444444444444	0.166666666666667	0.25
1980530	0.8	0.733333333333333	0.692307692307692	0.933333333333333	0.833333333333333
5455602	0.434782608695652	0.609756097560976	0.547619047619048	0.526315789473684	0.857142857142857
160207	0.2	0.333333333333333	0.260869565217391	0.0588235294117647	0.4
2502415	0.666666666666667	0.596153846153846	0.58695652173913	0.214285714285714	0.666666666666667
6158499	0.857142857142857	0.771428571428571	0.731707317073171	0.833333333333333	0.909090909090909
1713973	0.8125	0.775	0.744186046511628	0.538461538461538	0.833333333333333
1384005	0.137931034482759	0.358974358974359	0.380952380952381	0.266666666666667	0.230769230769231
6007158	0.777777777777778	0.62	0.581395348837209	0.533333333333333	0.583333333333333
3543809	0.464285714285714	0.276595744680851	0.369565217391304	0.454545454545455	0.666666666666667
321318	0.217391304347826	0.541666666666667	0.395348837209302	0.230769230769231	0.388888888888889
1112855	0.28125	0.175	0.183673469387755	0.125	0
2729567	0.0689655172413793	0.208333333333333	0.152173913043478	0.388888888888889	0.222222222222222
679342	0.45	0.553191489361702	0.5	0.588235294117647	0.166666666666667
1785741_1	0.62962962962963	0.727272727272727	0.6	0.777777777777778	0.777777777777778
1785741_2	0.62962962962963	0.727272727272727	0.6	0.777777777777778	0.777777777777778
4651813	0.565217391304348	0.611111111111111	0.488888888888889	0.727272727272727	0.692307692307692
3662251	0.434782608695652	0.405405405405405	0.444444444444444	0.461538461538462	0.6
3288560	0.25	0.2	0.282051282051282	0.444444444444444	0.3
299221	0.75	0.847826086956522	0.685714285714286	0.875	0.909090909090909
2323212	0.56	0.519230769230769	0.382978723404255	0.733333333333333	0.25
4623728	0.84	0.566666666666667	0.8125	0.7	0.727272727272727
5747689	0.2	0.238095238095238	0.0740740740740741	0.272727272727273	0
5922164	0	0.210526315789474	0.0833333333333333	0.2	0.230769230769231
2072040	0.708333333333333	0.785714285714286	0.612244897959184	0.5	0.666666666666667
6523917	0.36	0.444444444444444	0.404255319148936	0.666666666666667	0.153846153846154
1402750_1	0.541666666666667	0.651162790697674	0.67741935483871	0.375	0.666666666666667
1402750_2	0.541666666666667	0.651162790697674	0.67741935483871	0.375	0.666666666666667
2470804	0.6875	0.644444444444444	0.580645161290323	0.647058823529412	0.666666666666667
2431378	0.16	0.184210526315789	0.282051282051282	0	0
5845292	0.28	0.27027027027027	0.176470588235294	0.1	0
6938688	0.19047619047619	0.333333333333333	0.138888888888889	0.210526315789474	0.0909090909090909
1398815	0.88	0.80952380952381	0.678571428571429	1	0.846153846153846
617744	0.888888888888889	0.931818181818182	0.833333333333333	1	1
734032	0.5625	0.444444444444444	0.365853658536585	0.5	0.3
3499844	0.68	0.720930232558139	0.65625	0.8	0.5
1114026	0.214285714285714	0.193548387096774	0.235294117647059	0.2	0.416666666666667
935948	0.6	0.716981132075472	0.666666666666667	0.666666666666667	0.454545454545455
4756940	0.689655172413793	0.594594594594595	0.775	0.733333333333333	0.823529411764706
978608	0.24	0.363636363636364	0.380952380952381	0.416666666666667	0.2
231739	0.565217391304348	0.480769230769231	0.62	0.625	0.615384615384615
489243	0.5	0.5	0.636363636363636	0.5625	0.642857142857143
698169_1	0.2	0.288461538461538	0.371428571428571	0.3125	0.615384615384615
698169_2	0.2	0.288461538461538	0.371428571428571	0.3125	0.615384615384615
16643	0.655172413793103	0.625	0.567567567567568	0.444444444444444	0.764705882352941
1074623	0.185185185185185	0.196078431372549	0.315789473684211	0.4	0.1
6454104	0.529411764705882	0.371428571428571	0.32258064516129	0.294117647058824	0.384615384615385
1183808	0.19047619047619	0.230769230769231	0.166666666666667	0.0588235294117647	0.384615384615385
7055493	0.357142857142857	0.522727272727273	0.617647058823529	0.333333333333333	0.363636363636364
1993676	0.19047619047619	0.361111111111111	0.3125	0.285714285714286	0.25
6656251	0.538461538461538	0.697674418604651	0.541666666666667	0.631578947368421	0.714285714285714
3737991	0.814814814814815	0.547619047619048	0.630434782608696	0.625	0.636363636363636
5326444_1	0.9375	0.8	0.6875	0.666666666666667	0.833333333333333
5326444_2	0.9375	0.8	0.6875	0.666666666666667	0.833333333333333
881877	0.454545454545455	0.36	0.541666666666667	0.272727272727273	0.5
282932	0.37037037037037	0.232558139534884	0.285714285714286	0.235294117647059	0
3813495	0.620689655172414	0.365384615384615	0.479166666666667	0.538461538461538	0.4
4105655	0.692307692307692	0.829268292682927	0.804878048780488	0.538461538461538	0.818181818181818
2410667	0.724137931034483	0.60377358490566	0.688888888888889	0.714285714285714	0.571428571428571
790839_1	0.727272727272727	0.794871794871795	0.7	0.846153846153846	1
790839_2	0.727272727272727	0.794871794871795	0.7	0.846153846153846	1
1863913	0.785714285714286	0.645833333333333	0.791666666666667	0.8	0.647058823529412
6501346	0.285714285714286	0.24390243902439	0.363636363636364	0.0666666666666667	0.1875
5784784	0.4	0.473684210526316	0.441860465116279	0.666666666666667	0.7
1570613	0.545454545454545	0.333333333333333	0.41304347826087	0.333333333333333	0.222222222222222
5036258	0.241379310344828	0.325	0.210526315789474	0.181818181818182	0.285714285714286
6501917	0.419354838709677	0.653061224489796	0.564102564102564	0.75	0.533333333333333
2710998	0.789473684210526	0.833333333333333	0.707317073170732	0.642857142857143	0.9
5671456	0.76	0.846153846153846	0.833333333333333	0.625	0.714285714285714
5825711	0.111111111111111	0.108108108108108	0.230769230769231	0	0
3616484	0.178571428571429	0.372549019607843	0.217391304347826	0.222222222222222	0.0833333333333333
857261	0.25	0.209302325581395	0.210526315789474	0	0.461538461538462
28400	0.461538461538462	0.541666666666667	0.608695652173913	0.5	0.75
4562161	0.130434782608696	0.236842105263158	0.363636363636364	0.2	0.0769230769230769
654730	0.894736842105263	0.605263157894737	0.69047619047619	0.727272727272727	0.666666666666667
30517	0.392857142857143	0.533333333333333	0.523809523809524	0.25	0.615384615384615
4070402	0.882352941176471	0.851063829787234	0.744186046511628	0.666666666666667	1
5632789	0.206896551724138	0.166666666666667	0.275862068965517	0.3	0.384615384615385
1871402	0.346153846153846	0.523809523809524	0.6	0.571428571428571	0.555555555555556
4639933	0.366666666666667	0.363636363636364	0.290322580645161	0.166666666666667	0.142857142857143
3902066	0.4	0.266666666666667	0.162790697674419	0.166666666666667	0.1
1651482	0.625	0.682926829268293	0.666666666666667	0.9375	0.727272727272727
4541713	0.210526315789474	0.227272727272727	0.342105263157895	0.3	0.333333333333333
162710	0.875	0.666666666666667	0.755555555555556	0.6875	0.916666666666667
3293460	0.842105263157895	0.634146341463415	0.684210526315789	0.923076923076923	0.611111111111111
1630157	0.571428571428571	0.638297872340426	0.55	0.571428571428571	0.363636363636364
1270315	0.157894736842105	0.205128205128205	0.159090909090909	0.166666666666667	0
5077679	0.304347826086957	0.222222222222222	0.135135135135135	0.272727272727273	0
433594_1	0.714285714285714	0.566037735849057	0.627906976744186	0.666666666666667	0.727272727272727
433594_2	0.714285714285714	0.566037735849057	0.627906976744186	0.666666666666667	0.727272727272727
5679371	0.258064516129032	0.372093023255814	0.411764705882353	0.277777777777778	0.6
101909	0.761904761904762	0.666666666666667	0.675675675675676	0.857142857142857	0.8
1329963	0.48	0.555555555555556	0.472222222222222	0.526315789473684	0.7
3483928	0.117647058823529	0.351351351351351	0.27906976744186	0.1	0.375
5533736	0.774193548387097	0.82	0.644444444444444	0.857142857142857	0.533333333333333
503891_1	0.615384615384615	0.558823529411765	0.625	0.333333333333333	0.75
503891_2	0.615384615384615	0.558823529411765	0.625	0.333333333333333	0.75
2844978	0.6	0.558139534883721	0.581395348837209	0.375	0.333333333333333
2082294	0.388888888888889	0.36734693877551	0.551020408163265	0.307692307692308	0.636363636363636
681156	0.2	0.313725490196078	0.435897435897436	0.294117647058824	0.5
2458692	0.388888888888889	0.470588235294118	0.433333333333333	0.466666666666667	0.363636363636364
5815173	0.666666666666667	0.545454545454545	0.609756097560976	0.4375	0.5
2868035	0.692307692307692	0.775	0.9	0.875	0.833333333333333
5620100	0.227272727272727	0.324324324324324	0.288888888888889	0.2	0.583333333333333
4554900_1	0.5	0.571428571428571	0.675	0.733333333333333	0.818181818181818
4554900_2	0.5	0.571428571428571	0.675	0.733333333333333	0.818181818181818
5087785	0.730769230769231	0.516129032258065	0.6	0.769230769230769	0.666666666666667
4987302	0.407407407407407	0.529411764705882	0.390243902439024	0.444444444444444	0.25
2772239	0.608695652173913	0.693877551020408	0.642857142857143	0.375	0.5625
6648278	1	0.877551020408163	0.785714285714286	0.923076923076923	0.846153846153846
2225364	0.714285714285714	0.564102564102564	0.468085106382979	0.5625	0.583333333333333
3497243	0.290322580645161	0.422222222222222	0.333333333333333	0.375	0.176470588235294
4300227	0.266666666666667	0.325	0.488372093023256	0.357142857142857	0.384615384615385
3185540	0.32	0.204081632653061	0.32	0.357142857142857	0.428571428571429
6562326	0.708333333333333	0.804347826086957	0.702127659574468	0.9	0.578947368421053
6733925	0.260869565217391	0.369565217391304	0.333333333333333	0.153846153846154	0.307692307692308
6384759	0.105263157894737	0.162162162162162	0.2	0	0.2
6667989	0.44	0.461538461538462	0.42	0.555555555555556	0.333333333333333
440203	0.6	0.489795918367347	0.472222222222222	0.45	0.625
690453	0.272727272727273	0.210526315789474	0.244897959183673	0.2	0.0769230769230769
6241821	0.315789473684211	0.177777777777778	0.107142857142857	0.230769230769231	0.0833333333333333
6372115	0.814814814814815	0.775	0.727272727272727	0.933333333333333	0.727272727272727
1264403	0.793103448275862	0.847826086956522	0.707317073170732	0.736842105263158	0.823529411764706
1051212	0.44	0.588235294117647	0.5	0.6875	0.615384615384615
1715805	0.2	0.2	0.272727272727273	0.357142857142857	0.0909090909090909
5540647	0.458333333333333	0.470588235294118	0.423076923076923	0.266666666666667	0.625
2617566	0.5	0.543478260869565	0.53125	0.705882352941177	0.666666666666667
939094	0.68	0.804347826086957	0.675	0.857142857142857	0.6
2481722	0.611111111111111	0.720930232558139	0.631578947368421	0.904761904761905	0.818181818181818
305600	0.136363636363636	0.188679245283019	0.256410256410256	0.307692307692308	0.176470588235294
4405379	0.357142857142857	0.415094339622642	0.358974358974359	0.45	0.176470588235294
3555690	0.473684210526316	0.295454545454545	0.5	0.4	0.363636363636364
5551376	0.684210526315789	0.717948717948718	0.685714285714286	0.588235294117647	0.75
2688189	0.388888888888889	0.452380952380952	0.341463414634146	0.230769230769231	0.285714285714286
3907250	0.37037037037037	0.558139534883721	0.444444444444444	0.461538461538462	0.333333333333333
2822769	0.666666666666667	0.476190476190476	0.566666666666667	0.368421052631579	0.5
211830	0.526315789473684	0.384615384615385	0.256410256410256	0.333333333333333	0.235294117647059
4021324	0.842105263157895	0.857142857142857	0.808510638297872	0.736842105263158	0.785714285714286
4147141	0.666666666666667	0.76	0.696969696969697	0.588235294117647	0.615384615384615
5580174	0.416666666666667	0.394736842105263	0.447368421052632	0.6	0.428571428571429
1175358	0.517241379310345	0.568181818181818	0.377777777777778	0.352941176470588	0.333333333333333
3266991	0.666666666666667	0.880952380952381	0.723404255319149	0.666666666666667	0.8
81723	0.772727272727273	0.745098039215686	0.722222222222222	0.769230769230769	0.923076923076923
5445452	0.52	0.416666666666667	0.486486486486487	0.555555555555556	0.235294117647059
1203820	0.625	0.617647058823529	0.540540540540541	0.545454545454545	0.692307692307692
4411529	0.866666666666667	0.878787878787879	0.763157894736842	0.9	1
1396674	0.19047619047619	0.25	0.419354838709677	0.1	0.25
3757096	0.541666666666667	0.542857142857143	0.382352941176471	0.416666666666667	0.666666666666667
5542877	0.785714285714286	0.775510204081633	0.72972972972973	0.866666666666667	0.625
2677096	0.368421052631579	0.358974358974359	0.333333333333333	0.6	0.230769230769231
6107257	0.863636363636364	0.702702702702703	0.697674418604651	0.666666666666667	0.647058823529412
1613024	0.944444444444444	0.767441860465116	0.810810810810811	0.818181818181818	0.733333333333333
5831214	0.352941176470588	0.395348837209302	0.333333333333333	0.416666666666667	0.25
7126572	0.703703703703704	0.666666666666667	0.763157894736842	0.823529411764706	0.846153846153846
6132009	0.357142857142857	0.333333333333333	0.387096774193548	0.333333333333333	0.6
1893353	0.703703703703704	0.744186046511628	0.711111111111111	0.9	0.666666666666667
7038582	0.2	0.222222222222222	0.325	0.235294117647059	0.230769230769231
271064	0.0384615384615385	0.136363636363636	0	0.153846153846154	0.105263157894737
5883302	0.588235294117647	0.6	0.612903225806452	0.8125	0.666666666666667
1427822	0.586206896551724	0.60377358490566	0.5	0.705882352941177	0.571428571428571
4162162	0.375	0.297297297297297	0.257142857142857	0.230769230769231	0.307692307692308
414288	0.703703703703704	0.511627906976744	0.6	0.6	0.764705882352941
4551942	0.379310344827586	0.5	0.541666666666667	0.444444444444444	0.352941176470588
463422	0.535714285714286	0.509803921568627	0.555555555555556	0.684210526315789	0.466666666666667
3761377	0.708333333333333	0.456521739130435	0.6	0.555555555555556	0.5
5922211	0.7	0.702702702702703	0.67741935483871	0.615384615384615	0.777777777777778
4905817	0.217391304347826	0.268292682926829	0.108108108108108	0.125	0.0714285714285714
134514	0.68	0.849056603773585	0.866666666666667	0.736842105263158	0.944444444444444
239379	0.80952380952381	0.630434782608696	0.604651162790698	0.736842105263158	0.6
5012389_1	0.833333333333333	0.630434782608696	0.697674418604651	0.538461538461538	0.833333333333333
5012389_2	0.833333333333333	0.630434782608696	0.697674418604651	0.538461538461538	0.833333333333333
5012389_3	0.833333333333333	0.630434782608696	0.697674418604651	0.538461538461538	0.833333333333333
4853400	0.333333333333333	0.297297297297297	0.423076923076923	0.214285714285714	0.1875
4812415	0.192307692307692	0.277777777777778	0.342857142857143	0.333333333333333	0.0833333333333333
3355373	0.722222222222222	0.697674418604651	0.666666666666667	0.933333333333333	0.857142857142857
3446934	0.285714285714286	0.166666666666667	0.266666666666667	0.2	0
5996826	0.222222222222222	0.290322580645161	0.333333333333333	0.176470588235294	0.454545454545455
5950041	0.482758620689655	0.615384615384615	0.565217391304348	0.736842105263158	0.642857142857143
2878792	0.208333333333333	0.292682926829268	0.2	0.2	0.235294117647059
5575945	0.461538461538462	0.404255319148936	0.303030303030303	0.5	0.578947368421053
2179500	0.645161290322581	0.765957446808511	0.782608695652174	0.684210526315789	0.647058823529412
5659664	0.4	0.459459459459459	0.476190476190476	0.444444444444444	0.4
5483563	0.52	0.51063829787234	0.444444444444444	0.416666666666667	0.636363636363636
1532967	0.461538461538462	0.613636363636364	0.564102564102564	0.777777777777778	0.6
5244914	0.208333333333333	0.260869565217391	0.229166666666667	0.125	0.2
2710305	0.375	0.263157894736842	0.452380952380952	0.421052631578947	0.5
5945576	0.05	0.148936170212766	0.117647058823529	0.307692307692308	0.133333333333333
4314339	0.230769230769231	0.368421052631579	0.384615384615385	0.545454545454545	0.230769230769231
2665214	0.739130434782609	0.686274509803922	0.608695652173913	0.842105263157895	0.705882352941177
4879610_1	0.269230769230769	0.348837209302326	0.4	0.1875	0.222222222222222
4879610_2	0.269230769230769	0.348837209302326	0.4	0.1875	0.222222222222222
602129	0.8	0.6	0.615384615384615	0.571428571428571	0.6
2939569	0.758620689655172	0.75	0.825	0.722222222222222	1
5861228	0.466666666666667	0.595238095238095	0.536585365853659	0.777777777777778	0.3
2181118	0.272727272727273	0.261904761904762	0.195652173913043	0.4	0.0909090909090909
3421596	0.08	0.22	0.2	0.133333333333333	0.142857142857143
5550286	0.48	0.444444444444444	0.317073170731707	0.368421052631579	0.4
1910366	0.269230769230769	0.296296296296296	0.333333333333333	0.285714285714286	0.153846153846154
4693565_1	0.263157894736842	0.357142857142857	0.210526315789474	0.157894736842105	0.3
4693565_2	0.263157894736842	0.357142857142857	0.210526315789474	0.157894736842105	0.3
6003501	0.0952380952380952	0.0833333333333333	0.230769230769231	0.117647058823529	0.117647058823529
1252191	0.91304347826087	0.84	0.816326530612245	1	0.916666666666667
6089137	0.346153846153846	0.441860465116279	0.5	0.4	0.636363636363636
3728672	0.375	0.552631578947368	0.394736842105263	0.333333333333333	0.6
5434531	0.48	0.555555555555556	0.625	0.526315789473684	0.625
1500010	0.315789473684211	0.408163265306122	0.382352941176471	0.294117647058824	0.5
3348492	0.714285714285714	0.604166666666667	0.727272727272727	0.5	0.538461538461538
2906715	0.2	0.25	0.310344827586207	0.0833333333333333	0.2
6280670	0.461538461538462	0.342857142857143	0.315789473684211	0.333333333333333	0.230769230769231
6209000	0.157894736842105	0.244897959183673	0.27027027027027	0.1	0.3
3803430	0.166666666666667	0.276595744680851	0.179487179487179	0.125	0.416666666666667
3029970	0.521739130434783	0.478260869565217	0.609756097560976	0.5	0.352941176470588
5432039	0.25	0.27906976744186	0.285714285714286	0.272727272727273	0.222222222222222
2196082	0.529411764705882	0.394736842105263	0.3	0.25	0.307692307692308
3330426	0.740740740740741	0.8	0.727272727272727	0.666666666666667	1
4559326	0.304347826086957	0.325	0.325	0.555555555555556	0.444444444444444
1328605	0.310344827586207	0.234042553191489	0.28	0.142857142857143	0.142857142857143
6513820	0.791666666666667	0.684210526315789	0.8	0.8	0.692307692307692
3813192	0.5	0.48936170212766	0.486486486486487	0.727272727272727	0.714285714285714
4093405	0.769230769230769	0.8125	0.914285714285714	0.789473684210526	0.777777777777778
1273749	0.2	0.148936170212766	0.0714285714285714	0	0.214285714285714
7045422	0.952380952380952	0.877551020408163	0.846153846153846	0.833333333333333	1
4467992	0.64	0.736842105263158	0.605263157894737	0.761904761904762	0.583333333333333
2380423	0.793103448275862	0.868421052631579	0.73469387755102	0.785714285714286	0.7
3343329	0.966666666666667	0.836734693877551	0.941176470588235	0.9375	0.888888888888889
2029177	0.814814814814815	0.684210526315789	0.619047619047619	0.7	0.769230769230769
1061491	0.6	0.484848484848485	0.5625	0.545454545454545	0.545454545454545
4679480	0.75	0.674418604651163	0.642857142857143	0.647058823529412	0.75
1791951	0.882352941176471	0.829787234042553	0.840909090909091	0.785714285714286	0.666666666666667
5056056	0.761904761904762	0.777777777777778	0.735294117647059	0.8	1
82362	0.869565217391304	0.739130434782609	0.744186046511628	0.823529411764706	0.714285714285714
5141869	0.866666666666667	0.803921568627451	0.840909090909091	1	0.9
6176833	0.428571428571429	0.314814814814815	0.325	0.210526315789474	0.214285714285714
3750084	0.818181818181818	0.8	0.888888888888889	0.714285714285714	0.846153846153846
4976405	0.178571428571429	0.275	0.184210526315789	0.0909090909090909	0.1
5248638_1	0.44	0.302325581395349	0.36	0.266666666666667	0.2
5248638_2	0.44	0.302325581395349	0.36	0.266666666666667	0.2
5248638_3	0.44	0.302325581395349	0.36	0.266666666666667	0.2
4198522	0.357142857142857	0.314285714285714	0.4	0.444444444444444	0.2
1335879_1	0.419354838709677	0.5	0.454545454545455	0.3125	0.470588235294118
1335879_2	0.419354838709677	0.5	0.454545454545455	0.3125	0.470588235294118
1335879_3	0.419354838709677	0.5	0.454545454545455	0.3125	0.470588235294118
4941564	0.857142857142857	0.8	0.857142857142857	0.941176470588235	1
3332111	0.111111111111111	0.216216216216216	0.147058823529412	0.166666666666667	0.222222222222222
2043766	0.409090909090909	0.4375	0.393939393939394	0.285714285714286	0.454545454545455
4341482	0.173913043478261	0.157894736842105	0.27027027027027	0.263157894736842	0.142857142857143
4049982	0.36	0.333333333333333	0.307692307692308	0.1875	0.272727272727273
5650153	0.428571428571429	0.568181818181818	0.604651162790698	0.4	0.461538461538462
5470848	0.285714285714286	0.408163265306122	0.27027027027027	0.277777777777778	0.333333333333333
5925547	0.333333333333333	0.428571428571429	0.379310344827586	0.5	0.235294117647059
3550243	0.166666666666667	0.216216216216216	0.193548387096774	0.111111111111111	0.2
5569848	0.8	0.711111111111111	0.8	0.65	0.733333333333333
3032865	0.736842105263158	0.72	0.760869565217391	0.909090909090909	0.785714285714286
3871093	0.652173913043478	0.439024390243902	0.448979591836735	0.545454545454545	0.428571428571429
2759450	0.0952380952380952	0.179487179487179	0.0882352941176471	0.1	0.166666666666667
5642419	0.384615384615385	0.234042553191489	0.3	0.4375	0.266666666666667
1182845	0.827586206896552	0.75	0.761904761904762	0.916666666666667	0.777777777777778
2588790	0.75	0.648648648648649	0.694444444444444	0.727272727272727	0.555555555555556
3443512	0.3125	0.266666666666667	0.325	0.19047619047619	0.375
1590325	0.192307692307692	0.1875	0.131578947368421	0.142857142857143	0.0909090909090909
5414213	0.347826086956522	0.222222222222222	0.366666666666667	0.25	0.357142857142857
682143	0.526315789473684	0.444444444444444	0.482758620689655	0.416666666666667	0.538461538461538
3329877	0.565217391304348	0.613636363636364	0.594594594594595	0.65	0.4375
2156979	0.523809523809524	0.463414634146341	0.411764705882353	0.428571428571429	0.357142857142857
1392493	0.12	0.181818181818182	0.15625	0.153846153846154	0
3588294	0.478260869565217	0.526315789473684	0.432432432432432	0.4	0.307692307692308
6654737	0.761904761904762	0.615384615384615	0.703703703703704	0.769230769230769	0.631578947368421
5839841	0.55	0.595238095238095	0.625	0.578947368421053	0.625
3318360	0.85	0.810810810810811	0.894736842105263	0.866666666666667	0.8
3989902	0.75	0.717391304347826	0.8	0.6875	0.785714285714286
3247135	0.172413793103448	0.179487179487179	0.244444444444444	0.153846153846154	0.210526315789474
693821	0.222222222222222	0.219512195121951	0.243243243243243	0.25	0.210526315789474
