0.714285714285714
0.435481352861137
0.266036519422857
0.41981086121042
0.334725546010093
0.0296184000633549
0.292795755997893
0.192332486479805
0.209209511586897
0.162511417870415
0.374117446379403
0.175606797128894
0.290961465884307
0.290961465884307
0.181664752674088
0.268873622606265
0.214825203649244
0.147607653846164
0.287465387997664
0.0631743786891716
0.0816110070270981
0.196994884279144
0.0601801680304486
0.157193065596644
0.128254730523796
0.180508850140991
0.15935187899656
0.0768786562536143
0.175727342538972
0.131317402608391
0.183725941402484
0.195089408596018
0.310404108939427
0.145162603779837
0.0905732094825738
0.0706577347876346
0.112833986088691
0.112833986088691
0.201730836564029
0.123368541261328
0.112066157276609
0.154811609738623
0.132563197126804
0.209098655628739
0.180295697221254
0.142248406859253
0.139765167753347
0.0656810612639549
0.104157013683647
0.115315839761808
0.170638680978938
0.106309992198059
0.123039025473277
0.20051395388963
0.107108114910783
0.0932748568002121
0.173248195513886
0.201891001318097
0.201891001318097
0.165543172512438
0.165543172512438
0.111401454797368
0.199318563526392
0.0930172938918179
0.101548750851461
0.101548750851461
0.151341462924488
0.097858153409264
0.16667727941927
0.13708933118753
0.158429010035233
0.101218489974449
0.159585681307336
0.159585681307336
0.188679245283019
0.195305761600828
0.0865001704063223
0.142737621866099
0.0538593306162379
0.123486250915963
0.0357671502647646
0.0782815778925277
0.196857239274965
0.153717069161036
0.154639175257732
0.151296310983287
0.0403772069518067
0.170506809523833
0.109135778765042
0.123676158465952
0.119911514640602
0.111992391019266
0.125555604750884
0.0576903327845455
0.167499880511523
0.136173383382174
0.144311659339897
0.181181904725199
0.125497941285054
0.047785823239259
0.1294356287246
0.203986525606335
0.109446683096333
0.161160075086756
0.0843702886881777
0.0455588815087746
0.0455588815087746
0.138876457525449
0.09630936330798
0.145314064724567
0.11956446891322
0.20649331127868
0.180039350604677
0.0373974071871927
0.167302226290329
0.151138072629675
0.0774327973295722
0.0922063174914973
0.0874384214833465
0.0800670373367547
0.153677002993416
0.153677002993416
0.143197842057112
0.138905547022186
0.0197667241041222
0.213247751978119
0.0465101719163094
0.00567045308674759
0.144710381039129
0.144710381039129
0.161138153335423
0.0435778328200097
0.087638364782163
0.132982401484501
0.0242938263782312
0.0981115183970296
0.120299178553991
0.108787109299189
0.174782957303816
0.191741482691794
0.16751814683399
0.028772311573997
0.107033302953682
0.0800797649657313
0.0550908240643621
0.100822194662625
0.126854185183104
0.156782133165829
0.156782133165829
0.10004677119274
0.0651996913905238
0.163043478260869
0.142154641879163
0.0978854667849435
0.118271978763485
0.118271978763485
0.118271978763485
0.120962198371506
0.0785197524294264
0.0785197524294264
0.105893087334741
0.105893087334741
0.171091545105552
0.0796283958882127
0.0808850973073846
0.157790343424665
0.0646223717757562
0.098639815171267
0.178651292096677
0.133537295311064
0.062588741658076
0.055881416365758
0.0664519174471212
0.169168379589946
0.101015706203574
0.126272793697811
0.0334867463053562
0.0853542945906898
0.0776598232269193
0.0965481295954647
0.0491949239537122
0.179276608974558
0.179276608974558
0.0593297705285664
0.0525428717675227
0.0824718597319345
0.099220267141049
0.0385778441953107
0.0637970840943827
0.170421457040139
0.165076353266689
0.0759328107582027
0.0929988008142108
0.118366372305856
0.111669792234608
0.13279300490828
0.13279300490828
0.126882464894059
0.178813391812746
0.146220958083046
0.146220958083046
0.197230783143383
0.0410598830155442
0.0888873232799809
0.0888873232799809
0.0300296457094473
0.0217340049923383
0.0729998849600407
0.110625446914926
0.189644316887785
0.178275036646553
0.105893982716481
0.148109154232938
0.0802845623226731
0.160128529840385
0.129935066278942
0.0985828567794207
0.126977787719249
0.126977787719249
0.122343082107442
0.10376203511495
0.150763138164176
0.0795471329696219
0.112570179180051
0.0381655475316215
0.102930648747457
0.107884760912595
0.126099400032035
0.118217511980613
0.114866534172514
0.037853817105688
0.115889281755942
0.0294626281122047
0.0294626281122047
0.0840747301041068
0.0744963143728795
0.0581724535678062
0.0165729126850487
0.234800988998949
0.044241874913277
0.0612191314255695
0.108032124697501
0.0372429150059764
0.0381655248449103
0.0561718474383599
0.0331939110279497
0.126267767242624
0.049938146465079
0.102035461093079
0.0875041168447411
0.0502880928862869
0.0630978906159817
0.0630978906159817
0.0680834133007485
0.0749665333586386
0.0758022644687495
0.113863758763977
0.0669749603737178
0.0879198229794842
0.102619164847055
0.0347461847811547
0.0520973995867305
0.114227200873417
0.091560617601381
0.0535965175171586
0.201434584877413
0.172087603719119
0.0283084620776376
0.186550738985862
0.126967116859011
0.126967116859011
0.174942653360503
0.0777109907914714
0.119668567517711
0.081525150652829
0.0650158992551421
0.140314679334868
0.0913347518857178
0.0641906839993452
0.0274482301438346
0.120523290577864
0.0552826587063739
0.0917090038656855
0.0917090038656855
0.136241252651313
0.0922854151282935
0.114522777752429
0.073646684929994
0.0895253681507475
0.0550785546240735
0.10145103751015
0.0567943242832744
0.0385200662880886
0.0493644341498604
0.080551977385895
0.0196375893826624
0.0196375893826624
0.104086058824169
0.0440597607203733
0.0202625667312308
0.0298496979535762
0.0766311634272365
0.0921144687396072
0.0779138589903966
0.11750148625976
0.11750148625976
0.11750148625976
0.0615003390224791
0.107210222933793
0.10132179288898
0.104802446001187
0.109015131038897
0.0286676084008167
0.0478712758104526
0.168640507389005
0.098775910011065
0.0608074633535881
0.0276951578788731
0.0748060469996802
0.0629503950094337
0.140234396200394
0.0402272665182526
0.0861994926787574
0.0699449942428418
0.0788274581240678
0.0325024423732207
0.0884996928229499
0.0372733795998792
0.0641035654895383
0.0641035654895383
0.0991580869041973
0.0918795669302928
0.0897650826214404
0.0354797431630089
0.136647727272727
0.041211859977116
0.0709657684857254
0.059355710232666
0.0197298143089109
0.132984260930377
0.0545930685557869
0.0545930685557869
0.0545930685557869
0.0169952221100552
0.0981996095323663
0.0440718961472787
0.0961935848705096
0.0696867649789554
0.048424667336215
0.0282717395814156
0.0530571863283114
0.0841937384126732
0.024958019305608
0.024958019305608
0.0730790251191616
0.0608308026067192
0.116745663624766
0.0415884912902349
0.0974605984880559
0.122611743450756
0.125605928003531
0.0924915336256377
0.0404058155363638
0.0829711636016324
0.0134957856156617
0.0854937777529763
0.109038865916309
0.054656065851422
0.077595253774518
0.0831104676787751
0.0375933219768576
0.0610741119329309
0.0497121611419699
0.0274205704176435
0.00760975436552161
0.050110403709368
0.111627383525155
0.0770184760712144
0.0980620926020366
0.0890809177833493
0.104068689799539
0.0390160349355823
0.124904112467314
0.02980873777202
0.0129133049347413
0.0338641792147793
0.0528523524449315
0.0262555826863679
0.069987056330679
0.0202242193282717
0.0202242193282717
0.0473544656036976
0.0248510050708877
0.0566162367492653
0.128879273917187
0.0407149950347566
0.0542489716473743
0.105382832144187
0.0913316976924021
0.14457948963867
0.0333571866562221
0.0726643471084846
0.0490107944939027
0.0373583440744733
0.08461556338096
0.078619127136795
0.0811579729970799
0.0839939907066086
0.113585660066944
0.0332103990368459
0.0332103990368459
0.0390993324943819
0.0231220212329408
0.0403366860940146
0.0567885550816615
0.134078748827594
0.058868485627658
0.100773068988114
0.0796926999710285
0.0507725218837814
0.140093642991096
0.067360530097324
0.067360530097324
0.00701341080774874
0.138379299531912
0.101240029183346
0.0535794386211864
0.102271813495715
0.0808741697723881
0.0443351453759092
0.0551569626374261
0.0463417256002691
0.0441136542258477
0.0381129254756364
0.0410714784298683
0.0153395246784081
0.0199271491656765
0.106978666660752
0.106978666660752
0.0582915591252901
0.0767135779283302
0.0350976127081423
0.0854578852081757
0.0634177779731241
0.0205652981660649
0.0295700412861384
0.0427246903763475
0.0730653071972875
0.0730653071972875
0.0485883133770374
0.108469382688424
0.0428094867611204
0.0787654874030991
0.0210715354299663
0.0931831056871409
0.0931831056871409
0.032896388964995
0.0701821538431306
0.075611971986351
0.0613430305726996
0.0176198116223119
0.064207409187559
0.0591063804709548
0.0447275221765401
0.112302838204132
0.0645385988568251
0.15371841056593
0.052434504663644
0.0747324995491719
0.0584074745120147
0.0826051044444024
0.116526922941522
0.0366523174665345
0.0406052922887272
0.0579867388701427
0.0804662582166533
0.0760992516985307
0.0180920435344661
0.0724733889939282
0.0970216445401234
0.0430983377296501
0.0530654134364365
0.0987417901102276
0.0193691001348373
0.0193691001348373
0.078966218991593
0.0356360205806338
0.0342912503977262
0.0901276864454216
0.0906120560454064
0.0956485201955226
0.0956485201955226
0.062891989226804
0.0765108571508125
0.0625313641333578
0.00916083707490792
0.0326931439891201
0.046143827449468
0.106269034310118
0.0713355775438018
0.0713355775438018
0.0457047839131705
0.0428499644875922
0.0614574288752253
0.0648136649994206
0.031901412396066
0.0403987689794695
0.0290742386131103
0.0300701836788925
0.0752701245016266
0.0340845592470465
0.0611359250481019
0.0259207864863151
0.0253219971599626
0.0351144952979721
0.059586954667952
0.0447279828931954
0.0202152317239052
0.038604465106939
0.0560152317050983
0.0661416176097132
0.0341127691045765
0.0548288470794359
0.0799683250030657
0.0278023959348122
0.0487692639100274
0.028460656981334
0.0170090369695913
0.0333184094815067
0.0310070480202175
0.0489346223263023
0.0600488676064061
0.0145846238786215
0.0206662040084281
0.0270480416423363
0.0456115532720536
0.0453231578025953
0.0371974563318713
0.0651767818797947
0.0166008279663921
0.0685997085794197
0.0741493060108177
0.0516525229651693
0.0425641198846123
0.0780322308931446
0.0362274067940142
0.0426093881810934
0.0184553710163044
0.0320581790043466
0.0528927455590617
0.0434621677549091
0.0125331500855667
0.0541400850938497
0.0378818538377682
0.0228150252317945
0.014604122784843
0.0423424199460592
0.0254741964626122
0.0270818812739531
0.0384790219002873
0.0160101782306558
0.0502843871778904
0.0746039259692468
0.0393665780570211
0.0799264713267646
0.0799264713267646
0.0799264713267646
0.0434596386175461
0.0638487177196616
0.0751030220158223
0.085972878035804
0.0556036416222572
0.0371360331115944
0.00881071472777731
0.0433939446529867
0.0205661156143177
0.00490931424033879
0.0289846754928672
0.0545252751503471
0.0155744865015378
0.0338009426592058
0.0703564168169264
0.074695910147737
0.0356078854842431
0.0379808519863348
0.0379808519863348
0.0368547544409614
0.0820356370643816
0.123078167374004
0.0694200164451335
0.0238136407965086
0.0168781973012177
0.023485050835871
0.0312243508034699
0.0312243508034699
0.0308091003325411
0.0569527271315979
0.0497206310217272
0.0558501835517621
0.0162287483494633
0.028326760066352
0.0440518363537772
0.0422388584779365
0.030544124688468
0.0410238659313008
0.0763533625308749
0.0343472264708917
0.00348506090335791
0.0526193042139559
0.0979994214391625
0.0484640759912581
0.0345067232835584
0.0192906268325507
0.0648285851726046
0.022936768343286
0.0736475625333134
0.058125132965864
0.0285392641073227
0.0236304780545318
0.0339889411978919
0.028678227286624
0.00697809505291158
0.0134726864253054
0.0428605003514768
0.0746256802612531
0.024865190330237
0.0536061260301042
0.0390519105111578
0.0276789378283121
0.0404374030240346
0.0387366960236761
0.0387366960236761
0.0387366960236761
0.0388336882636907
0.0214637428220459
0.0214637428220459
0.0214637428220459
0.0643304879127838
0.0154593228345875
0.0182765687889567
0.0227255875214008
0.0215988825948335
0.0319143229174646
0.0153611518240011
0.0424043542101985
0.0116226504183211
0.0209566469364902
0.0330426510817132
0.0366069950574852
0.0171781998968352
0.0325130041706174
0.0298092455248866
0.0270127592467668
0.0232834884826102
0.0139440885315204
0.0212735117873206
0.0108453494703051
0.0270275768715085
0.0155662282885583
0.0480719335289356
0.0280314944357
0.0241363367546761
0.0042349694948323
0.0117246272401331
0.0115787858743623
0.00819691758639796
0.00158687208747627
