0.805213933279328
0.79855914097982
0.668535064734387
0.695475648611743
0.693956071722452
0.65542883700976
0.578430104745894
0.578507035165612
0.590802656760626
0.514871836864456
0.539955555559048
0.589101529073706
0.532073564937767
0.626748369967542
0.534688022283278
0.560184760324614
0.459201922299306
0.561546689328782
0.383996215484227
0.406443513557701
0.544167136312267
0.501290353660131
0.657854066158643
0.657854066158643
0.657854066158643
0.405133200686967
0.413465502341013
0.463747456669782
0.444726178337057
0.450829617724767
0.479823049226329
0.533864109916367
0.330463622891822
0.442539525880173
0.442539525880173
0.485819638291812
0.430869755106751
0.430869755106751
0.428680540856841
0.382516444496187
0.382516444496187
0.445153609355727
0.372265554818678
0.430749406975332
0.400401735160387
0.41111467253083
0.401123181256853
0.197178699727742
0.285106973945113
0.292696867333702
0.346601467635897
0.393395735475659
0.358050631748853
0.275047121937074
0.268381628227873
0.357559587247477
0.366731173546076
0.366731173546076
0.291890379486892
0.283268880382267
0.373096823774213
0.320901447522507
0.330936692147278
0.291133331749718
0.291133331749718
0.300651871383579
0.311924932675045
0.369928592516808
0.369928592516808
0.265280173307896
0.300852180752486
0.2382552707052
0.2382552707052
0.224913120685978
0.317801962088103
0.359009720585957
0.26139347733925
0.24609889235392
0.263541679501005
0.302493382152564
0.256542969958741
0.252786111236117
0.208527390293513
0.206798220173305
0.176145623290887
0.162567833953975
0.162025892123662
0.185363291917194
0.138492174687147
0.220330691321187
0.138233799303805
0.120169742171928
0.164950409843733
0.11341413712954
0.223941790941698
0.125174155346569
0.139731978770908
0.135687387781115
0.129443740341299
0.0914877876527872
0.116125010736558
0.0793650793650792
0.0839248449133178
