TARA_151	TARA_4	TARA_18	TARA_25	TARA_30
189252	14	21	60	47	66
2707032	12	22	46	33	67
1510653	15	28	46	31	50
1001835_1	9	17	30	17	37
1001835_2	9	17	30	17	37
2095356	13	17	23	17	34
628649	12	22	42	27	57
65913_1	16	23	44	33	57
65913_2	16	23	44	33	57
1218636_1	13	11	27	17	36
1218636_2	13	11	27	17	36
388241	9	20	55	32	56
411483_1	9	18	45	19	49
411483_2	9	18	45	19	49
1041491	9	29	63	45	78
1833563	14	21	60	34	64
808575	11	20	38	29	47
1893884	16	12	25	29	36
2480407	18	24	38	43	62
503002	11	17	35	18	54
205779	11	11	33	20	48
1574758	9	18	47	49	58
1835382	11	9	39	21	45
170534	10	28	50	29	49
2050652	9	13	32	22	32
75380	14	22	35	30	41
2094922	18	17	58	31	69
2028259_1	17	21	43	28	69
2028259_2	17	21	43	28	69
496091	19	25	59	49	63
2766243	14	24	48	41	69
1197451	9	15	34	23	37
1934471	14	10	29	19	35
539466	12	17	23	21	36
1644248_1	12	20	39	36	53
1644248_2	12	20	39	36	53
2939866_1	13	17	33	32	48
2939866_2	13	17	33	32	48
1937251	10	18	37	44	55
1711097	14	17	44	32	44
2247851	12	25	49	49	81
50906	11	16	48	48	41
2275833	14	19	54	42	41
1648374	15	15	56	29	66
323610	9	29	25	19	50
1749359	10	22	44	33	32
2155023_1	19	15	46	44	46
2155023_2	19	15	46	44	46
686541	12	9	30	16	35
537477	10	17	28	23	41
665033	12	11	24	18	31
216669	10	15	40	30	64
2598254	13	24	41	34	69
425620	11	11	23	15	43
588028	11	19	33	21	55
1578397	9	11	33	22	35
1680565	11	22	69	39	71
12335	9	10	18	25	29
2121266	13	18	30	33	44
858194	14	14	66	44	69
341583_1	9	15	39	29	36
341583_2	9	15	39	29	36
991137	10	16	56	43	56
11283	9	11	37	30	51
525693	11	10	19	19	30
369644_1	12	14	28	21	49
369644_2	12	14	28	21	49
1467955	9	21	26	18	31
819726	14	18	52	29	67
1012384	15	19	49	29	65
800614	19	12	23	24	64
2096971	16	16	53	46	76
2929571	9	9	26	25	40
860448	10	20	51	40	63
2306236	12	16	22	22	30
2437476	12	26	48	39	66
741281	9	11	25	29	30
2566692	11	16	26	17	44
506029	13	12	33	23	40
2270690	13	24	51	37	72
982460	15	16	31	18	45
1386739	9	14	22	15	31
2328397_1	9	22	31	36	47
2328397_2	9	22	31	36	47
2741597_1	12	10	27	28	44
2741597_2	12	10	27	28	44
1340655	17	20	44	27	42
2172685	9	18	27	17	52
1450336_1	9	13	38	27	43
1450336_2	9	13	38	27	43
1087949	13	16	57	46	59
1895065_1	10	16	52	32	42
1895065_2	10	16	52	32	42
247969	11	9	38	38	42
445692_1	15	14	63	48	63
445692_2	15	14	63	48	63
445692_3	15	14	63	48	63
582011	9	13	27	28	45
371657	16	26	43	19	42
1863885	14	14	44	36	50
182198	14	20	54	36	70
1164121	13	13	43	45	57
1087473	9	23	67	26	63
885819	9	17	42	34	63
2699875	14	14	34	43	56
45047	14	14	37	35	65
1598347	15	22	39	44	60
277579	19	16	45	26	56
2419188	11	10	33	23	43
2681960	11	15	41	30	46
71517	13	26	61	49	43
566209	11	25	54	44	53
1975756	12	25	40	34	73
2555779	14	19	41	21	58
1009182	9	30	44	34	34
163612	10	9	32	38	39
505506	11	11	22	29	42
1497677	9	28	49	39	40
1502158	16	14	45	28	53
1414672	9	28	44	29	56
2408330_1	10	16	33	32	36
2408330_2	10	16	33	32	36
821939	15	16	62	37	63
582542	9	19	36	47	54
581908	13	11	36	13	26
1212731	10	15	27	33	36
1802750	9	16	49	32	49
2470700	13	20	57	26	71
529060	12	21	33	22	38
728755	14	18	43	36	60
2002807	17	12	30	27	61
2670514	10	22	28	37	71
582268	10	23	50	48	83
719055	14	9	24	19	60
1178324	10	11	35	27	29
1142844	10	20	34	42	66
59154	12	9	36	32	37
1400389_1	12	21	44	20	43
1400389_2	12	21	44	20	43
87894	9	30	38	32	61
2255247	10	17	35	28	44
2431470	14	13	23	17	34
65351	16	31	47	38	69
1278106	12	15	22	16	50
1121052	9	13	60	33	54
1687125	9	14	34	33	52
1722024	13	13	52	40	67
252780	10	19	44	30	45
422949	19	29	29	25	61
1093796	10	12	35	49	51
2850695	11	23	19	32	53
2886474	17	10	37	38	59
1848487	12	16	58	36	42
603670	9	13	21	15	40
572385	17	26	31	16	51
1727164	11	13	19	25	40
991308	15	19	37	44	62
214123	13	11	44	37	60
1855829	15	18	49	53	64
2362773	10	12	30	15	47
1669496	10	17	20	19	49
2223231	15	25	32	31	56
221499	17	18	25	19	48
2371419	17	24	63	45	57
686590	11	9	32	32	36
1670280	13	22	57	34	53
1043900	13	22	54	43	59
497416	11	14	29	30	54
157154	9	27	57	35	71
314226	9	19	37	18	48
2229879	18	12	54	37	63
2839130	17	14	32	23	57
2879692	11	13	27	18	30
1202528_1	13	19	40	24	51
1202528_2	13	19	40	24	51
543729	10	30	33	31	55
2671013	15	30	53	37	60
1346449	14	28	57	38	69
2843330	13	26	39	33	53
21672	9	19	54	46	62
1973498	9	17	31	33	50
63286	9	17	39	30	64
2357716	13	12	25	18	29
2551143	13	12	43	28	50
213400	11	16	28	25	36
2408003	9	23	29	30	43
2838991	17	26	40	27	40
2432512	12	18	43	35	50
1312175	9	19	30	30	62
614642	10	16	34	22	48
2449080	14	20	50	40	45
1833170	9	11	46	21	57
1040899	17	19	37	16	41
2792565	10	9	37	20	52
2220560	12	19	34	42	71
1621788	19	20	39	31	44
2244145_1	16	21	50	40	80
2244145_2	16	21	50	40	80
675443	11	9	32	28	47
1331974	9	11	26	23	42
750598	13	21	44	22	40
1688472	9	30	61	53	75
83143	13	14	27	18	51
399604	18	13	44	24	42
601936	11	18	47	34	73
2360343	16	14	34	46	67
3322	12	12	33	27	47
1190256	10	13	20	17	35
147387	13	23	39	31	47
2445053	11	28	65	43	69
429803	12	13	29	32	49
2780242	12	9	33	35	55
80709	12	20	42	31	37
2441031	10	11	40	27	34
2763246	16	18	45	34	63
159247	13	17	36	35	34
1025905	16	25	41	21	59
76124	13	23	35	45	82
1541772	11	17	56	40	73
18202	13	15	34	26	50
1865155	17	16	26	28	48
2406207	18	19	38	33	54
2613836	16	15	31	36	45
2020727	10	20	46	30	40
1173255	11	10	25	22	25
1127348	16	20	58	33	38
856671	19	12	39	28	54
1789243	9	15	34	24	47
1547126	12	9	25	28	42
2365061	9	9	29	46	64
262284	15	14	51	30	80
1155189	15	25	62	36	77
1506858	11	21	25	31	62
1354448	11	20	45	31	43
2077889	13	12	35	23	64
879466	9	14	19	24	26
1645527	11	11	26	40	45
2795236	13	13	59	43	70
1014550	13	20	59	52	71
2048768	10	16	33	30	72
1044247	13	18	51	22	83
250296	14	16	50	35	39
1675702	11	20	40	41	65
809133	15	14	49	41	67
1964247	11	16	36	27	40
2322568	11	17	46	28	36
2391428	16	20	40	24	48
505566	10	26	41	21	50
1426454_1	13	28	60	39	59
1426454_2	13	28	60	39	59
93371	10	23	54	39	43
1794015	12	15	38	21	44
2112269	16	20	42	35	52
1574099	14	16	37	34	42
1500088	11	17	33	28	49
198165	9	12	59	31	74
2007133	14	19	49	45	39
2633543_1	14	28	50	49	69
2633543_2	14	28	50	49	69
1890533	12	26	29	32	37
7309	16	16	62	40	62
863150	9	23	48	31	50
221160	10	16	49	46	63
1252512	13	23	42	39	57
2338050	17	24	48	32	85
21818	19	29	58	48	59
472288	16	15	45	23	45
1600464_1	17	27	60	43	39
1600464_2	17	27	60	43	39
504995	10	20	27	25	24
401198	11	25	48	46	59
2238601	13	16	48	21	52
161514	9	13	38	34	38
703201	15	16	37	27	42
390416	18	9	54	31	55
2750646	9	11	25	28	47
726107	14	12	36	15	43
598151	12	19	62	39	44
2411465_1	9	11	31	38	48
2411465_2	9	11	31	38	48
2411465_3	9	11	31	38	48
90473	16	22	48	31	60
1497051	10	13	28	25	50
426419_1	18	28	37	38	51
426419_2	18	28	37	38	51
1075387	17	20	46	29	54
2752548	14	15	26	27	44
829867	14	24	45	20	53
1005291	17	20	61	44	63
422355	9	13	22	21	37
1285603	10	17	40	35	54
273579	14	26	46	52	68
677052	10	11	34	41	65
674895	10	10	45	31	59
143897	11	12	32	25	34
221180	11	16	19	18	59
591834	17	14	51	35	45
2310393	12	14	53	39	31
1582618	15	18	40	36	56
1657130	19	14	66	48	65
2439795	13	13	27	23	41
2841072	11	16	50	51	41
1819857_1	12	19	34	23	63
1819857_2	12	19	34	23	63
1819857_3	12	19	34	23	63
941790_1	19	10	35	19	43
941790_2	19	10	35	19	43
1004499	10	23	52	35	58
1729768	17	12	31	21	38
32197	9	16	37	34	35
158812	11	20	45	34	53
2565049	9	18	60	41	62
513041	15	24	31	22	35
2536169	14	15	61	33	69
127159	18	25	37	33	53
2688773	19	12	33	27	32
1368228	18	24	44	29	63
1205126_1	12	9	25	21	37
1205126_2	12	9	25	21	37
1207069	15	17	39	28	40
971027	15	30	66	35	61
75773	10	15	26	35	48
447635	10	11	35	22	59
138210	14	28	39	32	55
2364377	15	19	44	45	67
452764	18	13	20	17	55
1680721	19	15	45	45	48
669056	11	28	57	35	49
108073	14	22	65	39	82
150194_1	13	18	29	25	61
150194_2	13	18	29	25	61
1179707	9	11	50	42	57
1275653	14	22	58	29	48
535321	12	18	62	27	42
1552254	10	22	30	28	47
232676	11	15	26	15	47
156926	19	10	53	29	55
1052362	16	10	37	33	67
2371110	11	21	31	25	47
602042	9	17	47	39	76
1107915	17	15	43	45	47
1459064	15	10	43	28	44
611946	9	24	48	31	66
250502	17	13	35	33	74
2583183	14	27	47	36	65
2649908	9	11	42	37	58
2255573	10	31	26	33	37
1083211	17	17	64	46	76
211619	13	18	64	35	75
1322642_1	16	15	42	20	49
1322642_2	16	15	42	20	49
631582	11	16	39	27	63
2351530	16	13	31	22	49
44424	9	12	33	35	67
187450_1	18	13	30	31	37
187450_2	18	13	30	31	37
792558	12	22	68	51	72
2380468	14	12	54	38	51
2290887	9	20	29	24	31
2461380_1	11	29	42	41	54
2461380_2	11	29	42	41	54
2461380_3	11	29	42	41	54
179995	16	20	55	29	70
1687146	11	15	34	20	30
1034917_1	16	29	38	48	64
1034917_2	16	29	38	48	64
2812780	14	13	31	27	49
188728	13	15	42	24	48
578084	13	20	27	30	27
2289952	16	27	55	29	66
2407172	10	15	41	32	49
1744220	16	15	45	33	32
183793	12	18	31	37	50
1315235	13	25	55	53	77
92170	14	23	36	38	60
940662	13	10	21	17	35
46051	18	14	50	42	65
1530557	14	18	30	38	38
2158444_1	14	13	27	22	41
2158444_2	14	13	27	22	41
1429960	17	26	56	41	44
501881	9	24	65	25	70
1079462	9	19	45	37	59
2592003	13	9	26	25	29
882767	10	12	38	27	49
532514	11	17	38	35	47
2121238	10	20	65	32	74
1406847	11	24	45	52	65
789026	12	10	47	23	69
2285882	9	24	43	37	55
293587	11	21	42	35	63
159020	17	10	32	34	54
2563063_1	13	12	29	37	61
2563063_2	13	12	29	37	61
2563063_3	13	12	29	37	61
155360	19	19	59	46	75
8400	9	27	65	37	59
452287	10	18	30	25	46
1381632	18	18	44	23	58
488731	12	30	63	41	48
78053	9	20	53	47	73
846866	17	17	43	28	46
2657404	12	24	59	22	62
2120217	12	28	55	33	62
1557856	13	18	59	48	76
2584017	13	23	56	37	48
1117830	9	20	52	46	50
29484	10	27	51	29	69
1623961	12	21	41	25	54
2787886	9	14	27	30	54
2415439	11	16	32	30	48
459422	11	16	43	26	44
264219	14	29	47	34	60
2434678	13	13	35	28	63
1669085_1	15	24	53	32	58
1669085_2	15	24	53	32	58
1792866	11	14	32	35	41
2508230	18	23	42	39	55
1415637	10	27	36	38	75
513754	13	10	48	26	38
2837268	14	26	44	33	65
592413	10	15	50	41	70
942305	12	24	44	33	77
1074598	10	15	59	37	72
480257	12	16	27	33	55
469879	10	12	23	15	31
2326522	16	20	54	33	54
716	11	21	51	47	54
2056881	11	10	60	46	66
558540	10	20	50	31	47
1833441	15	15	30	36	31
1592477	17	28	50	36	54
66088	9	24	64	37	59
413769	9	22	36	40	46
2637456	11	27	62	39	64
277516	13	29	56	35	72
673784	14	19	29	25	61
2782725	13	12	29	42	41
2016381	9	18	41	31	56
1110700	18	23	49	44	67
2781252	13	22	45	26	37
2761428	13	9	39	32	44
1415355	14	25	49	48	75
2364739	11	10	45	26	66
2820851	14	20	53	40	56
1362462	9	19	36	49	60
1103304	17	24	56	44	69
834632	19	27	58	37	74
472481	10	31	56	43	66
779062	16	19	32	46	61
2878531	9	9	32	13	42
2296304	10	19	36	35	48
153999	11	17	40	27	63
782678_1	12	18	62	45	68
782678_2	12	18	62	45	68
1990355	10	24	33	40	34
707048	14	13	36	46	69
33344	13	21	56	40	52
223300_1	15	20	63	43	81
223300_2	15	20	63	43	81
1091525	10	20	42	25	48
2455502	13	14	46	29	65
1142390	9	11	39	20	45
134515	14	18	40	27	41
736509	17	26	36	34	66
2059565	9	24	57	51	50
1107019	14	17	58	40	80
30795	16	31	55	29	81
1181630	14	26	56	37	53
2907967	10	9	29	30	66
227365	14	15	48	40	59
260310	9	12	61	29	52
2333323	13	30	69	29	70
1006951	10	11	52	43	70
997440	14	10	67	38	63
612171	11	24	68	49	59
2540895	13	17	42	31	47
1551727	15	27	51	35	58
1034640	14	15	48	51	74
847468	16	25	45	27	55
284580	16	20	47	15	65
1494618	16	14	31	27	49
2935075	9	17	22	19	46
1804500	11	16	60	23	58
1127772_1	12	17	38	29	36
1127772_2	12	17	38	29	36
2684308	9	20	58	49	82
522401	16	25	55	35	70
3676	11	29	67	43	62
1744596	10	20	51	40	53
2238496	12	19	36	28	53
954609	14	22	44	41	49
2717410	15	16	49	31	47
2880814	9	22	28	35	38
1479232	9	9	35	25	58
198617	16	22	32	35	53
2030827	11	23	51	44	65
83025	16	14	23	31	51
912101	14	18	43	30	56
656852	14	21	41	32	34
1024692	10	15	21	28	48
1378804	19	10	53	25	37
2537497	12	17	48	32	64
244390	9	10	34	21	42
2593563	10	23	61	34	66
966178	11	17	34	39	49
444641	11	22	56	38	61
883296_1	17	22	42	28	31
883296_2	17	22	42	28	31
1375999	11	13	42	40	71
2685510	9	28	46	21	62
1137216	11	24	38	37	53
518049	14	23	50	50	78
2117626	9	11	25	24	45
1271332	16	20	44	38	57
955591	17	21	52	40	79
1040096	12	24	35	20	47
1326672	10	24	36	23	32
757120	10	12	31	33	57
1984544	11	22	32	28	46
2007082	16	23	35	41	44
98364	11	23	36	52	53
1324535	10	16	56	35	62
2733148	14	27	68	25	77
953740	18	25	66	49	60
1629761	9	15	36	40	54
2036462	9	16	54	41	55
232124	17	17	51	49	59
2150111_1	15	28	41	35	61
2150111_2	15	28	41	35	61
569792	11	20	53	35	64
965163	10	20	37	33	50
381947	9	21	43	35	63
390647	13	29	50	32	68
2361710	12	17	44	33	59
2620501	11	26	57	40	67
2560711	16	20	64	42	69
2395493	13	21	53	26	47
2875745	16	16	40	48	67
1034566	15	30	44	39	79
1003466	12	20	50	32	65
276140	11	11	45	46	62
1008779	13	19	66	50	68
1100364	13	22	56	39	64
20136	11	15	32	30	62
562354	9	26	44	39	60
672940	15	10	53	45	57
2414988	13	17	26	41	39
2485903	13	13	45	40	67
481032	17	29	44	33	59
998163_1	13	23	40	40	66
998163_2	13	23	40	40	66
998163_3	13	23	40	40	66
305109_1	16	13	52	46	65
305109_2	16	13	52	46	65
305109_3	16	13	52	46	65
1496767	16	20	46	45	70
1084920	9	12	28	32	38
796363	10	15	52	40	58
507301	11	22	23	28	56
2217238	10	23	65	50	76
1271858	13	21	33	21	38
737612	14	19	62	39	83
26987_1	12	19	54	45	69
26987_2	12	19	54	45	69
42624	9	17	30	26	52
329253	11	26	54	29	49
2455447	16	9	29	20	49
1233330	15	22	64	39	74
2610868_1	15	22	44	48	61
2610868_2	15	22	44	48	61
2610868_3	15	22	44	48	61
305056	17	19	39	25	58
2498140	17	20	33	43	65
169741	19	29	66	39	74
1027490	10	12	35	23	51
628440	13	13	36	32	44
202066	9	17	48	32	66
135970	13	20	43	23	32
1189086	13	16	31	18	50
215785	11	24	36	34	57
1686067	17	26	49	47	62
617690	16	16	64	48	53
1845171	15	27	66	36	67
2452025	12	19	31	26	53
897258	10	14	40	34	61
223709	11	14	56	25	36
186309	11	11	53	14	50
1031587	19	19	43	32	68
59386	17	24	62	42	68
1434379	14	12	55	35	71
89909	14	20	34	28	39
1193187	15	23	53	53	76
1637326	18	22	42	33	45
694122	9	18	46	27	41
1254903	15	18	64	37	69
1335654	18	15	35	36	70
341622	19	23	60	48	62
2610190	17	15	50	36	66
435752	9	18	47	44	57
1972362	13	26	28	30	65
761156	13	22	48	47	71
151645_1	12	20	46	42	56
151645_2	12	20	46	42	56
1291479	13	12	39	33	56
551701	10	13	36	37	34
1307990	11	28	61	49	71
643561	12	14	42	24	56
699255	13	31	45	37	63
2468342	13	21	43	35	40
1361282	11	23	47	35	61
2507191	11	29	54	31	56
489108	17	30	51	37	56
742244_1	12	11	35	36	46
742244_2	12	11	35	36	46
1056819	16	12	30	17	42
566494	12	25	37	50	61
123022_1	9	30	38	52	67
123022_2	9	30	38	52	67
1580250	19	27	60	34	73
816112	10	19	53	37	61
685123	12	19	46	33	72
159295	14	17	40	23	41
481015	14	24	51	29	58
2791175	9	11	21	18	41
23321	14	25	45	31	45
1507570	10	13	47	34	49
1315053	11	29	57	37	81
583871	15	31	33	31	25
2656461	14	22	34	30	34
1909123	17	12	51	30	63
1421228	12	20	45	42	77
2234945	13	30	49	38	73
54307	11	14	58	53	63
2802220	12	17	61	38	47
1545550	12	23	43	31	52
2925297	13	20	46	28	70
1190834	11	24	46	34	56
161806	12	22	66	43	77
495162	12	15	36	29	46
2358593	16	14	37	53	65
44901	15	12	32	24	53
2187115	17	26	64	42	72
1093988	14	25	47	41	44
1512333	13	19	56	38	62
537991	13	31	59	42	68
2394158	16	14	26	27	53
2695877	11	17	36	30	54
1122957	13	19	62	41	58
857478	11	17	21	39	40
2020614	19	27	46	27	49
371950	17	19	58	34	66
2379281	9	21	44	42	70
1095226	12	25	62	40	72
2755366	19	24	59	48	86
1495573	9	25	67	51	75
546686	11	17	53	32	75
1426004	17	24	56	39	83
1475971_1	18	19	64	52	54
1475971_2	18	19	64	52	54
179526	15	24	58	52	65
2449438	11	12	58	33	60
268966	9	24	43	28	49
1350379	17	17	62	36	46
1081061_1	11	10	47	40	61
1081061_2	11	10	47	40	61
1003223	11	18	28	23	51
570256	16	19	41	46	31
2502319	11	13	29	26	45
2121261	19	17	59	40	85
96155_1	10	24	46	38	75
96155_2	10	24	46	38	75
96155_3	10	24	46	38	75
1716671	15	19	52	34	60
2244638	12	14	35	30	50
1871342	14	24	39	39	74
2732722	10	19	49	28	74
1014302	15	12	51	37	54
1213713	17	10	47	29	42
250224	15	24	38	40	71
332669	15	23	58	40	60
1406432	12	23	37	26	42
541210	14	11	40	39	54
397196	12	20	45	36	83
201147	14	17	22	26	64
533326	12	13	44	37	85
2556046	15	24	53	36	78
1208942	9	28	45	42	58
2267870	9	29	28	18	42
838316	15	21	45	31	61
1500067	14	26	54	40	74
1022037	14	14	40	22	42
483262	19	13	53	30	63
1376792	16	17	47	42	73
1388320	14	17	47	32	46
1251821	12	11	21	17	57
267702	12	20	57	49	76
1008891	12	22	51	40	47
452308	13	22	46	34	36
1013210	11	25	56	44	55
1029	10	14	45	35	67
617202	14	14	48	24	72
191544_1	12	15	32	32	54
191544_2	12	15	32	32	54
663705	15	26	50	27	45
2857086	11	18	32	21	53
1368135	9	28	36	37	57
2263344	9	10	29	28	46
1680264_1	15	15	60	49	83
1680264_2	15	15	60	49	83
2586572	13	16	65	28	70
237063	9	20	24	19	54
2165416	10	22	60	39	83
2690779_1	13	25	61	41	85
2690779_2	13	25	61	41	85
434040	13	12	39	33	41
2771559_1	10	30	38	29	62
2771559_2	10	30	38	29	62
2431353	16	26	57	30	57
565057	11	9	30	26	35
1747839	14	30	34	35	72
958030	11	28	51	39	81
2499947	15	26	60	42	64
763553	16	30	35	31	50
2652816	16	13	39	26	63
2936480	11	14	39	47	49
647161	9	10	35	28	53
439315	15	20	57	27	43
1562729	17	22	48	25	74
21380_1	16	27	63	33	75
21380_2	16	27	63	33	75
21380_3	16	27	63	33	75
86581	9	10	59	24	32
2774212	12	16	55	44	65
737843	12	25	49	53	58
1181388	18	17	49	42	72
1141437	18	22	43	49	86
32641	12	21	29	36	52
387598	14	22	57	41	57
1231700	11	21	54	43	67
224030	15	31	50	37	61
1191049	13	11	30	23	63
701435	12	17	34	22	37
2733293	13	24	53	34	78
494744	10	25	55	37	51
2613266	11	23	50	28	62
2135151	16	9	23	23	59
1420965	13	23	46	39	70
479910	16	24	38	47	53
263961	11	27	47	40	75
2660101	9	23	47	37	76
2703052	11	16	52	40	48
2926178	10	18	32	28	47
1705593	12	26	58	51	77
398946	11	14	40	21	71
151395_1	18	28	48	43	64
151395_2	18	28	48	43	64
151395_3	18	28	48	43	64
405169	10	25	42	48	57
385400_1	10	12	33	39	81
385400_2	10	12	33	39	81
981807	13	13	24	29	44
2709161	15	18	54	49	46
1496222	13	18	26	23	74
2755471	14	25	44	33	62
2456919	9	11	33	23	28
1367883	11	15	44	28	72
2689990_1	16	14	36	19	53
2689990_2	16	14	36	19	53
165223	14	22	48	51	64
459937	11	10	33	25	46
1918205	11	26	56	19	48
356393	11	10	49	40	56
1107565	11	14	49	27	48
2296847	14	15	57	38	77
813845	10	16	43	27	32
1188418_1	11	20	56	37	65
1188418_2	11	20	56	37	65
427289	14	26	56	32	80
1304996_1	15	19	52	32	75
1304996_2	15	19	52	32	75
1649860	12	17	47	34	41
763484	12	17	60	43	82
25468	9	24	56	39	46
1639234	12	19	52	32	67
136650	10	18	69	46	78
1859	17	23	37	52	56
173684	13	11	26	23	36
1089052	16	25	34	40	54
1226432	12	30	50	28	60
1825563	11	20	42	23	65
239699	17	10	31	22	64
2107025	16	14	41	30	62
2942034	15	17	47	36	48
2305956	17	17	62	35	55
1217681_1	18	24	68	46	68
1217681_2	18	24	68	46	68
1350403	10	16	33	29	58
2740592	12	22	55	37	65
1209921	10	13	33	17	57
1532925	11	18	31	33	62
1601412	13	23	66	38	83
2597919	11	15	44	36	79
2436578	15	14	49	40	68
379842	19	26	41	34	79
1979331	15	19	47	41	66
119323	13	14	52	25	67
503379	10	11	60	29	59
496011_1	10	11	38	20	38
496011_2	10	11	38	20	38
174384	11	21	36	28	42
21493	9	21	42	35	58
1978326	11	22	46	42	56
192318	13	16	35	33	37
2424593	15	16	53	51	79
203376	15	27	53	34	71
1413909_1	11	12	45	28	55
1413909_2	11	12	45	28	55
2364546	13	15	59	37	58
2214853	13	16	29	30	47
1212052	10	25	33	29	51
683275	9	20	35	19	24
668621	11	11	38	28	40
393668	9	19	40	23	43
212828	10	13	43	41	57
1537252_1	14	25	37	26	77
1537252_2	14	25	37	26	77
991279	12	13	42	39	69
606221	12	21	34	31	43
1414925	18	18	32	28	40
1095174	12	14	47	50	83
86715	15	16	58	46	49
2683100	13	20	50	35	84
2450801	14	23	55	38	76
2334928	10	19	54	36	69
1420754	19	21	61	38	43
664664	12	24	58	45	79
334164	16	12	20	25	63
2680173_1	11	23	55	38	71
2680173_2	11	23	55	38	71
984214	11	26	58	28	43
2804721	9	17	41	19	50
2472986	13	17	40	50	84
1178125	10	26	60	44	72
2272078_1	12	28	59	40	61
2272078_2	12	28	59	40	61
35498	12	14	30	17	32
349902	11	21	41	30	43
649932	11	11	43	21	67
961582	13	24	68	38	65
2333411	11	21	68	40	58
1069473	12	24	45	32	48
2403701	16	17	46	53	78
635171	17	29	35	26	41
1104053	15	16	37	34	70
2488224	17	30	50	49	54
1181068_1	13	13	41	21	48
1181068_2	13	13	41	21	48
2164654	13	25	31	43	44
995752	9	31	47	36	66
1140962	18	21	53	39	83
2400944	15	14	56	41	70
127384	11	18	47	33	70
1941218_1	15	15	39	32	46
1941218_2	15	15	39	32	46
1486260	11	15	47	22	59
2765711	19	21	68	37	84
491012	17	18	49	41	62
1353370	13	20	52	47	48
2287810	14	22	25	33	46
2095205	12	17	50	32	68
744384	16	21	61	37	81
633223	14	23	56	49	79
647652	14	15	66	42	55
666953	12	13	31	16	29
2480312	11	17	32	29	59
568327	13	18	39	42	61
1252416_1	19	17	51	53	82
1252416_2	19	17	51	53	82
2916610	14	15	40	22	46
9830	12	17	36	19	42
2227291	15	11	27	22	44
2329058	16	28	64	45	70
1327443	10	12	50	42	44
124687	17	18	35	18	52
154713	11	18	56	34	40
2238106	10	13	34	19	36
492526	15	13	44	28	58
473181	17	19	35	38	45
1309941	13	11	53	35	57
751700	13	22	42	38	59
297838	11	12	53	29	56
211316	10	15	50	23	42
1555596	14	27	42	38	50
1045046	11	22	44	28	48
2747612	9	16	28	34	32
2307748	14	22	46	27	55
507454_1	9	22	30	28	59
507454_2	9	22	30	28	59
507454_3	9	22	30	28	59
2611675	11	22	41	41	54
729040	14	20	57	46	69
1469479	11	12	35	21	50
2272076	14	21	48	38	57
2858111	11	30	44	44	55
15854	16	27	32	31	39
991018	13	23	62	41	64
814851	17	23	62	36	71
576079	16	28	34	26	36
1455748	14	22	36	46	63
965527	18	26	66	51	65
568752	18	22	56	48	48
5195	13	13	55	34	60
2621078	10	22	58	41	71
2600183_1	10	13	39	46	64
2600183_2	10	13	39	46	64
1171837	9	24	40	29	65
407651	19	20	47	30	82
2584100	10	24	38	46	59
222793	9	12	34	29	36
234420	13	18	46	27	44
2185885_1	12	23	21	49	50
2185885_2	12	23	21	49	50
2185885_3	12	23	21	49	50
248081	10	17	50	34	63
2439640	17	25	65	39	62
592570	13	27	61	29	33
2619046	15	13	61	46	63
532279	19	11	26	33	31
2599570	12	22	45	28	50
195126	12	24	32	23	57
45182	14	24	51	34	64
2885754	10	24	44	46	62
170963	9	23	34	23	62
1117268	16	23	39	46	69
1932145	10	25	36	33	60
81190	13	20	51	48	62
1269185	9	21	42	31	77
2781232	10	14	59	47	71
117826	10	19	22	18	51
1791890	10	27	33	20	33
1042919	10	21	43	46	62
888003	9	14	65	49	67
1188703	15	18	37	40	73
504639_1	11	19	51	39	43
504639_2	11	19	51	39	43
2722824	13	10	36	26	70
257316	16	11	33	24	54
2077346	15	16	49	34	84
318327	11	17	46	28	68
843868	15	29	50	36	65
1019965	15	17	51	43	61
488454	18	16	50	41	66
1028248	9	12	31	28	43
955720	10	19	42	24	59
1088483_1	16	10	45	25	51
1088483_2	16	10	45	25	51
1015660	13	27	27	22	44
2247031	10	15	44	29	78
2648563_1	9	15	47	20	30
2648563_2	9	15	47	20	30
15820	9	15	39	38	69
207160	13	16	38	32	55
421075	12	23	50	28	47
95283	15	13	52	33	58
191046	13	22	39	51	47
1419059	17	23	63	39	54
2594345	13	27	50	35	82
1360338_1	18	29	62	53	77
1360338_2	18	29	62	53	77
169202	11	16	47	25	57
610362	10	21	27	13	68
2120559	14	30	38	38	67
2304888	15	15	25	26	29
362867	15	28	62	43	61
1699767	15	13	44	18	48
250782	18	22	47	29	43
1347176_1	14	21	55	24	83
1347176_2	14	21	55	24	83
612246_1	14	29	41	27	56
612246_2	14	29	41	27	56
211925_1	16	22	56	45	65
211925_2	16	22	56	45	65
1868319	9	20	50	46	64
248423	10	12	34	42	53
1704462	11	14	53	22	35
470824	17	27	57	44	58
505701	9	26	35	27	74
1426359	14	23	60	32	65
2003688	12	12	36	36	62
355933	12	14	26	32	41
1545615	10	9	18	16	49
73060	9	17	60	51	50
168853	16	16	43	24	50
220573	15	16	39	31	47
2547123	13	21	59	34	62
1879832	10	24	49	33	72
1104134	13	23	55	27	48
1467556	15	31	51	42	38
1856027	10	13	42	31	27
2042005	9	21	52	44	44
2576082	18	18	33	24	37
844104	18	20	63	35	86
459535	15	31	60	40	44
448368	13	20	60	45	75
616319	16	17	42	29	29
360004	14	31	54	39	73
2426420	10	19	47	26	52
1410087	19	24	37	51	56
421925	9	19	49	39	57
2669914	16	11	39	25	67
39143	12	26	67	39	62
1180531	18	29	47	44	80
2641012	18	19	50	44	50
163688	12	12	30	35	52
187994	9	17	41	30	53
264090	19	24	58	40	67
1678228	13	31	56	40	82
95271	15	18	43	32	52
89212	10	23	63	35	70
2441848	16	16	66	39	86
310218	19	21	43	34	68
1998092_1	9	24	67	49	68
1998092_2	9	24	67	49	68
2371925	19	26	62	50	73
886136	14	24	52	37	62
2575779	15	25	57	49	62
475546	13	26	67	41	75
942645	12	14	36	35	33
474035	9	31	64	37	47
425358	12	11	32	48	64
68348	11	10	39	48	34
291398	12	22	52	43	82
1791390	16	28	46	39	79
195176	17	15	47	46	83
158703	9	17	30	33	41
1216865	16	14	37	16	61
2422969	10	30	52	20	48
2032430	18	28	53	49	79
2486669	13	18	59	38	75
347052	11	29	63	32	64
553204	9	24	57	39	72
406739	16	29	52	33	71
1023136	15	19	64	49	74
2552285	16	17	57	46	84
908033	14	11	41	32	50
693347	16	22	58	35	84
72727	10	9	54	27	47
1722280	17	26	55	41	54
187017	17	28	43	31	61
1497702	11	20	32	29	38
146037	10	18	52	41	79
90289	19	18	52	40	56
33647	17	24	55	50	55
594689	12	18	58	36	37
1714792	13	23	28	25	46
266624	10	18	41	35	69
535606	10	21	56	33	80
1963354_1	9	18	38	30	51
1963354_2	9	18	38	30	51
1124192	14	14	29	27	64
2806183	12	13	29	23	50
779428	9	19	46	30	62
1748787	14	22	44	32	58
2821594	12	21	66	44	58
2938818	9	19	33	25	46
77278	11	17	44	34	59
743070	14	19	39	36	76
732146	10	14	53	38	66
2598390	13	23	46	43	60
2889189	10	27	40	30	45
1682579	14	22	56	34	56
2760881	10	24	36	24	51
778376	9	20	54	47	65
2108636	10	25	39	36	57
505690	11	20	32	42	50
629492	15	20	69	38	76
1812744	14	20	52	45	57
1014611	18	26	39	43	53
767329	10	16	60	53	80
173518	9	20	58	41	64
241865_1	12	22	60	43	55
241865_2	12	22	60	43	55
438287	9	21	36	20	42
497674	16	30	63	40	68
1101513	15	15	37	44	66
206073	17	21	45	44	70
412122	13	14	24	26	52
412427	9	18	35	29	62
2055497	11	23	64	51	73
1878915	13	17	30	27	50
1917956	9	22	40	25	51
172836	9	16	62	33	69
512810	10	16	53	45	66
1443738	10	30	60	53	63
2794894	16	25	39	30	71
1039356	13	22	38	31	43
2800948_1	10	22	41	42	65
2800948_2	10	22	41	42	65
293161	11	18	35	29	73
738709	11	10	52	44	66
2654156	17	10	41	23	56
92406	10	16	49	34	51
1784173	9	29	39	20	49
1314655_1	14	28	46	45	73
1314655_2	14	28	46	45	73
1518755_1	10	14	29	28	64
1518755_2	10	14	29	28	64
1271955	12	15	42	38	59
2830465	17	24	44	49	56
1269312	10	17	68	50	66
43697	12	17	52	35	64
398673	16	21	51	48	63
747994	12	17	49	43	64
2551798	14	27	55	27	47
1769826	10	19	53	31	61
645449	11	20	31	25	57
1163620	10	19	68	43	75
2636956	13	14	33	18	47
2387861	14	24	47	40	53
1691360	10	24	44	36	77
1323866	15	19	50	31	86
2011737	12	21	63	27	50
106301	17	23	56	39	54
2447871	13	15	44	41	41
1637769	17	22	36	35	41
1749702	14	17	44	23	70
1395903	11	23	36	26	34
2412116	11	22	43	53	71
1131283	11	15	49	26	43
139946	17	22	41	39	54
127445	13	20	39	29	59
1576715	15	31	52	43	72
845377	13	14	29	25	53
1440905	13	30	35	41	52
2524340	17	22	49	27	49
147804	10	14	49	37	63
389006	9	13	38	27	66
1718964	14	29	62	29	61
1403835	11	21	38	40	71
1411029	11	11	37	36	64
731408_1	15	30	54	42	60
731408_2	15	30	54	42	60
350817	13	19	52	37	49
2059693	17	21	52	29	75
52900	9	27	51	30	50
1043228	9	11	35	24	61
2340283	9	24	42	37	77
2656601	14	22	64	45	76
2138315	14	9	24	16	54
227595_1	11	12	49	31	82
227595_2	11	12	49	31	82
2625125	14	17	49	36	63
645778	18	19	47	45	69
1654754	13	26	45	27	45
2380432	10	23	60	38	70
2549552	19	24	38	33	77
509580	14	23	52	49	79
1899053	17	22	53	37	62
2269938	9	20	40	42	85
26809	10	23	35	43	84
2283080	16	14	33	37	57
1393403	9	17	29	28	28
2416026	14	29	33	33	53
799218	9	13	37	35	54
1589878	13	17	34	49	69
1114140	11	19	62	30	71
1483361	18	14	55	37	73
1509766	17	20	31	22	51
539434	13	13	39	44	65
2377132	14	18	52	39	64
311451_1	10	30	36	38	75
311451_2	10	30	36	38	75
1701281	13	11	26	34	41
77632	10	21	51	33	72
1115285	15	19	53	33	43
192443	13	25	48	30	60
476679	9	22	59	45	72
183529	15	9	49	28	44
2243033	18	23	59	39	77
2239590	11	27	55	51	80
72466	16	31	64	50	64
2121001	11	24	45	32	64
629952	15	22	44	35	72
488735_1	18	21	67	41	77
488735_2	18	21	67	41	77
1419686_1	11	14	35	24	48
1419686_2	11	14	35	24	48
1419686_3	11	14	35	24	48
34436	15	20	56	40	74
608638	17	31	54	46	53
633211	13	22	57	46	68
2433083	9	13	44	31	61
2299512	10	10	24	18	67
1100635	13	15	51	45	57
881343	13	25	51	36	65
1974431	13	21	49	52	35
70062	14	23	59	33	60
419951_1	18	11	43	45	47
419951_2	18	11	43	45	47
648180	11	10	40	31	68
351604	9	20	44	39	65
953936	11	14	46	32	62
1791504	9	22	47	44	78
409137_1	11	24	53	43	55
409137_2	11	24	53	43	55
409137_3	11	24	53	43	55
1813474	12	29	29	30	58
1095286	12	15	54	30	67
2332326	9	18	47	26	75
683167	17	27	37	35	76
557188	15	26	29	24	49
744900	12	24	66	42	83
1691903_1	14	10	52	48	74
1691903_2	14	10	52	48	74
1139099	11	11	43	35	62
1056924	17	19	50	43	74
1710543	16	20	53	31	48
1410486	10	13	30	28	41
1319785	12	22	56	32	48
522969	13	16	57	43	72
1410710	14	17	63	30	68
2777440	11	18	56	41	67
666134	18	19	50	35	64
303199	9	16	65	31	66
331088	18	30	45	27	68
13501	11	23	45	42	71
121995	9	14	66	52	69
2591090_1	14	19	42	43	64
2591090_2	14	19	42	43	64
1316927	9	25	67	34	79
2364061	17	27	63	49	66
1250994	13	15	42	30	54
249723	16	17	55	47	68
83930	16	23	29	29	62
884919_1	11	23	52	37	39
884919_2	11	23	52	37	39
468927	17	22	56	43	60
459084	17	17	66	34	77
336785	17	18	54	41	73
1641249	9	19	46	23	45
25061	17	21	50	52	82
2343902_1	14	20	66	27	77
2343902_2	14	20	66	27	77
2754235	11	27	65	44	78
633628	13	24	44	37	72
1518231	14	16	51	44	62
248253	10	14	41	32	45
1433484	11	26	58	39	59
2603979	9	18	50	41	76
1532824_1	13	17	40	17	44
1532824_2	13	17	40	17	44
793545	13	20	42	32	35
1178225	14	16	64	28	55
1502706	11	29	43	30	64
284752	12	19	59	26	63
103269_1	14	24	52	33	79
103269_2	14	24	52	33	79
634450	11	21	56	35	68
569834	19	31	56	42	66
421233	10	16	32	16	45
1767920	10	18	60	36	78
1946466	9	14	34	25	60
1246463	18	25	51	29	69
853907	11	17	35	29	45
1961116_1	16	28	48	28	64
1961116_2	16	28	48	28	64
883693	15	31	60	46	75
1433741	16	31	52	46	49
2513474	15	17	45	33	41
230286	15	25	50	43	68
2253353	18	21	45	30	73
460690	15	20	47	29	55
1582258	13	16	59	31	46
768870	10	18	49	26	68
2781634	9	16	42	44	56
540511	13	25	52	43	85
418189	14	10	59	44	73
2261002	11	23	65	39	77
1939848	14	19	37	51	78
2370718	13	27	39	28	33
907828_1	18	22	60	36	85
907828_2	18	22	60	36	85
1014553	11	17	67	36	69
2612209	11	16	44	39	74
521570	11	26	33	22	30
955493	10	20	59	36	68
1375904	18	23	49	47	71
2253278	9	13	65	48	81
14985	12	17	47	33	55
612665	11	18	58	30	82
1610940_1	16	18	48	39	59
1610940_2	16	18	48	39	59
669857_1	10	31	48	34	78
669857_2	10	31	48	34	78
1727909	9	13	39	25	48
57190	10	14	53	34	61
384664	9	29	69	33	57
292069	17	16	61	37	83
198971	14	22	53	47	75
2434058	13	23	65	44	62
2652794_1	11	25	46	35	61
2652794_2	11	25	46	35	61
2597795	11	19	49	36	80
1220306	14	22	54	37	56
2466643	17	22	66	44	70
113616	11	25	65	38	80
2639407	17	22	45	36	55
847098	11	20	63	45	84
529107	11	27	53	41	55
2577489	16	27	41	41	76
1513158	13	17	38	44	65
1277774	17	24	54	34	60
1340070	9	11	25	28	55
502526	10	10	34	22	42
1883709	15	24	65	45	76
34040	9	25	51	32	74
979904_1	11	22	49	31	59
979904_2	11	22	49	31	59
113230	18	16	47	40	66
1087145	9	26	43	35	72
433614	10	22	45	26	74
167387	10	19	59	32	53
727180	17	25	52	50	73
897912	10	25	52	48	47
281379	18	31	39	40	80
51060	9	17	54	36	69
1519225	10	16	17	14	45
2621107	9	18	43	33	59
2588763	9	19	51	24	48
1061968_1	13	12	42	48	46
1061968_2	13	12	42	48	46
2142788	17	28	69	43	75
