0.0847457627118641
0.232558139534883
0.232558139534883
0.133928571428572
0.0164818618114515
0.0228310502283105
0.0228310502283105
0.106576421860794
0.106576421860794
0.013614569504425
0.100081330200615
0.100081330200615
0.0369093262958719
0.146157707179792
0.0364251330936842
0.0910907591942074
0.0506207152559683
0.0516023900054318
0.0468571428571429
0.0347222222222223
0.13102588332107
0.053369684105779
0.0580965664401336
0.21900016486838
0.050989351674536
0.0439355424263449
0.0439355424263449
0.0472469419528295
0.0332867622080799
0.161633372248911
0.266958992366458
0.279094543261886
0.209884283929646
0.209884283929646
0.325438931809076
0.325438931809076
0.159985586357383
0.0184554833198609
0.0372884152154165
0.050656080378864
0.341359060598352
0.402114186225784
0.296610169491525
0.0327596303522243
0.156120868842939
0.156120868842939
0.270327947869792
0.193413982136254
0.254822693551235
0.289832119100412
0.189277709698922
0.198953281139673
0.314403862400963
0.279236827103511
0.568404531989415
0.0740579244711906
0.29482211890854
0.347356203585533
0.253019850831283
0.253019850831283
0.0971504503874059
0.115228283554673
0.282387066978728
0.0593191120957654
0.0593191120957654
0.193806099904157
0.0992457707816381
0.1536200982619
0.181095437246709
0.0902421000679858
0.139607785959029
0.222617818876448
0.2470924797128
0.0788050331625443
0.31002897114974
0.275370028869096
0.102995475874845
0.124545552914604
0.236279761331705
0.20521388080008
0.199747062888831
0.199747062888831
0.246468169144776
0.246468169144776
0.0871062999756169
0.206661224285675
0.29373382174409
0.29373382174409
0.331343972838202
0.210597996039034
0.210597996039034
0.213784131487852
0.109941277827107
0.109941277827107
0.109941277827107
0.257009345794392
0.211507812847439
0.179682304981005
0.116951272101943
0.0640802120132524
0.110712535572928
0.131227842628621
0.240047126102343
0.00492342399702741
0.0829603858117549
0.243257530440822
0.0612428390280418
0.124187570356878
0.284176689766046
0.240511960868141
0.166040826315886
0.133704110013004
0.113272016579471
0.0387885766990529
0.232667067973088
0.177001135200069
0.163354761403179
0.23439195495499
0.262335807836756
0.262335807836756
0.177779418306316
0.104244876822469
0.111064321228939
0.128447137524972
0.0253525738121504
0.049497461835832
0.143614792295382
0.137983318378111
0.141592428642372
0.0273632678818679
0.101345979122137
0.171416830681386
0.140872728829838
0.146601653965956
0.128295658804783
0.1760898813453
0.1760898813453
0.0772671929218504
0.0372293164437269
0.182485990534537
0.040278483855806
0.22265210680622
0.0935405511961234
0.118156041380642
0.163967377494484
0.0522744769397805
0.196053621507099
0.0234540326356893
0.0845122943071836
0.105885483617837
0.141025231078085
0.0654166540568351
0.167203750085494
0.105054294213766
0.167396409839933
0.0216843509864055
0.186184052240224
0.0689251268103835
0.246839392309099
0.0640512705116809
0.1706342062924
0.158170235496928
0.19765378186944
0.191111098874736
0.182080045806702
0.111609731487894
0.150404377866236
0.187004364863638
0.0982109029583289
0.18307757459047
0.0956493268763985
0.165401432513183
0.165401432513183
0.0476475400014773
0.14525701291112
0.146194664338153
0.0576885881191734
0.132162891118058
0.150880628168
0.132156109850956
0.0773544645404435
0.192491112288426
0.108052082977022
0.171468243571959
0.150461990831923
0.120098964840048
0.0994247095255812
0.166858031778955
0.139140235764623
0.06686671133704
0.183661711759383
0.210390795286349
0.0566574644503825
0.0738366607187206
0.0219273482296277
0.0219273482296277
0.133108854560767
0.200756539723586
0.157174533527224
0.150015662443175
0.223005707300052
0.0979599358411244
0.0309106270522808
0.188168081880895
0.265064849448852
0.129329080014634
0.0504764762069818
0.177774600979648
0.0818151014088246
0.107360212852376
0.0928007948830132
0.20833950787991
0.145538447361159
0.105774990685264
0.0302052680357307
0.103439483714863
0.0244367939580046
0.0274159553184581
0.195839065186412
0.140451218842369
0.141990916885209
0.154538309162265
0.166908967391304
0.166142222158535
0.174472920972339
0.190030675142065
0.160990607247696
0.173505241820802
0.103783452213371
0.0361197227964949
0.105552026332094
0.0462034945736889
0.205489312425124
0.176495309800553
0.119744530020061
0.0590181788422933
0.108009747194526
0.06761581713696
0.202513486544626
0.0536763325777406
0.104462434723799
0.113625976172203
0.152265988110502
0.151811008680943
0.0587451013637186
0.128535746402897
0.0813739736265801
0.0813739736265801
0.0933601732807481
0.146345839316203
0.062428597738331
0.149188991233686
0.106170824298874
0.0803773763270631
0.0854339108789673
0.181851883042242
0.181851883042242
0.0553278744348307
0.0905397469852776
0.0981041967362817
0.0521339343077706
0.135896329361398
0.157175175982114
0.114081563168328
0.0625239945290608
0.115616187857584
0.115616187857584
0.0891433159174639
0.103179143254357
0.0800399982384643
0.134611743918215
0.0900277229902833
0.129607455267858
0.196084793633818
0.142123142303805
0.0964349287858435
0.133846962647925
0.133846962647925
0.133846962647925
0.133300343812758
0.155564927266076
0.179390372094253
0.179390372094253
0.116969900341302
0.137577327883341
0.105005728476511
0.0258540626999001
0.133846070507865
0.0588483595681538
0.0580727307387004
0.0948506088863163
0.0388647951734283
0.158610996394975
0.0260679905584326
0.116091495530393
0.121815053540076
0.0509493359567142
0.0822400792654657
0.118637779648305
0.0885535071424469
0.0544514956582641
0.0544514956582641
0.0544514956582641
0.0661301444287158
0.0661301444287158
0.0595776808860459
0.0793047717835623
0.103123370882025
0.0929799163997789
0.0368943397158629
0.144094195794113
0.085008759563184
0.140242080859712
0.100096525634343
0.163438737783481
0.125173684035733
0.125173684035733
0.118907350628412
0.0806398953952609
0.204902146251651
0.175438596491228
0.0939816002935251
0.103141701572401
0.10617864674699
0.108688100369834
0.157690617207857
0.0757840835710429
0.142053650749855
0.142053650749855
0.151469494379
0.0647306833327994
0.068105711156694
0.179961464354528
0.121359439523816
0.0639872013890631
0.0976383061232824
0.148891650710704
0.0801802444215686
0.0793657841010967
0.089660521352749
0.136453439312863
0.0139963393190684
0.08891857927363
0.209567541307027
0.0836235298624833
0.0106389442752033
0.146499808998778
0.143248854863975
0.143248854863975
0.127011947212624
0.133630777113626
0.125522005046377
0.114804608026935
0.114804608026935
0.00364929357618889
0.0866434053647923
0.179281049431464
0.199832278750212
0.199832278750212
0.199832278750212
0.108488507736112
0.168978202392529
0.0743357138904129
0.0743357138904129
0.132125521245537
0.0824764731066582
0.0520553630847565
0.0243528259320026
0.175627790445464
0.0564521065463013
0.0943066171509762
0.0983988493524945
0.108744946682521
0.142353402115711
0.0341662677211832
0.0385005699190766
0.0548571428374034
0.0548571428374034
0.0411585559919202
0.0595051852944566
0.0744742307635305
0.0397795877845146
0.044609941240965
0.204011345715182
0.0401342730771103
0.178467827111467
0.173798850084167
0.135390842338904
0.278806001351254
0.0882044070217726
0.0954928163149178
0.0954928163149178
0.0954928163149178
0.0533040644231056
0.14021215214593
0.0375738769250869
0.11912279110997
0.105716775270567
0.126006003551925
0.109965066786051
0.0394821123536355
0.0801362404954093
0.026940400725368
0.0478065903325052
0.045738703907475
0.0887761517153588
0.11778151057415
0.204277057680783
0.0808643207239161
0.0423308220564473
0.0874067963446836
0.0509440165595471
0.0714142398663685
0.0714142398663685
0.153351244242251
0.10538118398427
0.119907560599314
0.12821498450385
0.0621740818436581
0.0447615601899401
0.0608474128157757
0.227938841613906
0.0491454856455095
0.135631494267909
0.0351316217320605
0.0840238122322833
0.0834941972695769
0.0783612030475594
0.0299185161437261
0.0788611781363077
0.123982727368361
0.0447180270906718
0.0885380299895241
0.127098980519025
0.107671983847948
0.0803333761849752
0.0630059910122826
0.0351807938895106
0.0976498652985318
0.100264268461096
0.0341719879510666
0.140273200742661
0.115702289779866
0.147171981223263
0.0737244753582503
0.117764444839881
0.0757121118495818
0.0602101439310025
0.0759443887633305
0.0913843731890921
0.0856905122910151
0.0920474755376923
0.0920474755376923
0.0506478201116831
0.100204341723692
0.0844521187895742
0.0100321653208046
0.0100321653208046
0.0875633348472497
0.091540310578421
0.116558976067862
0.0274649112474607
0.0939958455063131
0.0186289752397486
0.0262343790021419
0.142544074587637
0.0714612209410482
0.166371018483781
0.0786778184094425
0.0817588230591888
0.0633757340546695
0.151955461322076
0.137872435383128
0.0390691767779358
0.0633575354349489
0.103823503206814
0.0516296960026762
0.100672265078556
0.105227858213678
0.0655064400877149
0.0644321695253117
0.0659747809466031
0.0816830948853736
0.0816830948853736
0.0665900280070414
0.0348502112545904
0.0926960928935206
0.0665569898923716
0.0963147239334745
0.145663948025289
0.0301537547923117
0.0328463750212977
0.0520211188108559
0.0716005202888133
0.0577233785528439
0.0869931335681273
0.0628546644120651
0.0623839880460984
0.0775287886715754
0.0537542018226166
0.102040816326531
0.0803734919454527
0.0561257130770689
0.0989727397638675
0.0914192328609115
0.0885917044476715
0.0885917044476715
0.0553207957739675
0.0595489930975411
0.126455637547278
0.143238341415768
0.0214121940211179
0.0918778077259894
0.137208533649984
0.115401653367567
0.0851580039625254
0.0667916851930289
0.0843955085888278
0.0259635718167456
0.095096626203245
0.0413354192805508
0.0703177675456366
0.0167948195642656
0.157288511744386
0.0899447204770009
0.0261558118846758
0.0326271653674007
0.0326271653674007
0.0264950587354831
0.0398053869958741
0.110514893168478
0.0125871613667853
0.202918659020915
0.0707905061188432
0.142992717975692
0.079455304052429
0.0450625827934895
0.0646443513371371
0.117854188683984
0.195552874303244
0.0212053500461046
0.0914874732292579
0.0648851960503516
0.073403216392511
0.0380825526730534
0.0999772546422891
0.0532579254249173
0.045060546579531
0.0797188635781567
0.0797188635781567
0.0797188635781567
0.103589603854431
0.103589603854431
0.103589603854431
0.036412256594548
0.164227043961353
0.0553927746026153
0.0935087135020253
0.0539941625985454
0.0608329248489109
0.0908191402542945
0.125601436731182
0.125601436731182
0.131171912148452
0.0812355199888536
0.123126343597731
0.0470396073454892
0.0819528768051752
0.0819528768051752
0.0819528768051752
0.0726730504832009
0.0117647851245371
0.102317610772473
0.036763925704357
0.103692945732806
0.0365025040007809
0.14747623256348
0.102398846075781
0.0384969953725309
0.0761907431728673
0.00733780842833122
0.0657774002798016
0.0583086752065117
0.0569681624455617
0.0938404759937829
0.192103810688192
0.0990389803834636
0.0520506995328159
0.0670475176148343
0.0977638469382913
0.0462467121311305
0.0499461193351195
0.0657537129690209
0.028085900036214
0.0635663889500372
0.128696887862748
0.061768794696947
0.0854115810519069
0.106768970674296
0.0613299215627278
0.0198285926889237
0.0198285926889237
0.124520477503971
0.106929268559678
0.0292626998274222
0.161420036764706
0.0174151354603277
0.0489131514964139
0.0536915756637083
0.0776036875359505
0.102942666114975
0.0937146486055126
0.0937146486055126
0.102489976124475
0.123152599395287
0.0501990662354384
0.0501990662354384
0.0275025520467975
0.0753995561094509
0.126120914419216
0.0690818507986471
0.0233932305756108
0.0925382945782145
0.0355637369550804
0.105056275082055
0.0819540930573508
0.0926028573501786
0.0710001599513292
0.0994391181265232
0.123221361110189
0.0453109475395831
0.0731176816551451
0.058552248410733
0.0777984351822494
0.0431211495905527
0.0530322279551759
0.0672182638745763
0.104742754121528
0.048113085567797
0.0145485305572021
0.0594177757432237
0.0925925925925926
0.18314496684567
0.0329710210815545
0.0524022216135474
0.0523750179507781
0.0907663342576016
0.115359721744105
0.0819972842557961
0.0417767946451124
0.0904616515499938
0.0405802174724868
0.104467700682642
0.022334557071419
0.140280514421378
0.11665889805138
0.0680151952393559
0.0680151952393559
0.0554398339371244
0.0996651912340751
0.0919473809442876
0.122666775478587
0.100335469726154
0.100335469726154
0.101343781607466
0.0801374122314004
0.043941153175457
0.0719901676694749
0.0100845181628167
0.0100845181628167
0.0100845181628167
0.0325153812754866
0.10204081632653
0.0275626951568446
0.05910320618326
0.138843077064501
0.0744987270731502
0.0514781960764943
0.0584785258634578
0.0553463497238151
0.0587085466899266
0.0608323926607777
0.0359498340555873
0.0521153564098417
0.0415198292477694
0.0298223559300002
0.0658266506036151
0.0809142919713177
0.0670163906728393
0.0425220994975121
0.0129869961224169
0.0565426060503918
0.0277896788027528
0.074725210506083
0.0878297864434426
0.0308041240129392
0.0619923216425577
0.0449418396266286
0.10670731707317
0.0927969749139204
0.106083344743249
0.106083344743249
0.121291665613739
0.0187771511153589
0.0318659418456295
0.0852285828162966
0.0528721427463227
0.0528721427463227
0.0933763609687008
0.113856438919901
0.115552506011292
0.0724152205285353
0.0724152205285353
0.0897412525333052
0.0508652742786826
0.0508652742786826
0.00595379034034153
0.0625052715004168
0.0838337555642491
0.059462110066218
0.0184860727615557
0.0131632659783581
0.0142191394427421
0.0539340937829555
0.0844458067986217
0.097211258983506
0.0318308409813793
0.0653159391298723
0.0653159391298723
0.0653159391298723
0.108854209174941
0.108475187886025
0.082981154156936
0.0263845081049342
0.10443465434619
0.0936625064834273
0.0144358242922602
0.066830012206654
0.0193431850316448
0.0839844553903491
0.10765644885129
0.0624299708142073
0.0560437090687576
0.125690485374402
0.0464248168247818
0.0789009193242877
0.0544031815863232
0.0550706213239496
0.115484718697146
0.029713306125858
0.0182794903539536
0.0430709418037842
0.0995674308483373
0.005175444037836
0.005175444037836
0.005175444037836
0.0577525307712072
0.0661142312125008
0.0661142312125008
0.0663561694507083
0.0427974487802419
0.111816842061565
0.0907961465610301
0.0797322549335402
0.0772508316556511
0.0694495265703391
0.0694495265703391
0.0128170585440587
0.0465631432535682
0.021055320972691
0.0361265211267057
0.0490050166983936
0.104932041256373
0.0509476291810192
0.131863895898772
0.131863895898772
0.0644812770126742
0.0467483543855692
0.0467483543855692
0.0451874951970207
0.0995024875621887
0.074582432588221
0.0302905829648314
0.0388137803212262
0.0489845336454592
0.0775790791073552
0.0206341601169919
0.0786373964008434
0.10133083591193
0.0330847228904919
0.101864323853756
0.0292771291354092
0.0767508026203954
0.0708463106988379
0.0708463106988379
0.0873583183054748
0.0161706202877105
0.0620904154130942
0.0998569935022807
0.0423674857147292
0.0815064280899478
0.0496438017118418
0.0838716486491502
0.114177328088869
0.0709286885928398
0.0907399608612042
0.0499995479414511
0.0499995479414511
0.0726242851440994
0.040411954161682
0.0659175605177598
0.116756206745052
0.0583975808933833
0.0567878867222113
0.0468654087768998
0.0468654087768998
0.0417138076177946
0.0363939437991484
0.0510839205367642
0.0510938975370889
0.0536667347655352
0.118816859233033
0.0697336496569839
0.0724896938144515
0.0724896938144515
0.0809451348107419
0.110060002534244
0.0567310815708797
0.0460565163125373
0.0809818655798215
0.0597282245042998
0.0220600346241036
0.0710728051914263
0.00644289379565419
0.0559369343675919
0.0938069534371241
0.0941838715195335
0.0941838715195335
0.0864082723284448
0.149642301706008
0.0852702183549108
0.0906226237276025
0.0979318073944502
0.0979318073944502
0.0122406500153735
0.0998486053668828
0.109979743595646
0.0309031446135052
0.0426183167831519
0.0243038979236286
0.0325501562488949
0.0644922918741837
0.10232485225183
0.04810970059412
0.0417558448877377
0.0417558448877377
0.0835770160316655
0.0789213065600474
0.0363878526917207
0.0702802669472371
0.113231677432241
0.0191909978842673
0.0191909978842673
0.0862359902327342
0.0290347322328263
0.0748123120674126
0.029731938478292
0.0348691324241956
0.0696206907618344
0.0106014337131539
0.0550295430922785
0.0368100851384297
0.0569897395226629
0.0700517632811061
0.0546609950761188
0.0736658089087456
0.0736658089087456
0.0429063415695395
0.0535893972425209
0.120070209229718
0.047181092750756
0.109813556143772
0.0582373070750076
0.100339569523424
0.0701961794676721
0.0572142822128612
0.0249481400272703
0.123714267048284
0.081713989813406
0.0795490257079939
0.042110537024245
0.029645047756989
0.0549053151805234
0.0376179343440609
0.0696535124288167
0.111892857254708
0.111892857254708
0.111892857254708
0.0486012215861887
0.0133466497144073
0.084102971303886
0.0880102425362654
0.033113011163538
0.043917266125248
0.0226554094414213
0.0560874092666113
0.0606652710465056
0.00598301801899433
0.0310128475517841
0.0627469812869883
0.0355552050804564
0.0948645551959376
0.0206124102783273
0.0206124102783273
0.0432821661671014
0.105106160985955
0.0488593575564117
0.100074496381786
0.0539122049728499
0.0838648462314613
0.0838648462314613
0.0838648462314613
0.0635528865099172
0.0530412844463364
0.0656457128914283
0.0679909726708318
0.0599757042045858
0.0342743976110306
0.0587930233631018
0.0327869462204813
0.0472719488023889
0.0639256868345158
0.058250476898314
0.118387016445899
0.079373266377977
0.0539735286757017
0.0260064672118411
0.0653652443538712
0.0472617711467281
0.116544539736777
0.0802071977290592
0.0828569245468891
0.0863641586099939
0.0863641586099939
0.0546331397804921
0.077816274207181
0.0209503140910167
0.0901829251675084
0.0576960736983168
0.0437626769064031
0.0180411091223255
0.0582002275085977
0.0603666332077024
0.0234359120059938
0.0234359120059938
0.055637159094989
0.0715655994675325
0.00587402385872425
0.00587402385872425
0.133302104597868
0.0426528765868781
0.00478209353755121
0.0472061810306428
0.0198034299663158
0.0432429338057254
0.0313401636550597
0.00852418471768734
0.00852418471768734
0.0744142949067727
0.071270202649451
0.0225068425449398
0.0777488714692731
0.0433553894517585
0.0535825889465366
0.0135850309284031
0.0533150840029458
0.0533150840029458
0.0259789789766459
0.0259789789766459
0.0662328400843237
0.0662328400843237
0.0948444480754015
0.0650893472190191
0.0990369948722805
0.0495512290701944
0.0522258962026711
0.0347643867284872
0.103441514152552
0.0677138895562784
0.038285968383517
0.0341760604705416
0.0134432219192545
0.0380504674545761
0.104833856088737
0.0788066314611025
0.0567079496971227
0.0540787621942916
0.0266696341785807
0.047876944783193
0.0596992037078167
0.0724158268486411
0.0270613770204861
0.0967465356170784
0.0621023703983817
0.035659372866979
0.019609682343959
0.0617084664794753
0.0737165547873955
0.0622931756437091
0.0362780508127981
0.0581202683002695
0.0245091743690278
0.0893486450796619
0.0382985920828971
0.0252623752481588
0.068793807839607
0.0619010334196211
0.0276848545351653
0.0560428859025718
0.0865112420796241
0.0421308876863404
0.0421308876863404
0.0624441827379298
0.0329046023647311
0.00446690174601376
0.028684387475882
0.0435757417804834
0.0434526064336658
0.0863002157918835
0.0950534017256234
0.0300814296857901
0.0232087191393942
0.0528309159901901
0.0880636623771624
0.0741369110315061
0.035999335138828
0.0177029804150225
0.0392652570614598
0.00669086950393919
0.0380269554869543
0.0530625975900834
0.0316988083269216
0.072463768115942
0.0586727092954861
0.0715111006350791
0.0329089142369772
0.037469539993031
0.0470153847149556
0.0496789298405444
0.0296721012534491
0.0527159823982396
0.0511482414599434
0.0289476844521141
0.0435197190960591
0.0735294117647061
0.0294554439393252
0.105072026731208
0.105072026731208
0.0725890964853371
0.0103187477814987
0.0611582827968683
0.0353760611511644
0.0835930668672795
0.0417287537930611
0.0301657903161734
0.0569379659722191
0.0700181287953252
0.0618306945756306
0.0448668016825053
0.0492374583537773
0.0137641291275821
0.0570377522282523
0.0359565849923381
0.00731269038478201
0.04288446087732
0.0416728453804559
0.0555283292917985
0.010814899738046
0.0803393856827188
0.047085033536988
0.047085033536988
0.0144225915913862
0.0558364777777232
0.030488649653619
0.0439929341639496
0.0156168394917152
0.0238338300490682
0.0748761565145964
0.0591215747841929
0.0485372925715439
0.0705259907199311
0.00365934059702018
0.0443321198238582
0.0401244008683719
0.0324867443299409
0.0259271753199616
0.0259271753199616
0.0593861661599142
0.0570085265255669
0.0435791159935157
0.0611562921257451
0.0198621822234661
0.0407903650793201
0.0407903650793201
0.0539150972298815
0.0539150972298815
0.0617209752501732
0.0177393067077366
0.070541397559189
0.102259206800436
0.0171429792148978
0.0598209447489988
0.0342168725950417
0.0155741582438622
0.00643210205949283
0.0412201073415063
0.030062802371177
0.049959426871512
0.0224917117431145
0.0622575252377179
0.0580585385802744
0.0268950452379264
0.0459497641040975
0.0346185481950325
0.069391755908014
0.0224163025571461
0.056950711371901
0.0475962993041788
0.0561797752808989
0.0580801177830098
0.0413094841374606
0.0337980448602577
0.0302874981753643
0.0315128742610263
0.0818993019206663
0.0798945600639717
0.0137502133693383
0.0282907792011879
0.0609335591158122
0.06334487372051
0.06334487372051
0.0309457184631756
0.0610208527271837
0.0782999819293008
0.089530307397197
0.0292576571384272
0.0604751624401639
0.0994500295029217
0.0773130080942405
0.0773130080942405
0.0314871279775219
0.0304719159857587
0.0177208738418489
0.0891590918827429
0.0366462629598394
0.0363067960517304
0.0289034017925817
0.0336577209176695
0.0371234594274054
0.0512402467619356
0.0257194988840245
0.0326776729738607
0.0507988316715535
0.00350680458832574
0.0311755434157388
0.0107973764964202
0.0407806124146058
0.0358543566990397
0.0296081512596765
0.0545230082752074
0.0545230082752074
0.0391611427904914
0.0561797752808995
0.0158204437180885
0.0620580303497365
0.0581874242619333
0.0294282966556094
0.0556005898021485
0.0183377697434682
0.0395667324187193
0.0241704290940108
0.0782028640604414
0.0559284909668844
0.0559284909668844
0.0350100419739279
0.0350100419739279
0.0350100419739279
0.0220363321202228
0.000697639246520207
0.010667120912874
0.0718316690607517
0.0216496012441047
0.0315242153068353
0.0224037840995992
0.0529308527809428
0.0201153530070739
0.0315716518379291
0.0315716518379291
0.0574050809603572
0.0799819373695122
0.0439396895784604
0.019991620054451
0.0574872205941354
0.0574872205941354
0.0574872205941354
0.0358749069953698
0.0564325276687175
0.067505983180087
0.0187703334497507
0.0320498741421542
0.0481047535471355
0.0600782584323247
0.0600782584323247
0.0866185888894693
0.00666658513903672
0.0216831108829503
0.0433443752776206
0.0286272938321465
0.0302338890011697
0.0381311862407413
0.0228662847697921
0.0306118932914703
0.0262616688451632
0.0337804378043141
0.0318810303758486
0.0971346314494375
0.0177913161403987
0.0177913161403987
0.0985032017310353
0.0479278443260888
0.0104800617293785
0.0512692213651559
0.0278656479676595
0.0250252553951287
0.0250252553951287
0.0379481796553036
0.0201658583817313
0.0423911961923063
0.0241140151726695
0.0108835532898204
0.0397739485392696
0.0397739485392696
0.0376018276516489
0.0201329602885674
0.0224530894958659
0.0107607711965435
0.0249020510615893
0.0471853685295336
0.0462699556618822
0.0462699556618822
0.00922801342178395
0.0376255725575743
0.0267898042094743
0.0158910092838958
0.0223895396657992
0.0223895396657992
0.00585212271606827
0.0371308069766928
0.0203629313046203
0.039002311248074
0.0339294244905256
0.016871692211232
0.0145025910879353
0.0269189793459509
0.0269189793459509
0.0427560252526449
0.00545592422471796
0.0273988396858373
0.0248447039062149
0.00867968151170719
0.0181445516583117
0.0141210140577268
0.0453062349713807
0.0528166151591065
0.01963637203911
0.0466562881497423
0.0441559407237093
0.0254411698190574
0.0140920441144916
0.0266125226511911
0.0266125226511911
0.0253278867290704
0.0536627128101148
0.000801758629625462
0.0383075970178082
0.00721576150698625
0.0206737272483905
0.0304656506920993
0.0574319046973132
0.0228885689058786
0.0228885689058786
0.0230786810618166
0.0230786810618166
0.0181022553745542
0.0289680022560099
0.0200830230493632
0.0430766591853127
0.0181808254292866
0.0212246046690274
0.0161493881582963
0.0161493881582963
0.0556253266937373
0.013667466355315
0.0238275017205927
0.0240683987041602
0.0192873152226888
0.0144091294915704
0.0283189562464212
0.0127918299667365
0.0196894781810677
0.0151614317550768
0.0307755326610585
0.0154453354701218
0.0201997588806172
0.0428514194627096
0.00540349088270558
0.00540349088270558
0.00971472492748691
0.0167639631996141
0.0665230455568169
0.0149996075221744
0.0109553390608106
0.00432563295877049
0.0173263162406658
0.0156456739226562
0.0105417177048653
0.00183756871808953
0.00820028455300686
0.0113196113229625
0.0113196113229625
0.0114804076703576
