0.711409149813623
0.453694181326117
0.453694181326117
0.558641975308642
0.558641975308642
0.543777607486412
0.425150889599399
0.415675882183714
0.389419636949864
0.251018175470559
0.0624383589422164
0.487339028789553
0.433429615807367
0.0792516699704299
0.308629030813911
0.381893107595215
0.420660498776268
0.401986050546326
0.35599488962074
0.195736789724645
0.362727525245853
0.318594585600239
0.244711860559178
0.247557042498144
0.326637299156122
0.247403607410004
0.314475483862287
0.265632571228538
0.265632571228538
0.36868403649173
0.246130219676558
0.257430267235197
0.257430267235197
0.133434895989215
0.383030606035062
0.31599758352811
0.219175932840484
0.170097980622862
0.224581368597747
0.276349344837878
0.256360143501087
0.236155999513293
0.284177738286652
0.0684661530948497
0.245485493078782
0.244618460465969
0.271853894860065
0.164779033112885
0.173109290978144
0.16529798904913
0.255270551789646
0.271868558274107
0.271808001883489
0.163495462239751
0.114859203671058
0.219354337337694
0.211467311547033
0.272828026300002
0.217983478821385
0.149281694608032
0.155059633298857
0.171702730966333
0.197252608875866
0.0785184929619806
0.26284638455438
0.136600785781177
0.204699712371957
0.202059520758177
0.201733986949648
0.122245305801191
0.168073210863652
0.17581325608386
0.152700359050376
0.1800116939862
0.0931008738359959
0.0931008738359959
0.14516428453928
0.091241800858743
0.187781110316135
0.165068933026354
0.182395372256716
0.202798971058708
0.151218141345168
0.181648088947702
0.191139304566727
0.143769968997789
0.156281801830479
0.200307316068353
0.186880583526341
0.179549011151401
0.179549011151401
0.179549011151401
0.135313229243421
0.110357337269599
0.155531022300729
0.169607354423155
0.189210575320999
0.133497693730697
0.177051100765867
0.167253922816382
0.167253922816382
0.18601404253505
0.0923493718768485
0.137802759827525
0.0799568183105773
0.122878830931602
0.152912469391287
0.20571288825922
0.0912521511004575
0.0889323339704948
0.0889323339704948
0.136600745706136
0.137895401081608
0.136037073394238
0.134998057709072
0.0443124335526247
0.104194793732758
0.0894548587586087
0.0751685188558936
0.140251612495165
0.145537955221486
0.191844013359415
0.148449374569555
0.0586509884655306
0.116989212406672
0.0937155922657355
0.0937155922657355
0.0937155922657355
0.0640611859657153
0.0412720456243872
0.0736078500730528
0.106963404789245
0.0570712848159032
0.0587364152285007
0.0587364152285007
0.0587364152285007
0.026278433750387
0.0529049968802329
0.118398526345525
0.107886528140028
0.108596648693742
0.0686097103146176
0.0965058842275387
0.0558735274084939
0.0849724663365151
0.139207211075274
0.0326834675597258
0.0430955095488312
0.0434408713268168
0.0956138043224845
0.056261860536099
0.056261860536099
0.0547878718171576
0.129030053380047
0.0689367781234119
0.0689367781234119
0.0539358733179061
0.0252970182062577
0.0848315280499247
0.0889955474904472
0.0796632091120487
0.0796632091120487
0.0257973851283052
0.0329032571985126
0.0550630632330571
0.108237493494302
0.0982357570625335
0.0148359406954492
0.0508033394860683
0.0215295491449306
0.0397846059451864
0.0166458979328225
0.0123662793268892
0.0307333463977938
0.0307333463977938
0.0502180202803067
0.036762682364031
0.0377489994365707
0.0516907022934125
