1
0.901582038762206
0.841467382489492
0.710396653271939
0.516520206510746
0.516520206510746
0.516520206510746
0.617663365235619
0.541877046076077
0.527210884353742
0.0820996575948367
0.642131531170808
0.0474762618690655
0.35057694863876
0.35057694863876
0.35057694863876
0.330002822967838
0.357142857142857
0.456462071830506
0.425906889534583
0.205842392064026
0.29474923919361
0.127748439398464
0.205564304244209
0.172790049205467
0.358215818630701
0.227164359725399
0.156620350325147
0.126140730548986
0.126238531641804
0.208150470219436
0.0651919007008485
0.233462247617129
0.233462247617129
0.208076436881797
0.167241242385426
0.168287096534133
0.244669752885179
0.244669752885179
0.203537358414313
0.215865725833269
0.196993982461119
0.232463943241358
0.164836829193862
0.151515151515152
0.126263667128947
0.162937120095292
0.11165718748367
0.1378128168517
0.18841018143887
0.211864407294779
0.111030009883511
0.151467726084426
0.0998063789881631
0.275645926771104
0.0914003759398496
0.146311933831518
0.221322634342334
0.213007883009167
0.0404033028887002
0.145933476361175
0.120793433339466
0.120853916725476
0.225393428194008
0.055768147159585
0.0838857069542588
0.112834598469148
0.024727281489394
0.0931386454640556
0.0213843825890707
0.106845688432848
0.152778582135109
0.225409836065574
0.0963085138670082
0.0963085138670082
0.213982148649889
0.0472771298913195
0.147773345018453
0.133799151719154
0.259718242871996
0.196078431372549
0.196078431372549
0.0369126204398829
0.0932613756390068
0.224098309300265
0.12409217224791
0.0663964503814531
0.0785430546267217
0.0644725991065291
0.131953975292237
0.118528816674934
0.118528816674934
0.0824610436328683
0.0808744238652312
0.111268683104779
0.0424005765160919
0.0424005765160919
0.180141965898526
0.179600013733169
0.0690809201088461
0.112462296647412
0.102334313643145
0.106341431362191
0.128376254020367
0.161985094768039
0.0682931876295117
0.190413924333212
0.0591703878452598
0.113274467259474
0.120967032296939
0.15401720027483
0.0827935791607247
0.164282980476837
0.0898573971166524
0.057620697778541
0.0450393305822438
0.069239254169611
0.101082116209685
0.0755278462257174
0.0694298033024058
0.0654529453900945
0.0366502271986258
0.0418322700047946
0.0964663546742435
0.125105553053949
0.0845461266361687
0.0743910647911427
0.168917679640486
0.149501661129568
0.102127617479633
0.174222961971271
0.0276179694390414
0.155874142588972
0.047239640963436
0.0449847081951741
0.0626669277019532
0.0602908841200202
0.102865362400623
0.102865362400623
0.102865362400623
0.0991260316494037
0.069176197217309
0.116610075253942
0.0526647612601207
0.048173910664027
0.0751525814178814
0.0836313944809295
0.0346315093169847
0.123992879787267
0.0562826837646949
0.0852674669026366
0.0775997947064291
0.161290322580645
0.0788169334952489
0.0448121554786737
0.111420157068063
0.115350874710458
0.0161555207512478
0.0921360911253354
0.0500449161246476
0.127875351324463
0.018542931288591
0.0330410037711748
0.0125242955864685
0.0564006736691424
0.0564006736691424
0.093991435703002
0.099303192969619
0.0836725203057475
0.0417464648127347
0.0674303693786952
0.10937601435051
0.0623345228003558
0.0494381490882036
0.0494381490882036
0.0864832336024192
0.117999401018269
0.11204481792717
0.0445189218493602
0.0249534817732198
0.103038877158653
0.0492886966733754
0.10948905109489
0.064471990911881
0.0830170912989689
0.0830170912989689
0.0712791201370521
0.0379644386047098
0.0355207626368184
0.0789596397647625
0.0937607189049817
0.0648357228575665
0.0915441602257101
0.0927649114508614
0.0774111927847684
0.218437945425071
0.218437945425071
0.0344427467340397
0.055663253173259
0.0640684988112915
0.0593433097369338
0.0647164986918279
0.0639866507711898
0.0287431923949841
0.0945117642460178
0.166205261357281
0.0179377217430026
0.0131034202473353
0.105406137422431
0.0462235529750685
0.0462235529750685
0.0884955752212389
0.143970030659273
0.0352460363256897
0.0952408929535633
0.0952408929535633
0.0384618564390668
0.0105676790472303
0.0334188766462027
0.0437998325745917
0.0517431097837928
0.0560919870762958
0.0631894082757533
0.0869229905209429
0.0393941938647492
0.0713838501044599
0.0479869190092975
0.0762519365052152
0.0707409409387401
0.00637370122531951
0.0393514213602442
0.109117044520918
0.0637070915033388
0.0743433718743224
0.0743433718743224
0.0743433718743224
0.101934342205614
0.0236118798831818
0.0362065376016419
0.0700902570263232
0.0576208366128812
0.0212545819390531
0.0562100987894415
0.0464958676830726
0.0140106153480389
0.0538162287203071
0.0536085135896617
0.0312354629566737
0.0501784521400516
0.0548485725824299
0.0607262344147292
0.0302694003758328
0.00236743316334006
0.0677176674369109
0.048942252558602
0.0268264346951157
0.037026511320449
0.0520398888222268
0.0561797752808989
0.0106638872640285
0.0605281233074425
0.0605281233074425
0.0677889872522821
0.0501571294669726
0.0101691138355653
0.0403516474962274
0.0793797973702348
0.0501328038102965
0.0315051221725495
0.0105482878531042
0.0185613515533503
0.0488909685303017
0.0383302757275073
0.0162365621369144
0.0162365621369144
0.0325482202875549
0.00502941959245933
0.0410816467772074
0.0245229701167684
0.0245229701167684
