TARA_150	TARA_151	TARA_4	TARA_18
845982	1	1	1	0
843885	0	0	0	1
5983162	1	1	1	0
5912017	0	0	0	1
5818724	1	1	1	0
5615625_1	0	0	0	1
5615625_2	0	0	0	1
5520374_1	0	0	0	1
5520374_2	0	0	0	1
533123	0	0	0	1
530465	1	1	1	0
515937_1	0	0	0	1
515937_2	0	0	0	1
5103590	0	0	0	1
4518156	0	0	0	1
402091	0	0	0	1
3729498	0	0	0	1
2919199	0	0	0	1
2873960_1	0	0	0	1
2873960_2	0	0	0	1
2870565	1	1	1	0
2836429	0	0	0	1
2827120	1	1	1	0
2796514	0	0	0	1
2702454_1	0	0	0	1
2702454_2	0	0	0	1
2702454_3	0	0	0	1
234589	0	0	0	1
234197	0	0	0	1
2215973_1	1	1	1	0
2215973_2	1	1	1	0
2215973_3	1	1	1	0
2165548_1	1	1	1	0
2165548_2	1	1	1	0
2165548_3	1	1	1	0
190236	1	1	1	0
15871_1	1	1	1	0
15871_2	1	1	1	0
1530833	0	0	0	1
1305336	0	0	0	1
1238697	0	0	0	1
1265036	0	0	0	0.96969696969697
283583	0	0	0	0.967741935483871
1232912	0	0.0333333333333333	0	1
5163948_1	1	0.958333333333333	1	0
5163948_2	1	0.958333333333333	1	0
2292797	0	0	0	0.96551724137931
5483653_1	0	0	0	0.964285714285714
5483653_2	0	0	0	0.964285714285714
5033751	1	1	1	0.0416666666666667
160664	1	1	1	0.0454545454545455
576569	0	0	0	0.9375
816675	0.0357142857142857	0	0	0.970588235294118
2253495	0.0714285714285714	0	0	1
5761444	1	0.967741935483871	1	0
1565789	1	1	1	0.0714285714285714
705788	1	1	0.95	0
6004220	0	0	0	0.909090909090909
2383565_1	1	1	1	0.0769230769230769
2383565_2	1	1	1	0.0769230769230769
934511	0	0	0	0
1957216	1	1	1	0.0869565217391304
921361_1	1	1	0.947368421052632	0.0434782608695652
921361_2	1	1	0.947368421052632	0.0434782608695652
3957560_1	1	0.972972972972973	1	0.0526315789473684
3957560_2	1	0.972972972972973	1	0.0526315789473684
1515082	1	1	1	0.111111111111111
3039538	1	0.958333333333333	0.941176470588235	0
243519	0.05	0.0833333333333333	0	1
4418734_1	0.9	1	1	0
4418734_2	0.9	1	1	0
4877069_1	0	0.0555555555555556	0.0357142857142857	1
4877069_2	0	0.0555555555555556	0.0357142857142857	1
359084_1	0	0.032258064516129	0.025	1
359084_2	0	0.032258064516129	0.025	1
3166140_1	0	0.0571428571428571	0	1
3166140_2	0	0.0571428571428571	0	1
406272	0	0	0	0.95
1112252_1	1	1	1	0.153846153846154
1112252_2	1	1	1	0.153846153846154
1276563	0	0	0.0454545454545455	0.892857142857143
5192684	0.0714285714285714	0	0.0769230769230769	1
2247668_1	1	0.975	1	0.0909090909090909
2247668_2	1	0.975	1	0.0909090909090909
5138941	0.9375	0.896551724137931	1	1
717807_1	0.0625	0.0434782608695652	0.0416666666666667	0.96969696969697
717807_2	0.0625	0.0434782608695652	0.0416666666666667	0.96969696969697
4255198	0.875	1	1	1
5122134	0	0.0588235294117647	0.0882352941176471	1
3220894_1	0.923076923076923	0.923076923076923	1	0
3220894_2	0.923076923076923	0.923076923076923	1	0
3220894_3	0.923076923076923	0.923076923076923	1	0
5015488	0.972222222222222	0.935483870967742	1	0.0476190476190476
5445138	0	0	0	0.818181818181818
2053492_1	0.939393939393939	1	1	0.0769230769230769
2053492_2	0.939393939393939	1	1	0.0769230769230769
4975686	0	0	0	0.818181818181818
5484994	0	0	0	0.818181818181818
5437831	0.235294117647059	0.0869565217391304	0	1
158006	0	0	0	0.80952380952381
2410856	0	0	0.0555555555555556	0.909090909090909
270770	0.952380952380952	0.967741935483871	1	0.0769230769230769
5612925	1	1	1	0.19047619047619
1484837	0	0	0	0.862068965517241
633247_1	0.952380952380952	0.966666666666667	1	0.117647058823529
633247_2	0.952380952380952	0.966666666666667	1	0.117647058823529
1071510	0.12	0	0	0.9375
879783	1	1	1	0.214285714285714
2251628	0.0588235294117647	0.222222222222222	0	0.956521739130435
4994375	0.9	0.896551724137931	0.95	0
199814	0.8	1	0.9	0
3556837_1	0.923076923076923	0.789473684210526	1	0
3556837_2	0.923076923076923	0.789473684210526	1	0
685615	0	0	0.2	1
5918560_1	0	0.102564102564103	0.0833333333333333	1
5918560_2	0	0.102564102564103	0.0833333333333333	1
5732373	0	0	0.285714285714286	1
5303555_1	0	0.025	0	0.772727272727273
5303555_2	0	0.025	0	0.772727272727273
5460988	1	0.944444444444444	0.75	0
650548	0.9375	0.970588235294118	1	0.111111111111111
4283082	1	1	1	0.241379310344828
5004866	0.928571428571429	0.947368421052632	0.777777777777778	0
2166494	0.142857142857143	0.125	0	0.947368421052632
1012642_1	0.0769230769230769	0.153846153846154	0	0.925925925925926
1012642_2	0.0769230769230769	0.153846153846154	0	0.925925925925926
3127634	0.92	0.939393939393939	0.894736842105263	0
4955008	1	0.833333333333333	0.736842105263158	0
4006867	0	0.388888888888889	0	1
5851237	1	0.764705882352941	0.807692307692308	0
2114407	1	1	0.878787878787879	0.142857142857143
4633897	1	0.930232558139535	0.785714285714286	0.115384615384615
557148	0	0	0.0416666666666667	0.714285714285714
2520141	0.133333333333333	0.230769230769231	1	1
5838768	0.916666666666667	1	0.794871794871795	0
3540813	0	0	0	0.739130434782609
3367125	0.222222222222222	0.19047619047619	0.0625	1
5132009	0.125	0.0303030303030303	0.333333333333333	1
4892065	0	0	0	0.681818181818182
5623120	1	1	1	0.304347826086957
306856	0.95	1	0.78125	0.0476190476190476
2150470	0	0	0	0.692307692307692
607602	1	1	0.945945945945946	0.227272727272727
3936848	0.833333333333333	1	0.7	0.0333333333333333
926858	0.181818181818182	0.0689655172413793	1	0.444444444444444
5439140	0	0	0.0588235294117647	0.72
228045_1	1	1	1	0.318181818181818
228045_2	1	1	1	0.318181818181818
228045_3	1	1	1	0.318181818181818
1289919	1	0.958333333333333	0.878787878787879	0.130434782608696
2524171	0.107142857142857	0.391304347826087	0	0.962962962962963
721745_1	0.814814814814815	0.96875	0.973684210526316	0.115384615384615
721745_2	0.814814814814815	0.96875	0.973684210526316	0.115384615384615
721745_3	0.814814814814815	0.96875	0.973684210526316	0.115384615384615
5448997	1	0.96	0.923076923076923	0.206896551724138
1455624	0	0	0	0.653846153846154
910280	0.2	0.368421052631579	0	1
4962936	0.916666666666667	0.727272727272727	0.0666666666666667	1
1296670	1	0.947368421052632	0.857142857142857	0.136363636363636
6294687	0.0476190476190476	0.166666666666667	0.138888888888889	1
1552000	0.970588235294118	0.9	0.95	0.222222222222222
3192907	0.956521739130435	1	0.891891891891892	0.125
1218156	0.923076923076923	0.9375	0.970588235294118	0.25
2248543	0	0	0.366666666666667	0.954545454545455
4230830	0.05	0.0444444444444444	0.391304347826087	0.95
3134953	0.0833333333333333	0.153846153846154	0.142857142857143	1
2174595	0.9	1	1	0.34375
2516721	1	0.964285714285714	0.833333333333333	0.176470588235294
2463198	0.0909090909090909	0	0.0952380952380952	0.764705882352941
2836748	0	0	0	0.6
932355	0.03125	0.0454545454545455	0.269230769230769	1
1584001	0.0303030303030303	0	0	0.636363636363636
47014	1	0.724137931034483	1	0.137931034482759
800382_1	0	0.0666666666666667	0.266666666666667	0.842105263157895
800382_2	0	0.0666666666666667	0.266666666666667	0.842105263157895
62806	0	0.0588235294117647	0.0526315789473684	0.733333333333333
2966448	0.862068965517241	0.891304347826087	1	0
457473	1	0.8125	1	0.181818181818182
2470956	0.928571428571429	0.585365853658537	1	0.04
536450	0.866666666666667	0.666666666666667	0.870967741935484	0.08
257372	0.972222222222222	0.909090909090909	0.944444444444444	0.230769230769231
5044359	0.923076923076923	0.9375	0.710526315789474	0
566499	0.941176470588235	0.689655172413793	0.826086956521739	0
5388927	0.111111111111111	0.027027027027027	0.1	0.705882352941177
5814814	1	1	1	0.428571428571429
450240	0.789473684210526	0.62962962962963	0.75	0
5059183	1	1	0.9375	0.333333333333333
6565953	0.25	0.161290322580645	0.166666666666667	1
400281	0.125	0.0571428571428571	0.117647058823529	0.78125
3807618	0	0	0	0.565217391304348
650296	0	0	0	0.586206896551724
4905966	1	0.904761904761905	1	0.3
1822242	0.125	0	0.416666666666667	1
876931	0	0	0	0.545454545454545
2002265	0.9375	1	1	0.444444444444444
2048890	0.142857142857143	0	0.0952380952380952	0.724137931034483
2829393	0	0.166666666666667	0.346153846153846	0.826086956521739
6219591	0.1	0.147058823529412	0.142857142857143	1
2525895	0.76	0.65625	1	0.1
5635558_1	0.65	1	0.793103448275862	0.0588235294117647
5635558_2	0.65	1	0.793103448275862	0.0588235294117647
1257166	0.0909090909090909	0.842105263157895	0.230769230769231	0
5621205	1	1	1	0.470588235294118
527184	0.15625	0.0952380952380952	0.730769230769231	0.91304347826087
1789862	0.947368421052632	0.9	0.909090909090909	0.176470588235294
1181853	0	0	0	0.5
2470680	1	1	1	0.481481481481481
380512	0.833333333333333	0.739130434782609	0.882352941176471	0.05
1904651	0.958333333333333	0.717948717948718	0.476190476190476	0
3705006	0.681818181818182	0.7	0.9375	1
5501101	0.878787878787879	0.548387096774194	1	0.0909090909090909
1022012	0.958333333333333	0.96	0.923076923076923	0.3125
5614641	0	0	0	0.592592592592593
3208560_1	0.928571428571429	0.708333333333333	0.243243243243243	1
3208560_2	0.928571428571429	0.708333333333333	0.243243243243243	1
3208560_3	0.928571428571429	0.708333333333333	0.243243243243243	1
2017312	0.909090909090909	0.92	0.304347826086957	1
1474448	1	0.95	0.294117647058824	0.857142857142857
5243224	0.555555555555556	0.6	0.954545454545455	1
4984955	0	0	0	0.541666666666667
5469310	0.758620689655172	0.733333333333333	0.625	0
1408523	0.857142857142857	0.921052631578947	1	0.393939393939394
5268740	0	0	0	0.541666666666667
253845_1	0.8	0.451612903225806	0.846153846153846	0
253845_2	0.8	0.451612903225806	0.846153846153846	0
5485321	1	0.909090909090909	0.391304347826087	1
4337613	0	0	0	0.458333333333333
5647385	0.896551724137931	0.923076923076923	0.947368421052632	0.24
919259_1	0.0909090909090909	0.130434782608696	0.736842105263158	0
919259_2	0.0909090909090909	0.130434782608696	0.736842105263158	0
5295758	0.125	0.458333333333333	0.125	1
2612937	0.130434782608696	0.222222222222222	0.555555555555556	1
5674365	0.952380952380952	0.923076923076923	1	0.40625
1282571	0.157894736842105	0.111111111111111	0	0.806451612903226
643265	0.916666666666667	0.46875	0.666666666666667	0
6211748	0	0	0	0.5
3454950	1	1	1	0.5
1989790	0	0	0.516129032258065	0
5750829	0.954545454545455	0.444444444444444	1	1
807863	0	0	0	0.518518518518518
5950862	0.909090909090909	0.964285714285714	0.454545454545455	0.235294117647059
4195955	1	1	1	0.5
746215	0.46875	0.352941176470588	0.916666666666667	0
4360057	0	0.125	0.352941176470588	0.944444444444444
6057453_1	0.09375	0.0869565217391304	0.130434782608696	0.722222222222222
6057453_2	0.09375	0.0869565217391304	0.130434782608696	0.722222222222222
3535162	0.28	0.181818181818182	0	0.85
317922	0.357142857142857	0.833333333333333	0.2	0
1816993	0.181818181818182	0.2	0	1
474133_1	0.962962962962963	1	1	0.473684210526316
474133_2	0.962962962962963	1	1	0.473684210526316
5887977	0.0689655172413793	0.15	0.235294117647059	0.928571428571429
2287335	0	0	0	0.48
5613328	0.294117647058824	0.318181818181818	1	0.838709677419355
2183396	0	0	0	0.481481481481481
642164	0.0909090909090909	0.19047619047619	0.512820512820513	1
2772803	0.3125	0.444444444444444	0.961538461538462	0.130434782608696
5735310	0.421052631578947	0.848484848484849	1	1
2104169	0.888888888888889	0.954545454545455	0.567567567567568	0.161290322580645
2105085	0.05	0.225806451612903	0.260869565217391	0.894736842105263
567618	0.64	0.222222222222222	0	0
2734079	1	1	1	0.5
5250657	0.125	0.03125	0.117647058823529	0.592592592592593
412481_1	1	1	1	0.545454545454545
412481_2	1	1	1	0.545454545454545
3963025	0.6875	0.678571428571429	0.928571428571429	1
5674306	0.928571428571429	0.904761904761905	0.909090909090909	0.166666666666667
2228092	0.947368421052632	0.891891891891892	0.875	0.304347826086957
166999	0.555555555555556	0.8	0.791666666666667	0
1831421	0.833333333333333	0.782608695652174	0.766666666666667	0
5185014	0.888888888888889	0.896551724137931	0.888888888888889	0.166666666666667
1146087	0.277777777777778	0.521739130434783	0.2	1
2056456_1	1	1	1	0.6
2056456_2	1	1	1	0.6
737993	0.35	0.363636363636364	0.0909090909090909	1
2097263_1	1	0.777777777777778	0.515151515151515	0
2097263_2	1	0.777777777777778	0.515151515151515	0
2097263_3	1	0.777777777777778	0.515151515151515	0
1007533	0.0666666666666667	0.260869565217391	0.647058823529412	0.884615384615385
2689950_1	0.111111111111111	0.681818181818182	0.586206896551724	0.96
2689950_2	0.111111111111111	0.681818181818182	0.586206896551724	0.96
4370559	0.846153846153846	0.5	0.352941176470588	1
2877873	0.870967741935484	0.558823529411765	0.941176470588235	0.206896551724138
1304253	0	0.307692307692308	0.125	0.8
5625748	0.272727272727273	0.230769230769231	0.769230769230769	0.947368421052632
5616730	0.387096774193548	0.233333333333333	0.19047619047619	0.956521739130435
1237388	0.653846153846154	0.744186046511628	0.611111111111111	0
688738_1	0.46875	0.314285714285714	0.0384615384615385	0.923076923076923
688738_2	0.46875	0.314285714285714	0.0384615384615385	0.923076923076923
264628	0.0769230769230769	0.0909090909090909	0	0.588235294117647
5615935_1	0.75	0.833333333333333	0.230769230769231	1
5615935_2	0.75	0.833333333333333	0.230769230769231	1
435927	1	1	1	0.533333333333333
1199895	0.866666666666667	0.962962962962963	0.5625	0.264705882352941
5926597_1	0.833333333333333	0.636363636363636	0.642857142857143	0.9
5926597_2	0.833333333333333	0.636363636363636	0.642857142857143	0.9
1390693	0.95	0.733333333333333	0.80952380952381	0.227272727272727
1267414	1	0.611111111111111	0.647058823529412	0.96551724137931
1514376	0.0869565217391304	0.3	0	0.689655172413793
252194	0.76	0.384615384615385	0.846153846153846	0
2225688	0.28	0.418604651162791	0.136363636363636	0.96551724137931
6032449	0.388888888888889	0.709677419354839	0.32258064516129	1
238631_1	0.967741935483871	0.848484848484849	0.464285714285714	0.736842105263158
238631_2	0.967741935483871	0.848484848484849	0.464285714285714	0.736842105263158
2328122	0.368421052631579	0.242424242424242	0.608695652173913	1
1807008	0.1	0.5	0.0909090909090909	0.8125
4123	0.791666666666667	0.775	0.793103448275862	0.107142857142857
5258199_1	0.44	0.36	0.666666666666667	1
5258199_2	0.44	0.36	0.666666666666667	1
5788512	0.565217391304348	0.4	0	0
1818770	0.818181818181818	0.682926829268293	0.818181818181818	0.0740740740740741
729073_1	0	0	0.0333333333333333	0.451612903225806
729073_2	0	0	0.0333333333333333	0.451612903225806
288213	0	0	0.133333333333333	0.5
2190738	0.363636363636364	0.15	0.666666666666667	0
5020917	0.777777777777778	0.243243243243243	0.214285714285714	0.846153846153846
6052975	0	0	0	0.413793103448276
1208848	0.142857142857143	0.3125	0.727272727272727	0
2479431	0.375	0.48	0.130434782608696	0.333333333333333
69194_1	0.0789473684210526	0.146341463414634	0.0869565217391304	0.678571428571429
69194_2	0.0789473684210526	0.146341463414634	0.0869565217391304	0.678571428571429
69194_3	0.0789473684210526	0.146341463414634	0.0869565217391304	0.678571428571429
4896946_1	0	0.0277777777777778	0.0526315789473684	0.5
4896946_2	0	0.0277777777777778	0.0526315789473684	0.5
4896946_3	0	0.0277777777777778	0.0526315789473684	0.5
1583723_1	0.2	0.241379310344828	0.8	0.5625
1583723_2	0.2	0.241379310344828	0.8	0.5625
1583723_3	0.2	0.241379310344828	0.8	0.5625
4950841	0.25	0.125	0.15	0.722222222222222
1473009	0.818181818181818	0.625	0.897435897435897	0.125
5643002	0.391304347826087	0.615384615384615	1	1
5218147	0.125	0	0.5	0
5990534	1	0.826086956521739	1	0.478260869565217
1121051_1	0.838709677419355	0.96	1	0.407407407407407
1121051_2	0.838709677419355	0.96	1	0.407407407407407
1121051_3	0.838709677419355	0.96	1	0.407407407407407
367842_1	0.68	0.32258064516129	0.15625	0.25
367842_2	0.68	0.32258064516129	0.15625	0.25
367842_3	0.68	0.32258064516129	0.15625	0.25
2147099	1	1	1	0.607142857142857
650529	0.777777777777778	0.647058823529412	0.172413793103448	0.454545454545455
398805_1	0.21875	0.148148148148148	0	0.692307692307692
398805_2	0.21875	0.148148148148148	0	0.692307692307692
398805_3	0.21875	0.148148148148148	0	0.692307692307692
1200854	0.5	0.857142857142857	0.230769230769231	0.866666666666667
5990829	0.227272727272727	0.171428571428571	0.769230769230769	0
2562295	0.925925925925926	0.5	0.933333333333333	1
5379050	0	0	0.0714285714285714	0.444444444444444
211138	0	0	0	0.363636363636364
453118	0.25	0.65	0.666666666666667	0.111111111111111
894295	0.178571428571429	0.117647058823529	0.171428571428571	0.823529411764706
5988487	0.25	0.545454545454545	0.21875	0.91304347826087
5461139	0	0.0666666666666667	0.461538461538462	0
4816485	0	0	0	0.363636363636364
4985010	0.533333333333333	0.5625	0.230769230769231	0
673197	0.0416666666666667	0.289473684210526	0.19047619047619	0.842105263157895
5194241	0.421052631578947	0.8	0.733333333333333	1
2012871	0.473684210526316	0.590909090909091	1	1
5006044	0.111111111111111	0.0740740740740741	0.15	0.8
5412315	0.0769230769230769	0	0.541666666666667	0.25
2625791	0.652173913043478	0.576923076923077	0.8125	0.0454545454545455
5793492	0.909090909090909	0.583333333333333	0.9375	0.28
5791482	0.555555555555556	0.952380952380952	0.9375	0.347826086956522
1299405	0.84375	0.689655172413793	0.222222222222222	0.956521739130435
1420317	0.153846153846154	0.142857142857143	0.217391304347826	0
5016194	0.148148148148148	0.454545454545455	0	0.555555555555556
418150	0	0.5625	0.0952380952380952	0.64
121186	0.476190476190476	0.461538461538462	0.777777777777778	1
3197131	0.0882352941176471	0.2	0.625	0
4324913_1	0.823529411764706	0.766666666666667	0.346153846153846	0.185185185185185
4324913_2	0.823529411764706	0.766666666666667	0.346153846153846	0.185185185185185
150411	0.857142857142857	0.793103448275862	0.405405405405405	1
2187585	0.222222222222222	0.235294117647059	0.631578947368421	0
2596956	0	0	0	0.36
2025271	0.818181818181818	0.763157894736842	0.6875	0.208333333333333
2069870	0.0526315789473684	0.136363636363636	0.25	0.7
469299	0.52	0.636363636363636	1	0.242424242424242
3191391	0.916666666666667	0.733333333333333	1	0.3
690982	0.5	0.645161290322581	0.217391304347826	1
369625	1	1	0.694444444444444	1
1205000	0.689655172413793	0.41025641025641	0.857142857142857	1
1213968	0.64	0.641025641025641	0.685714285714286	0
6184653	0	0.48	0.166666666666667	0
5850716	0.142857142857143	0.216216216216216	0.681818181818182	0
5073828_1	0.344827586206897	0.483870967741935	0	0.714285714285714
5073828_2	0.344827586206897	0.483870967741935	0	0.714285714285714
199712	0.464285714285714	0.25	0.758620689655172	0.1
1323264	0.171428571428571	0.111111111111111	0.130434782608696	0.642857142857143
5107827	0.71875	0.9375	0.5	1
358750	0.791666666666667	0.675	0.777777777777778	0.0952380952380952
5847059	0.666666666666667	0.733333333333333	0.80952380952381	0.241379310344828
798490_1	0.142857142857143	0	0.111111111111111	0.571428571428571
798490_2	0.142857142857143	0	0.111111111111111	0.571428571428571
713585_1	0.0833333333333333	0.27027027027027	0.0869565217391304	0
713585_2	0.0833333333333333	0.27027027027027	0.0869565217391304	0
5481363	0.230769230769231	0.421052631578947	0.304347826086957	1
3644858	1	0.714285714285714	0.75	1
2534108	0.433333333333333	0.484848484848485	0.0256410256410256	0.633333333333333
439656	0.909090909090909	0.666666666666667	0.161290322580645	0.444444444444444
522130	0.92	0.666666666666667	0.923076923076923	0.333333333333333
858230	0.457142857142857	0.390243902439024	0.928571428571429	0.91304347826087
2266611	0.9	0.8	1	0.523809523809524
893439	0.176470588235294	0.411764705882353	0.0952380952380952	0
852394	0.736842105263158	0.447368421052632	1	0.851851851851852
1317301	0.681818181818182	0.944444444444444	0.869565217391304	0.346153846153846
5723911	0.7	0.523809523809524	0.764705882352941	0.172413793103448
1331142_1	0.565217391304348	0.888888888888889	0.966666666666667	1
1331142_2	0.565217391304348	0.888888888888889	0.966666666666667	1
305672	0.869565217391304	0.75609756097561	1	0.315789473684211
3720850_1	0.764705882352941	0.74468085106383	0.413793103448276	0.16
3720850_2	0.764705882352941	0.74468085106383	0.413793103448276	0.16
2016634_1	0.96551724137931	0.485714285714286	0.875	1
2016634_2	0.96551724137931	0.485714285714286	0.875	1
2016634_3	0.96551724137931	0.485714285714286	0.875	1
4961447_1	0.615384615384615	0.659090909090909	0.590909090909091	0
4961447_2	0.615384615384615	0.659090909090909	0.590909090909091	0
2798530	0	0.025	0.03125	0.384615384615385
247681	0.454545454545455	0.714285714285714	0.172413793103448	0.636363636363636
5165477	0.75	0.411764705882353	0.518518518518518	0
883450	0.769230769230769	0.794871794871795	0.136363636363636	0.59375
5812821	0.730769230769231	0.846153846153846	1	0.384615384615385
320203	0.222222222222222	0.736842105263158	0.590909090909091	0.181818181818182
1902580	0.782608695652174	0.833333333333333	0.736842105263158	0.25
2171004	0.142857142857143	0	0	0.411764705882353
422565	0.0714285714285714	0.551724137931034	0.25	0
2663418	0.875	0.75	0.821428571428571	0.263157894736842
3678340	0.473684210526316	0.291666666666667	0.730769230769231	1
177118	0.846153846153846	0.8	1	0.67741935483871
1160196	0.526315789473684	0.488888888888889	0.857142857142857	1
4965137	0.842105263157895	0.916666666666667	0.65625	1
4210853	0.0909090909090909	0.4	0	0
776536	0.657894736842105	0.833333333333333	0.935483870967742	0.28125
62892	0.722222222222222	0.36	0.428571428571429	0.0555555555555556
5167167	0.388888888888889	0.318181818181818	0.142857142857143	0.777777777777778
4994056	0.692307692307692	0.689655172413793	0.266666666666667	1
2135297	0.259259259259259	0.0975609756097561	0	0
138609	0.214285714285714	0.176470588235294	0.538461538461538	0.1
5450431	0.6	0.727272727272727	0.857142857142857	1
2218097	0.625	0.447368421052632	0.432432432432432	0.935483870967742
6300590	0.866666666666667	0.4	0.814814814814815	1
5142336	0.846153846153846	0.714285714285714	0.631578947368421	0.235294117647059
1998974	0.555555555555556	0.0588235294117647	0.484848484848485	0
4523593	0.470588235294118	0.55	0.131578947368421	0
3577887	0.34375	0.208333333333333	0.0476190476190476	0
2852726	0.363636363636364	0.166666666666667	0.555555555555556	0.0416666666666667
1515968	0.923076923076923	0.789473684210526	0.818181818181818	1
722010	0.461538461538462	0.153846153846154	0.636363636363636	0.689655172413793
2744260	1	0.967741935483871	1	0.655172413793103
1608037	0.5625	0.916666666666667	0.696969696969697	0.928571428571429
1263135	0.769230769230769	0.65	0.705882352941177	0.142857142857143
1491698_1	0.461538461538462	0.612903225806452	0.185185185185185	0.0434782608695652
1491698_2	0.461538461538462	0.612903225806452	0.185185185185185	0.0434782608695652
1347569	0.354838709677419	0.525	0.434782608695652	1
466487	0	0.133333333333333	0.416666666666667	0
2213484	0.7	0.470588235294118	0.909090909090909	1
2680832	0.153846153846154	0.625	0.391304347826087	0.0909090909090909
5126956	0.642857142857143	0.6	0.583333333333333	0.0666666666666667
1330177	0.642857142857143	0.548387096774194	0	0.352941176470588
4745455	0.416666666666667	0.793103448275862	0.714285714285714	1
1384815	0.3125	0.130434782608696	0.0833333333333333	0.517241379310345
1831295	0.28125	0.333333333333333	0	0
570735	0.032258064516129	0.0625	0.363636363636364	0.0952380952380952
1306101	0	0.03125	0.178571428571429	0.476190476190476
4020556	0.722222222222222	0.948717948717949	1	1
5649607	0.4	0.756756756756757	0.590909090909091	1
2034733	0	0	0	0.294117647058824
1317590	0.111111111111111	0.291666666666667	0.212121212121212	0.653846153846154
3141139	0.928571428571429	0.928571428571429	0.583333333333333	1
6231084_1	0.954545454545455	0.787234042553192	0.793103448275862	0.230769230769231
6231084_2	0.954545454545455	0.787234042553192	0.793103448275862	0.230769230769231
3966904	0.55	0.46875	0.925925925925926	0.666666666666667
2695350	0.5	0.585365853658537	0.851851851851852	1
569903	0.307692307692308	0.16	0.59375	0
124766	0.636363636363636	0.620689655172414	0.516129032258065	0.133333333333333
4993797	0.583333333333333	0.555555555555556	0.222222222222222	0.0769230769230769
5022869	0.538461538461538	0.258064516129032	0.25	0
5385497	0.0384615384615385	0.0571428571428571	0.205882352941176	0.588235294117647
1919870_1	0.161290322580645	0.0697674418604651	0.517241379310345	0
1919870_2	0.161290322580645	0.0697674418604651	0.517241379310345	0
4320050	0.571428571428571	0.666666666666667	1	1
2224526	0.5	0.828571428571429	0.9	0.5
1331163_1	0.947368421052632	0.727272727272727	1	0.5
1331163_2	0.947368421052632	0.727272727272727	1	0.5
1331163_3	0.947368421052632	0.727272727272727	1	0.5
3948188	0.384615384615385	0.419354838709677	0.666666666666667	0
5338762	0.666666666666667	0.555555555555556	0.733333333333333	1
725698	0.619047619047619	0.678571428571429	1	1
43603	0.692307692307692	0.208333333333333	0.428571428571429	0.666666666666667
397616	0.25	0.363636363636364	0.428571428571429	0.0555555555555556
185603	0.387096774193548	0.114285714285714	0.233333333333333	0
502125	0.225806451612903	0.155555555555556	0.285714285714286	0.761904761904762
2064392	0.0285714285714286	0.166666666666667	0.548387096774194	0.277777777777778
226302	0.3	0.357142857142857	0.3125	0.909090909090909
5060853_1	0.545454545454545	0.470588235294118	0.56	0
5060853_2	0.545454545454545	0.470588235294118	0.56	0
5060853_3	0.545454545454545	0.470588235294118	0.56	0
6438608	0.535714285714286	0.151515151515152	0.2	0
260868	0.46875	0.387096774193548	0.642857142857143	0
5117544_1	0.0476190476190476	0.324324324324324	0.5	0
5117544_2	0.0476190476190476	0.324324324324324	0.5	0
5389220	0.785714285714286	0.666666666666667	0.90625	0.478260869565217
56581	0.24	0.560975609756098	0.260869565217391	0.875
3652713	0.428571428571429	0.6	0.315789473684211	0.967741935483871
865308	1	0.96551724137931	1	0.692307692307692
815991	0.260869565217391	0.227272727272727	0.52	0
5851321	0.6	0.723404255319149	1	1
1014716	0.3125	0.285714285714286	0.36	0.8
2168348	0.857142857142857	0.630434782608696	0.583333333333333	0.0714285714285714
440208	0	0	0	0.285714285714286
161148	0.714285714285714	0.607142857142857	0.766666666666667	0.454545454545455
4779293	1	1	1	0.740740740740741
4913005	0.730769230769231	0.935483870967742	0.523809523809524	0.388888888888889
2798001	0.733333333333333	0.857142857142857	0.851851851851852	0.35
320654	0.925925925925926	0.837837837837838	1	0.565217391304348
1337709	0.75	0.829787234042553	0.733333333333333	0.3125
5192343	0.166666666666667	0.446808510638298	0.0512820512820513	0
5490621	0.5625	0.157894736842105	0.333333333333333	0
1793304	0	0.166666666666667	0.181818181818182	0
561886_1	0.818181818181818	0.875	0.857142857142857	0.458333333333333
561886_2	0.818181818181818	0.875	0.857142857142857	0.458333333333333
4745231	0.571428571428571	0.821428571428571	1	1
5897759	0.941176470588235	0.75	0.454545454545455	0.571428571428571
5408803_1	0.608695652173913	0.583333333333333	0.55	0.235294117647059
5408803_2	0.608695652173913	0.583333333333333	0.55	0.235294117647059
1292800	0.666666666666667	0.695652173913043	1	1
1690742	0.947368421052632	0.880952380952381	1	0.5625
443007	0.590909090909091	0.621621621621622	0.314285714285714	0
3989238_1	0.588235294117647	0.258064516129032	0.307692307692308	0
3989238_2	0.588235294117647	0.258064516129032	0.307692307692308	0
2703419_1	0.181818181818182	0.473684210526316	0.225	0.772727272727273
2703419_2	0.181818181818182	0.473684210526316	0.225	0.772727272727273
2703419_3	0.181818181818182	0.473684210526316	0.225	0.772727272727273
2038337	0.411764705882353	0.52	0.782608695652174	1
5916984	0.307692307692308	0.21875	0.210526315789474	0.684210526315789
3040054	0.5	0.24	0.333333333333333	0
4917499	0.0625	0.121951219512195	0.323529411764706	0
2926883	0.227272727272727	0.51063829787234	0.307692307692308	0
4970545	0.0526315789473684	0.105263157894737	0.027027027027027	0.391304347826087
3165697	0.538461538461538	0.46875	0.351351351351351	1
466642	0.571428571428571	0.276595744680851	0.0333333333333333	0.222222222222222
1137454	0.608695652173913	0.439024390243902	0.225	0.15
6139770	0.461538461538462	0.72972972972973	0.653846153846154	0.0714285714285714
5726043	0.347826086956522	0.65625	0.578947368421053	0.928571428571429
1570062	0.25	0.636363636363636	0.695652173913043	0.866666666666667
34002	0.952380952380952	0.6	0.714285714285714	1
1113253	0.5	0.476190476190476	0.266666666666667	0
6007370	0.28	0.478260869565217	0.214285714285714	0.888888888888889
166645	0.5	0.268292682926829	0	0
3976167	0.692307692307692	0.826086956521739	0.741935483870968	0.363636363636364
2253821	0.529411764705882	0.730769230769231	0.666666666666667	0.777777777777778
661714_1	0.0588235294117647	0.318181818181818	0	0
661714_2	0.0588235294117647	0.318181818181818	0	0
2802590	0.0416666666666667	0.21875	0.324324324324324	0.0833333333333333
5386502	0.875	0.733333333333333	0.538461538461538	1
4993838	0.827586206896552	0.717948717948718	0.352941176470588	0.294117647058824
5711906_1	0	0.0789473684210526	0.321428571428571	0
5711906_2	0	0.0789473684210526	0.321428571428571	0
4265515	0.818181818181818	0.565217391304348	0.3	0.857142857142857
2291788	0.296296296296296	0.342105263157895	0	0
5260498	0.25	0.3	0.5	0.111111111111111
1118985	0.631578947368421	0.68	0.590909090909091	0.2
1460228	0.3	0.75	0.333333333333333	0.473684210526316
1511793	0.722222222222222	0.521739130434783	0.285714285714286	0.133333333333333
2949147_1	0.166666666666667	0.179487179487179	0.318181818181818	0.818181818181818
2949147_2	0.166666666666667	0.179487179487179	0.318181818181818	0.818181818181818
2039986	0.25	0.520833333333333	0.5	0
2472720	0.294117647058824	0.5	0.333333333333333	0.84
2506959	0.333333333333333	0.757575757575758	0.72972972972973	0.882352941176471
199447	0.911764705882353	0.978723404255319	0.925925925925926	0.583333333333333
1900295	0.444444444444444	0.594594594594595	0.518518518518518	1
1606401_1	0.866666666666667	0.72972972972973	1	1
1606401_2	0.866666666666667	0.72972972972973	1	1
4005656	0.173913043478261	0.0277777777777778	0.457142857142857	0.388888888888889
1475178	0.263157894736842	0.258064516129032	0.1875	0
458782	0.76	0.609756097560976	1	1
4956713	0	0.212121212121212	0.217391304347826	0.5
4802609	0.612903225806452	0.41025641025641	0.32	0.0434782608695652
3285849	0.380952380952381	0.153846153846154	0.230769230769231	0
3178968	0.238095238095238	0.382352941176471	0.407407407407407	0
5061601	0.545454545454545	0.657142857142857	0.615384615384615	1
2687787	0.393939393939394	0.604651162790698	0.8	1
1870696_1	0.5	0.475	0.466666666666667	0
1870696_2	0.5	0.475	0.466666666666667	0
571700	0.9375	0.78125	0.636363636363636	1
1260592	0.521739130434783	0.416666666666667	0.230769230769231	0
1585782	0.45	0.470588235294118	0.4	1
247943	0.3125	0.583333333333333	0.264705882352941	0.0909090909090909
4196797	0.884615384615385	0.909090909090909	1	0.565217391304348
5679359_1	0.266666666666667	0.482758620689655	0.653846153846154	0.866666666666667
5679359_2	0.266666666666667	0.482758620689655	0.653846153846154	0.866666666666667
2820087_1	0.217391304347826	0.0512820512820513	0.380952380952381	0
2820087_2	0.217391304347826	0.0512820512820513	0.380952380952381	0
2775940_1	0	0.236842105263158	0.333333333333333	0
2775940_2	0	0.236842105263158	0.333333333333333	0
2413713_1	0.458333333333333	0.27906976744186	0.277777777777778	0.708333333333333
2413713_2	0.458333333333333	0.27906976744186	0.277777777777778	0.708333333333333
2413713_3	0.458333333333333	0.27906976744186	0.277777777777778	0.708333333333333
5057003	0.541666666666667	0.612903225806452	1	0.75
377299	0.333333333333333	0.382352941176471	0.181818181818182	0.695652173913043
1045531	0.625	0.333333333333333	0.541666666666667	0.72
407015	0.72	0.869565217391304	0.545454545454545	1
253399	0.470588235294118	0.538461538461538	0.458333333333333	0.857142857142857
3568910	0.166666666666667	0.181818181818182	0.409090909090909	0
339063	0.166666666666667	0.235294117647059	0	0
4969688	0.6875	0.756756756756757	0.324324324324324	0.384615384615385
3877891	0.4375	0.565217391304348	0.727272727272727	0.954545454545455
641125	0.68	0.631578947368421	0.727272727272727	1
5936806	0.333333333333333	0.575757575757576	0.391304347826087	1
5477307_1	0.692307692307692	0.714285714285714	0.684210526315789	0.235294117647059
5477307_2	0.692307692307692	0.714285714285714	0.684210526315789	0.235294117647059
5129460	0.357142857142857	0.513513513513513	0.375	0
681938	0.384615384615385	0.269230769230769	0.388888888888889	0.714285714285714
259122	0.538461538461538	0.666666666666667	0.909090909090909	1
6077353_1	0.434782608695652	0.451612903225806	0.772727272727273	0.333333333333333
6077353_2	0.434782608695652	0.451612903225806	0.772727272727273	0.333333333333333
6077353_3	0.434782608695652	0.451612903225806	0.772727272727273	0.333333333333333
5811747_1	0.769230769230769	0.806451612903226	0.5	1
5811747_2	0.769230769230769	0.806451612903226	0.5	1
5086	0.137931034482759	0.264705882352941	0.514285714285714	0.32258064516129
3905117	0.407407407407407	0.5	0.761904761904762	0.25
1297294	0.783783783783784	0.906976744186046	0.538461538461538	1
3031477	0.9	0.708333333333333	0.911764705882353	1
1562315	0.0454545454545455	0.0909090909090909	0.344827586206897	0
5501012_1	0.583333333333333	0.730769230769231	0.633333333333333	0.958333333333333
5501012_2	0.583333333333333	0.730769230769231	0.633333333333333	0.958333333333333
2483001	0.588235294117647	0.352941176470588	0.681818181818182	0.32
5337043	0.411764705882353	0.434782608695652	0.636363636363636	1
4925236	0.473684210526316	0.592592592592593	0.515151515151515	0
6032137	0.2	0.142857142857143	0.454545454545455	0
5453283	0.538461538461538	0.289473684210526	0.666666666666667	0.5
288464	0.25	0.166666666666667	0.459459459459459	0.466666666666667
5230567	0.518518518518518	0.275862068965517	0.222222222222222	0
5473200	0.590909090909091	0.606060606060606	0.405405405405405	0.866666666666667
2539965_1	0.217391304347826	0.25	0.166666666666667	0.625
2539965_2	0.217391304347826	0.25	0.166666666666667	0.625
3040083	0.625	0.758620689655172	0.947368421052632	1
1497792	0.36	0.625	0.3125	0.709677419354839
4370038	0.285714285714286	0.571428571428571	0.5	0.238095238095238
5873150	0.441176470588235	0.170731707317073	0.428571428571429	0
2019795	1	0.925925925925926	0.875	0.633333333333333
1527484	0.409090909090909	0.318181818181818	0	0.304347826086957
1534444	0.315789473684211	0.393939393939394	0.347826086956522	0.727272727272727
1552622	0.555555555555556	0.576923076923077	0.625	0.647058823529412
920219	0.764705882352941	0.560975609756098	0.428571428571429	1
5188537	0.709677419354839	0.976190476190476	0.75	1
23984	0.515151515151515	0.32258064516129	0.458333333333333	0.0555555555555556
528872	0.405405405405405	0.5625	0.28	0.76
569880	0.954545454545455	0.931034482758621	0.75	1
1030809_1	0.612903225806452	0.6	0.75	1
1030809_2	0.612903225806452	0.6	0.75	1
1889958	1	0.911764705882353	1	0.714285714285714
3588598	0.419354838709677	0.161290322580645	0.333333333333333	0.0967741935483871
5443227	0.689655172413793	0.58974358974359	0.466666666666667	1
5889212_1	0.590909090909091	0.861111111111111	0.904761904761905	1
5889212_2	0.590909090909091	0.861111111111111	0.904761904761905	1
3433310	0.84	0.740740740740741	0.535714285714286	1
4929403	0.27027027027027	0.222222222222222	0.5625	0
1806180	0.5	0.307692307692308	0.208333333333333	0.0769230769230769
4770326	0.555555555555556	0.5	0.375	0.8
1227941	0.466666666666667	0.777777777777778	0.578947368421053	0.838709677419355
2281156	0.681818181818182	0.645161290322581	0.307692307692308	1
641642	1	0.96551724137931	0.725	1
472007	0.37037037037037	0.363636363636364	0.166666666666667	0.714285714285714
5177251	0	0.434782608695652	0.181818181818182	0.166666666666667
1535697	0.766666666666667	0.916666666666667	0.909090909090909	0.5
5070746	0.461538461538462	0.416666666666667	0.24	0
5485827	0.428571428571429	0.483870967741935	0.514285714285714	0.1875
1401962	0.111111111111111	0.181818181818182	0.46875	0
1953533	0.1	0.478260869565217	0.41025641025641	0.25
3227333	0	0.09375	0.35	0.0357142857142857
4978646	0.862068965517241	0.725	0.966666666666667	1
1803475	0.285714285714286	0.15	0.263157894736842	0.571428571428571
5251264	0.371428571428571	0.478260869565217	0.242424242424242	0
3568808	0.521739130434783	0.619047619047619	0.90625	0.451612903225806
2193089	0.461538461538462	0.315789473684211	0.375	0.0454545454545455
6565374	0.64	0.615384615384615	0.864864864864865	1
3162278	0.25	0.351351351351351	0.648648648648649	0.5
5191494	0.708333333333333	0.341463414634146	0.65	0.5
1965057	0.966666666666667	0.8	0.862068965517241	0.565217391304348
2893849	0.8125	0.571428571428571	0.931034482758621	0.9
1813725	0.588235294117647	0.294117647058824	0.571428571428571	0
2545451	0.277777777777778	0.565217391304348	0.459459459459459	0.785714285714286
5018379	0.21875	0.232558139534884	0.3125	0
5004253	0.173913043478261	0.388888888888889	0.217391304347826	0.548387096774194
5769796	0.25	0.333333333333333	0.527777777777778	0.6
5456567	0.275862068965517	0.32258064516129	0.470588235294118	0.7
1198005	0.909090909090909	0.84375	0.608695652173913	1
1222815	0.0769230769230769	0.375	0.19047619047619	0
2873150	0.85	0.636363636363636	0.875	1
4781511	0.772727272727273	0.631578947368421	0.7	0.739130434782609
1147663	0.296296296296296	0.595238095238095	0.710526315789474	0.333333333333333
467504	0.432432432432432	0.3	0.37037037037037	0
4217343	0.71875	0.862068965517241	1	1
316261	0.260869565217391	0.483870967741935	0.263157894736842	0
1019182	0.736842105263158	0.527777777777778	0.735294117647059	1
437099	0.741935483870968	0.727272727272727	0.523809523809524	1
3489084	0.4	0.111111111111111	0.238095238095238	0.0434782608695652
2212651	0.689655172413793	0.852941176470588	0.763157894736842	0.931034482758621
1148417	0.866666666666667	1	0.852941176470588	0.857142857142857
5184170	0.615384615384615	0.722222222222222	0.478260869565217	0.833333333333333
5174877	0.558823529411765	0.652173913043478	0.878787878787879	0.928571428571429
665190_1	0.105263157894737	0.111111111111111	0.371428571428571	0.0416666666666667
665190_2	0.105263157894737	0.111111111111111	0.371428571428571	0.0416666666666667
1475296	0.357142857142857	0.380952380952381	0.162162162162162	0
1972305	0.0526315789473684	0.315789473684211	0.238095238095238	0
2166913	0.3125	0.565217391304348	0.277777777777778	0.12
2712348	0.514285714285714	0.684210526315789	0.346153846153846	0.916666666666667
4336595	0.857142857142857	0.717391304347826	0.944444444444444	1
5730712	0.642857142857143	0.354838709677419	0.653846153846154	0.36
3471082	0.307692307692308	0.340909090909091	0.263157894736842	0
4360694	0.307692307692308	0.472222222222222	0.272727272727273	0.08
43870	0.206896551724138	0.317073170731707	0	0
3186702	0.85	0.833333333333333	0.702702702702703	0.96551724137931
184529	0.194444444444444	0.355555555555556	0.09375	0.2
5074876	0.303030303030303	0.333333333333333	0.304347826086957	0.04
63872	0	0.0526315789473684	0.2	0.384615384615385
5015824	0.333333333333333	0.136363636363636	0.0689655172413793	0
3130448	0.130434782608696	0.166666666666667	0.0526315789473684	0.407407407407407
5607987_1	0.724137931034483	0.911764705882353	1	0.625
5607987_2	0.724137931034483	0.911764705882353	1	0.625
215406	0	0.137931034482759	0.303030303030303	0.428571428571429
682909_1	0.142857142857143	0.172413793103448	0.393939393939394	0
682909_2	0.142857142857143	0.172413793103448	0.393939393939394	0
466644	0.625	0.394736842105263	0.612903225806452	0.222222222222222
399428	0.230769230769231	0.5	0.578947368421053	0.588235294117647
1622916	0.916666666666667	0.666666666666667	0.756756756756757	0.904761904761905
1813324	0.692307692307692	0.926829268292683	0.594594594594595	0.678571428571429
2718032	0.7	0.520833333333333	0.76	0.368421052631579
2475014	0.0869565217391304	0.235294117647059	0	0
5301285	0.684210526315789	0.625	0.857142857142857	0.961538461538462
5487589_1	0.233333333333333	0.341463414634146	0.32258064516129	0.441176470588235
5487589_2	0.233333333333333	0.341463414634146	0.32258064516129	0.441176470588235
1798177	0.411764705882353	0.3	0.117647058823529	0.19047619047619
272581	0.655172413793103	0.692307692307692	0.565217391304348	0.303030303030303
2832585	0.566666666666667	0.444444444444444	0.852941176470588	0.75
121019	0.333333333333333	0.276595744680851	0.0769230769230769	0
1526737	0.75	0.611111111111111	0.423076923076923	0.65625
90438	0.285714285714286	0.5	0.227272727272727	0.333333333333333
2499417_1	0.806451612903226	0.642857142857143	0.571428571428571	1
2499417_2	0.806451612903226	0.642857142857143	0.571428571428571	1
6562236	0.0666666666666667	0.235294117647059	0.142857142857143	0.333333333333333
5796869	0.318181818181818	0.161290322580645	0.285714285714286	0
668848	0.416666666666667	0.303030303030303	0.384615384615385	0.65
634493	0.689655172413793	0.5	0.538461538461538	0.916666666666667
5027245	0.266666666666667	0.333333333333333	0.405405405405405	0
3561196	0.72	0.774193548387097	0.791666666666667	0.916666666666667
1774270	0.592592592592593	0.774193548387097	1	0.793103448275862
914080	0.2	0.209302325581395	0.0434782608695652	0
6567273	0.5	0.40625	0.435897435897436	0.315789473684211
3967160	0.25	0.161290322580645	0.5625	0.272727272727273
4966883	0.192307692307692	0.227272727272727	0.388888888888889	0.04
341808	0	0.0857142857142857	0.242424242424242	0.357142857142857
1222701	0.375	0.259259259259259	0.125	0
3372397_1	0.447368421052632	0.454545454545455	0.684210526315789	0.166666666666667
3372397_2	0.447368421052632	0.454545454545455	0.684210526315789	0.166666666666667
3372397_3	0.447368421052632	0.454545454545455	0.684210526315789	0.166666666666667
934472	0.545454545454545	0.592592592592593	0.846153846153846	0.705882352941177
3541529	0.631578947368421	0.5625	0.91304347826087	0.772727272727273
5747216	0	0.03125	0.212121212121212	0
411518	0.684210526315789	0.631578947368421	0.888888888888889	0.91304347826087
3068638	0.392857142857143	0.4	0.142857142857143	0.0869565217391304
4954676	0.192307692307692	0.305555555555556	0.0571428571428571	0
2713681_1	0.476190476190476	0.48936170212766	0.2	0.7
2713681_2	0.476190476190476	0.48936170212766	0.2	0.7
5813052	0.818181818181818	0.875	0.666666666666667	1
5121226	0.705882352941177	0.46875	0.675675675675676	0.368421052631579
5980100	0.833333333333333	0.69047619047619	0.75	1
5076763	0.615384615384615	0.595238095238095	0.275862068965517	0.318181818181818
6011003	0.529411764705882	0.53125	0.588235294117647	0.882352941176471
249676	0.5	0.423076923076923	0.833333333333333	0.590909090909091
5229851_1	0.710526315789474	0.560975609756098	0.612903225806452	0.96551724137931
5229851_2	0.710526315789474	0.560975609756098	0.612903225806452	0.96551724137931
652254	0.407407407407407	0.475	0.333333333333333	0.764705882352941
681960	0.166666666666667	0.268292682926829	0.285714285714286	0.6
3060570	0.476190476190476	0.375	0.55	0.275862068965517
300724	0.0952380952380952	0.243243243243243	0.323529411764706	0
3300243	0.565217391304348	0.648648648648649	0.454545454545455	0.777777777777778
635421	0.354838709677419	0.148148148148148	0.5	0.238095238095238
4196413	0.655172413793103	0.680851063829787	1	0.85
4867242_1	0.818181818181818	0.75	0.966666666666667	1
4867242_2	0.818181818181818	0.75	0.966666666666667	1
4867242_3	0.818181818181818	0.75	0.966666666666667	1
4975732	0.736842105263158	0.853658536585366	0.617647058823529	0.535714285714286
2495682	0.555555555555556	0.588235294117647	0.421052631578947	0.3
4259668_1	0.333333333333333	0.421052631578947	0.666666666666667	0.777777777777778
4259668_2	0.333333333333333	0.421052631578947	0.666666666666667	0.777777777777778
2304784	0.333333333333333	0.470588235294118	0.48	0.157894736842105
748260	0.722222222222222	0.7	0.888888888888889	0.962962962962963
3103752	0.666666666666667	0.866666666666667	0.714285714285714	1
5017618	0.724137931034483	0.84	0.666666666666667	1
3545452	0.25	0.307692307692308	0.0909090909090909	0
874853_1	0.333333333333333	0.16	0.0588235294117647	0.0666666666666667
874853_2	0.333333333333333	0.16	0.0588235294117647	0.0666666666666667
2001630	0.611111111111111	0.551724137931034	0.551724137931034	0.714285714285714
3377108	0.6	0.428571428571429	0.36	0.761904761904762
5128801	0.166666666666667	0.125	0.111111111111111	0.409090909090909
3438861	0.444444444444444	0.46875	0.470588235294118	0.80952380952381
1841075	0.676470588235294	0.5	0.782608695652174	0.3125
5404561	0.545454545454545	0.518518518518518	0.318181818181818	0.25
2763975	0.515151515151515	0.697674418604651	0.71875	1
71319	0.545454545454545	0.725	0.619047619047619	0.9
2808749	0.291666666666667	0.642857142857143	0.333333333333333	0.347826086956522
2810676	0.277777777777778	0.258064516129032	0.173913043478261	0
5622113	0.0263157894736842	0.148936170212766	0.269230769230769	0.307692307692308
1236984	0.636363636363636	0.828571428571429	0.696969696969697	0.916666666666667
2499681	0.478260869565217	0.5	0.166666666666667	0.176470588235294
5031665	0.923076923076923	0.783783783783784	0.958333333333333	1
1530038_1	0.478260869565217	0.277777777777778	0.615384615384615	0.45
1530038_2	0.478260869565217	0.277777777777778	0.615384615384615	0.45
3219726	0.285714285714286	0.366666666666667	0.5	0.0952380952380952
5176208	0.208333333333333	0.295454545454545	0	0.111111111111111
2691307	0.266666666666667	0.405405405405405	0.391304347826087	0.476190476190476
5985315	0.933333333333333	0.75	0.833333333333333	0.586206896551724
1023464	0.2	0.257142857142857	0.4	0.214285714285714
4289544	0.565217391304348	0.333333333333333	0.32	0.5
4919958	0.857142857142857	0.8	0.727272727272727	1
767363	0.260869565217391	0.285714285714286	0.0909090909090909	0
3043879	0.387096774193548	0.424242424242424	0.233333333333333	0.142857142857143
123652	0.875	0.789473684210526	0.583333333333333	0.666666666666667
2310739	0.933333333333333	0.695652173913043	0.888888888888889	0.894736842105263
2961474	0.923076923076923	0.8	0.766666666666667	0.952380952380952
3158406	0.478260869565217	0.354838709677419	0.457142857142857	0.6
2801324	0.611111111111111	0.558823529411765	0.565217391304348	0.777777777777778
2471929	0.205882352941176	0.0731707317073171	0.217391304347826	0
5393038	0.121212121212121	0.294117647058824	0.166666666666667	0
5066916	0.846153846153846	0.541666666666667	0.642857142857143	0.75
2997_1	0.222222222222222	0.470588235294118	0.214285714285714	0.315789473684211
2997_2	0.222222222222222	0.470588235294118	0.214285714285714	0.315789473684211
448905	0.2	0.236842105263158	0.1875	0.347826086956522
2611973	0.636363636363636	0.739130434782609	0.333333333333333	0.611111111111111
1233297	0.137931034482759	0.222222222222222	0.285714285714286	0
2142233	0.346153846153846	0.372093023255814	0.3	0.0625
656323	0.206896551724138	0.175	0	0
1206221	0.285714285714286	0.25	0.388888888888889	0
2214168	0.272727272727273	0.19047619047619	0.275862068965517	0.032258064516129
253483	0.818181818181818	0.588235294117647	0.428571428571429	0.516129032258065
412660	0.333333333333333	0.210526315789474	0.266666666666667	0.464285714285714
3328546_1	0.636363636363636	0.642857142857143	0.7	1
3328546_2	0.636363636363636	0.642857142857143	0.7	1
1532908	0.52	0.575757575757576	0.545454545454545	0.909090909090909
1477750	0.434782608695652	0.263157894736842	0.148148148148148	0.357142857142857
412458	0.571428571428571	0.513513513513513	0.481481481481481	0.363636363636364
5470608	0.181818181818182	0.277777777777778	0.25	0.441176470588235
792348	0.285714285714286	0.282051282051282	0.333333333333333	0
1915285	0.6	0.428571428571429	0.470588235294118	0.333333333333333
713998	0.172413793103448	0.270833333333333	0.235294117647059	0
1969726	0.80952380952381	0.724137931034483	0.866666666666667	1
6133921	0.433333333333333	0.625	0.375	0.388888888888889
569283	0.55	0.375	0.606060606060606	0.461538461538462
4672671	0.1	0.1	0.242424242424242	0
4329607	0.882352941176471	0.75	0.8	0.588235294117647
2173601	0.692307692307692	0.717948717948718	0.7	0.529411764705882
5770880_1	0.172413793103448	0.296296296296296	0.342857142857143	0.413793103448276
5770880_2	0.172413793103448	0.296296296296296	0.342857142857143	0.413793103448276
5770880_3	0.172413793103448	0.296296296296296	0.342857142857143	0.413793103448276
807180_1	0.323529411764706	0.470588235294118	0.444444444444444	0.588235294117647
807180_2	0.323529411764706	0.470588235294118	0.444444444444444	0.588235294117647
1306139	0.681818181818182	0.736842105263158	0.478260869565217	0.642857142857143
307037	0.216216216216216	0.307692307692308	0.272727272727273	0.484848484848485
1209502	0.290322580645161	0.181818181818182	0.176470588235294	0
688872	0.2	0.242424242424242	0.357142857142857	0.434782608695652
2022663	0.130434782608696	0.310344827586207	0.0909090909090909	0.103448275862069
1311698_1	0.842105263157895	0.666666666666667	0.647058823529412	0.5
1311698_2	0.842105263157895	0.666666666666667	0.647058823529412	0.5
1311698_3	0.842105263157895	0.666666666666667	0.647058823529412	0.5
2565085	0.916666666666667	0.833333333333333	0.722222222222222	0.75
845423	0.4	0.459459459459459	0.486486486486487	0.238095238095238
5217017	0.193548387096774	0.121951219512195	0	0.0526315789473684
1033913	0.833333333333333	0.678571428571429	0.777777777777778	0.625
2157765	0.44	0.428571428571429	0.428571428571429	0.2
2483113	0.294117647058824	0.266666666666667	0.517241379310345	0.275862068965517
2077916	0.733333333333333	0.780487804878049	0.888888888888889	1
719194	0.521739130434783	0.433333333333333	0.428571428571429	0.625
1795301	0.615384615384615	0.607142857142857	0.567567567567568	0.5
4975942	0.461538461538462	0.277777777777778	0.323529411764706	0.466666666666667
4930611	0.714285714285714	0.657894736842105	0.6	0.666666666666667
5868057	0.8	0.829268292682927	0.925925925925926	1
196078	0.0555555555555556	0.290322580645161	0.153846153846154	0.212121212121212
5617588	0.647058823529412	0.636363636363636	0.666666666666667	0.470588235294118
774782	0.205882352941176	0.277777777777778	0.210526315789474	0.166666666666667
2480583	0.538461538461538	0.5	0.75	0.583333333333333
932293	0.6	0.785714285714286	0.846153846153846	0.75
395533	0.28125	0.454545454545455	0.32	0.4
5788144	0.727272727272727	0.840909090909091	0.733333333333333	0.611111111111111
6225387	0.108108108108108	0.184210526315789	0.1	0
1232166	0.911764705882353	0.840909090909091	0.857142857142857	1
6186577	0.269230769230769	0.324324324324324	0.435897435897436	0.25
828022	0.27027027027027	0.236842105263158	0.208333333333333	0.1
748315	0.791666666666667	0.705882352941177	0.76	0.709677419354839
