TARA_146	TARA_147	TARA_148	TARA_9
3296484	0.0588235294117647	0.0526315789473684	0.357142857142857	0.716981132075472
1536280_1	0	0.6875	0.0666666666666667	0.191011235955056
1536280_2	0	0.6875	0.0666666666666667	0.191011235955056
1536280_3	0	0.6875	0.0666666666666667	0.191011235955056
6179190	0.0434782608695652	0.148148148148148	0.0833333333333333	0.164705882352941
900366	0.8	1	1	0.860759493670886
3081926	0.80952380952381	0.95	1	0.873239436619718
4692848	0.681818181818182	0.611111111111111	0.0588235294117647	0.739130434782609
5464107	1	0.9375	1	0.857142857142857
914844	0	0.0555555555555556	0.0357142857142857	0.0945945945945946
3920478	0.733333333333333	0.363636363636364	0.176470588235294	0.213114754098361
112837	0.95	0.882352941176471	0.947368421052632	0.841269841269841
5189560	0.882352941176471	0.947368421052632	0.866666666666667	0.898989898989899
2504430	0.222222222222222	0.0833333333333333	0.285714285714286	0.139240506329114
1202838	0.95	0.9375	0.952380952380952	0.87719298245614
4233969_1	0	0.0666666666666667	0.0833333333333333	0.146666666666667
4233969_2	0	0.0666666666666667	0.0833333333333333	0.146666666666667
3482307	0.916666666666667	1	0.888888888888889	0.722222222222222
3790203	1	1	0.892857142857143	0.908045977011494
4820242	1	1	0.863636363636364	0.868686868686869
5873533_1	0.45	0	0.142857142857143	0.202380952380952
5873533_2	0.45	0	0.142857142857143	0.202380952380952
5763606	1	0.5	0.647058823529412	0.868852459016393
194979_1	0.777777777777778	0.916666666666667	0.888888888888889	0.805970149253731
194979_2	0.777777777777778	0.916666666666667	0.888888888888889	0.805970149253731
1496895_1	0.304347826086957	0.0555555555555556	0.0666666666666667	0.208333333333333
1496895_2	0.304347826086957	0.0555555555555556	0.0666666666666667	0.208333333333333
1772242	0.333333333333333	0.25	0.678571428571429	0.741176470588235
568908	0.782608695652174	1	0.931034482758621	0.831460674157303
3549947_1	0.25	0	0	0.231707317073171
3549947_2	0.25	0	0	0.231707317073171
4867721	0.8	0.846153846153846	1	0.848484848484849
4273665	0.764705882352941	0.652173913043478	0.136363636363636	0.305555555555556
406718	0.25	0.777777777777778	0.789473684210526	0.712328767123288
791940	0.375	0.538461538461538	0.730769230769231	0.219178082191781
3778076	0.214285714285714	0.0588235294117647	0.434782608695652	0.0784313725490196
5076419	0.142857142857143	0.173913043478261	0.478260869565217	0.171717171717172
4334978_1	1	0.956521739130435	0.91304347826087	0.846938775510204
4334978_2	1	0.956521739130435	0.91304347826087	0.846938775510204
5273492	1	1	1	0.868131868131868
2281928	0.0769230769230769	0	0.0476190476190476	0.136363636363636
5567058	0.8	0.923076923076923	0.916666666666667	0.924050632911392
5689219	0.785714285714286	0.266666666666667	0.388888888888889	0.74390243902439
636569_1	0.666666666666667	0.916666666666667	0.46875	0.893333333333333
636569_2	0.666666666666667	0.916666666666667	0.46875	0.893333333333333
1252781	1	1	1	0.870967741935484
5781171	0.2	0.157894736842105	0.05	0.491228070175439
4351757	0.25	0.222222222222222	0.277777777777778	0.555555555555556
3420086	0.705882352941177	0.3	0.375	0.327586206896552
3223574	0	0.0454545454545455	0	0.112359550561798
754529	0.176470588235294	0.230769230769231	0.0666666666666667	0.102941176470588
4346133	0.954545454545455	0.956521739130435	0.964285714285714	0.866666666666667
6139503	0.888888888888889	0.736842105263158	0.954545454545455	0.766666666666667
5910581	0.857142857142857	0.736842105263158	1	0.795454545454545
4115663	0.1	0.0625	0.153846153846154	0.362068965517241
5044591	0.588235294117647	0.375	0.285714285714286	0.6375
5563228	0.0666666666666667	0.133333333333333	0.411764705882353	0.339622641509434
842087	0.521739130434783	0.777777777777778	0.384615384615385	0.806122448979592
4720091	0.961538461538462	0.958333333333333	0.961538461538462	0.811764705882353
2409474	0.176470588235294	0.368421052631579	0.409090909090909	0.698412698412698
1811631	0.807692307692308	0.652173913043478	0.545454545454545	0.9
2757912	0	0.0869565217391304	0	0.0970873786407767
3617887	0.64	0.904761904761905	0.653846153846154	0.763157894736842
3154553	0.3	0.117647058823529	0.222222222222222	0.273809523809524
5067960	0.571428571428571	0.458333333333333	0.521739130434783	0.761904761904762
6138810	0.0625	0.277777777777778	0.470588235294118	0.441176470588235
2105051	0.75	0.9	0.78125	0.474226804123711
4204660	0	0.117647058823529	0	0.230769230769231
3374595	0.181818181818182	0.1875	0.105263157894737	0.4
2164351	0.1875	0.277777777777778	0.0526315789473684	0.240740740740741
4590181	0.0434782608695652	0	0	0.194174757281553
5508409	0.818181818181818	0.75	0.857142857142857	0.716981132075472
6048822	0.352941176470588	0.45	0.444444444444444	0.564102564102564
4806129	0.941176470588235	0.842105263157895	0.705882352941177	0.71830985915493
5587178	0.909090909090909	0.8125	0.733333333333333	0.850746268656716
3147758	0	0.172413793103448	0.217391304347826	0.206896551724138
2972982	0.35	0.8	0.5	0.481012658227848
1406195	0.583333333333333	0.3125	0.263157894736842	0.578125
6743064	1	1	1	0.866666666666667
6861397	0.75	0.357142857142857	0.85	0.56
6230600	0.24	0.466666666666667	0.7	0.209302325581395
5609407	1	1	0.933333333333333	0.711864406779661
5969364	1	1	1	0.932038834951456
3860661	0.823529411764706	0.814814814814815	0.681818181818182	0.77027027027027
2082457	0.55	0.241379310344828	0.65	0.376811594202899
6829887	0.285714285714286	0.875	0.428571428571429	0.586206896551724
3874243	0.75	0.823529411764706	0.6	0.61
4705815	0.88	0.695652173913043	0.96875	0.778947368421053
93777	0.277777777777778	0.277777777777778	0.260869565217391	0.6
3651608	0.0476190476190476	0.176470588235294	0	0.323076923076923
1259526	0.818181818181818	0.75	0.411764705882353	0.545454545454545
6523962	0.80952380952381	0.5	0.6	0.311827956989247
5600416	0.875	0.956521739130435	0.961538461538462	0.765625
4385741	0.176470588235294	0.615384615384615	0.277777777777778	0.126436781609195
5986156	0.9	0.55	1	0.732394366197183
1200402	0.25	0.571428571428571	0.730769230769231	0.611111111111111
6944529	0.5	0.888888888888889	0.75	0.685185185185185
3006442	0.176470588235294	0.105263157894737	0.0833333333333333	0.364864864864865
285608	0.35	0.176470588235294	0.1875	0.205882352941176
4071569	0.6	0.590909090909091	0.703703703703704	0.787878787878788
4118288	0.583333333333333	0.55	0.904761904761905	0.719512195121951
1487944	0.75	0.88	0.666666666666667	0.79746835443038
4006955	0.409090909090909	0.444444444444444	0.333333333333333	0.707317073170732
252164	0.866666666666667	0.95	0.645161290322581	0.883495145631068
2438181	0.357142857142857	0.125	0.111111111111111	0.195402298850575
1436242	0	0	0	0.261904761904762
3883941	0.846153846153846	0.62962962962963	0.80952380952381	0.447368421052632
3952231_1	0.142857142857143	0.277777777777778	0.269230769230769	0.344827586206897
3952231_2	0.142857142857143	0.277777777777778	0.269230769230769	0.344827586206897
5013398	1	0.952380952380952	0.916666666666667	0.714285714285714
1092274	1	0.833333333333333	0.846153846153846	0.72289156626506
3261529	0.555555555555556	0.888888888888889	0.95	0.670886075949367
6601480	0.235294117647059	0.222222222222222	0.470588235294118	0.602941176470588
203494	0.272727272727273	0.153846153846154	0.294117647058824	0.266666666666667
6032236	0	0.307692307692308	0.0416666666666667	0.276923076923077
5783834	0.44	0.769230769230769	0.666666666666667	0.472222222222222
4875115	0	0	0.157894736842105	0.173076923076923
6215617	0.0769230769230769	0.529411764705882	0.545454545454545	0.306451612903226
6606265	0.5	0.892857142857143	0.59375	0.5
5572352	0.421052631578947	0.0740740740740741	0.578947368421053	0.268817204301075
6716371	0.111111111111111	0.185185185185185	0.107142857142857	0.336448598130841
4374807_1	0.272727272727273	0.538461538461538	0.32258064516129	0.617977528089888
4374807_2	0.272727272727273	0.538461538461538	0.32258064516129	0.617977528089888
1213848	0.85	1	0.9	0.82258064516129
6409704	0	0	0	0.232558139534884
6737386	0	0.166666666666667	0.260869565217391	0.232142857142857
404447	0.8	0.571428571428571	0.538461538461538	0.777777777777778
1640789	0.692307692307692	0.777777777777778	0.787878787878788	0.515151515151515
5825415	0.882352941176471	0.578947368421053	0.352941176470588	0.53030303030303
5827664	0.315789473684211	0.0454545454545455	0.166666666666667	0.223300970873786
4136193	0.304347826086957	0.222222222222222	0.444444444444444	0.263157894736842
4494668	0	0.142857142857143	0	0.135802469135802
1948908	1	0.705882352941177	0.695652173913043	0.811594202898551
160558	1	1	1	0.898989898989899
3280145	0.85	0.958333333333333	1	0.811764705882353
6509427	0.0909090909090909	0.0384615384615385	0.0869565217391304	0.24468085106383
5221899	0.7	0.3125	0.823529411764706	0.56
204033	0.722222222222222	0.705882352941177	0.481481481481481	0.45
1581261	0.333333333333333	0.241379310344828	0.72	0.319587628865979
1003892	0.923076923076923	0.9	0.722222222222222	0.622641509433962
1747379	0.25	0.5	0.2	0.377358490566038
6217030	0.666666666666667	0.466666666666667	0.666666666666667	0.745762711864407
5405261	0.0666666666666667	0.181818181818182	0.5	0.212121212121212
1750987	0.692307692307692	0.588235294117647	0.8	0.66
7006214	0.473684210526316	0.529411764705882	0.473684210526316	0.320987654320988
2981729	0.391304347826087	0.705882352941177	0.375	0.545454545454545
2842105	0.894736842105263	0.916666666666667	0.928571428571429	0.815384615384615
4012816	0.882352941176471	0.684210526315789	0.84375	0.867469879518072
486869_1	0.0555555555555556	0.333333333333333	0.263157894736842	0.183908045977011
486869_2	0.0555555555555556	0.333333333333333	0.263157894736842	0.183908045977011
3670389	0.583333333333333	0.315789473684211	0.473684210526316	0.275862068965517
6682424	0.772727272727273	0.55	0.789473684210526	0.458333333333333
688384	1	0.9	1	0.926605504587156
1467415	0.666666666666667	0.933333333333333	0.928571428571429	0.732142857142857
3146491	0.285714285714286	0.1875	0.294117647058824	0.476190476190476
1684631	0.125	0.25	0.277777777777778	0.188888888888889
4049655	0.0555555555555556	0	0	0.246575342465753
1537445	0.692307692307692	0.75	0.9	0.532608695652174
4903462	0.761904761904762	0.388888888888889	0.272727272727273	0.505747126436782
6216146_1	0.0952380952380952	0.0434782608695652	0.260869565217391	0.351351351351351
6216146_2	0.0952380952380952	0.0434782608695652	0.260869565217391	0.351351351351351
6456907	0.75	0.333333333333333	0.555555555555556	0.710526315789474
5481259	0.142857142857143	0.421052631578947	0.1875	0.233333333333333
2939125	0	0.230769230769231	0	0.258620689655172
252281	0.333333333333333	0.588235294117647	0.368421052631579	0.387096774193548
3838377	0.5625	1	0.909090909090909	0.815789473684211
2909160	0.157894736842105	0.55	0.416666666666667	0.267605633802817
4373477	0.8	0.740740740740741	0.583333333333333	0.461538461538462
1635064	0.583333333333333	0.4	0.533333333333333	0.28
1470910	0.352941176470588	0.272727272727273	0.176470588235294	0.179487179487179
3071947	0.210526315789474	0.1	0.391304347826087	0.112903225806452
5604009	0.368421052631579	0.5	0.227272727272727	0.439393939393939
5067976	0.117647058823529	0	0.185185185185185	0.21875
748408	0.571428571428571	0.666666666666667	0.315789473684211	0.555555555555556
6721555	0.695652173913043	0.692307692307692	0.8	0.794520547945205
2033648	0.277777777777778	0.136363636363636	0.0526315789473684	0.316455696202532
2804108	0.105263157894737	0.2	0.214285714285714	0.130952380952381
3145715	0.571428571428571	0.714285714285714	0.315789473684211	0.703703703703704
5479704_1	0	0.05	0	0.264367816091954
5479704_2	0	0.05	0	0.264367816091954
1795706	0.866666666666667	0.571428571428571	0.583333333333333	0.756410256410256
4438895	0.65	0.76	0.592592592592593	0.388888888888889
53671_1	0.0588235294117647	0	0.0769230769230769	0.301587301587302
53671_2	0.0588235294117647	0	0.0769230769230769	0.301587301587302
3149688	0.5	0.545454545454545	0.416666666666667	0.435294117647059
1933938	0.388888888888889	0.0833333333333333	0.368421052631579	0.150943396226415
2783941	0.947368421052632	1	1	0.855421686746988
1734529	0.166666666666667	0.304347826086957	0.0952380952380952	0.301369863013699
5998880	0.636363636363636	0.666666666666667	0.666666666666667	0.709677419354839
4350729	0.941176470588235	1	0.947368421052632	0.808988764044944
6019806	0.333333333333333	0.3	0.36	0.296296296296296
230699	0.9	0.88	0.875	0.896103896103896
2150250_1	0.823529411764706	0.928571428571429	0.684210526315789	0.87719298245614
2150250_2	0.823529411764706	0.928571428571429	0.684210526315789	0.87719298245614
852781	0.833333333333333	1	0.75	0.818181818181818
1992840	0.0588235294117647	0.25	0.217391304347826	0.234567901234568
2977695	0.8125	0.928571428571429	0.571428571428571	0.87037037037037
3336109	0.0666666666666667	0.2	0.0869565217391304	0.36
3818666	0.478260869565217	0.857142857142857	0.8	0.56
2941915	0.823529411764706	0.625	0.80952380952381	0.811594202898551
1009931	0.28	0.304347826086957	0.151515151515152	0.473118279569892
580339	0.75	0.863636363636364	1	0.858695652173913
5909266	0.125	0.375	0.0526315789473684	0.296875
4438169	0.5	0.5	0.636363636363636	0.329411764705882
1098244_1	1	0.888888888888889	0.739130434782609	0.88135593220339
1098244_2	1	0.888888888888889	0.739130434782609	0.88135593220339
6430739	0.933333333333333	0.8	0.846153846153846	0.708860759493671
5287537	0.05	0.235294117647059	0.2	0.2
3029458	0.416666666666667	0.55	0.136363636363636	0.359550561797753
5078522	0.736842105263158	0.666666666666667	0.315789473684211	0.485714285714286
1791300_1	0.4	0.722222222222222	0.642857142857143	0.414285714285714
1791300_2	0.4	0.722222222222222	0.642857142857143	0.414285714285714
3484395	0.571428571428571	0.4375	0.692307692307692	0.571428571428571
6700833	0.869565217391304	0.769230769230769	0.666666666666667	0.791666666666667
3382829	0.473684210526316	0.55	0.571428571428571	0.36
494215	0.375	0.28	0.176470588235294	0.185840707964602
3697991	0.304347826086957	0.294117647058824	0.227272727272727	0.297297297297297
6224510	0	0.0666666666666667	0.375	0.245283018867925
5784156	0.842105263157895	0.607142857142857	0.482758620689655	0.738317757009346
1365981	0.714285714285714	0.764705882352941	0.8125	0.666666666666667
6144019	0.958333333333333	1	0.769230769230769	0.863636363636364
5459350	0.3125	0.583333333333333	0.470588235294118	0.321428571428571
1414925	0.857142857142857	0.826086956521739	0.714285714285714	0.602409638554217
6682772	0.214285714285714	0.222222222222222	0.357142857142857	0.0681818181818182
1787458	0.571428571428571	0.722222222222222	0.652173913043478	0.619047619047619
4485806	0.238095238095238	0.269230769230769	0.3	0.534883720930233
3916935	0.619047619047619	0.714285714285714	0.896551724137931	0.844155844155844
3023441	0	0.310344827586207	0.0769230769230769	0.0659340659340659
2392248	0.714285714285714	0.761904761904762	0.84	0.705882352941177
2078418	0.222222222222222	0.428571428571429	0.346153846153846	0.430555555555556
2517191	0.92	0.758620689655172	0.76	0.736842105263158
5913911	0.777777777777778	0.769230769230769	0.6875	0.517647058823529
2183163	0.0476190476190476	0.3	0.24	0.361904761904762
735574	0.36	0.0833333333333333	0.375	0.132743362831858
2196451_1	0.1	0.0625	0.125	0.337209302325581
2196451_2	0.1	0.0625	0.125	0.337209302325581
6712142	0.416666666666667	0.807692307692308	0.5	0.575342465753425
1083454	0.4375	0.380952380952381	0.714285714285714	0.382716049382716
4638876	0.611111111111111	0.736842105263158	0.692307692307692	0.771739130434783
5923607	0.954545454545455	1	1	0.772727272727273
3774874	0.708333333333333	0.714285714285714	0.666666666666667	0.825242718446602
1014451	0.684210526315789	0.652173913043478	0.6	0.745283018867924
3555909	0	0.0434782608695652	0	0.152380952380952
1987109_1	0.777777777777778	0.736842105263158	0.739130434782609	0.652173913043478
1987109_2	0.777777777777778	0.736842105263158	0.739130434782609	0.652173913043478
1982570	0.692307692307692	0.777777777777778	0.789473684210526	0.803030303030303
6325809	0.631578947368421	0.380952380952381	0.833333333333333	0.753424657534247
3777324	1	0.739130434782609	0.91304347826087	0.7125
1933862	0.958333333333333	0.916666666666667	0.931034482758621	0.866666666666667
2467981	0.35	0.470588235294118	0.473684210526316	0.547619047619048
2739113	0.642857142857143	0.421052631578947	0.36	0.337349397590361
6142538	0.235294117647059	0.0769230769230769	0.523809523809524	0.246153846153846
4057978	0.65	0.75	0.84375	0.789473684210526
2009360_1	0.363636363636364	0.130434782608696	0.166666666666667	0.225806451612903
2009360_2	0.363636363636364	0.130434782608696	0.166666666666667	0.225806451612903
4585068	0.944444444444444	0.705882352941177	0.464285714285714	0.626666666666667
5663452	0.428571428571429	0.333333333333333	0.375	0.245901639344262
1724623	0.3125	0.333333333333333	0.1	0.36
2338297	1	1	1	0.924731182795699
2728510	0.625	0.607142857142857	0.52	0.352941176470588
6106338_1	0.923076923076923	0.730769230769231	0.730769230769231	0.735849056603774
6106338_2	0.923076923076923	0.730769230769231	0.730769230769231	0.735849056603774
4291256	0.952380952380952	0.84	0.91304347826087	0.72463768115942
51540	1	1	0.952380952380952	0.759493670886076
6073670_1	0.277777777777778	0.315789473684211	0.384615384615385	0.5
6073670_2	0.277777777777778	0.315789473684211	0.384615384615385	0.5
6073670_3	0.277777777777778	0.315789473684211	0.384615384615385	0.5
515093	0.857142857142857	1	0.727272727272727	0.821917808219178
5759424	0.727272727272727	0.625	0.4375	0.763888888888889
4427589	0.6	0.5	0.684210526315789	0.782051282051282
2083804	0.9375	1	0.733333333333333	0.770114942528736
6729784	0.692307692307692	1	0.958333333333333	0.738636363636364
5145232	0.15	0.05	0.214285714285714	0.205882352941176
6446343	0.739130434782609	0.655172413793103	0.9	0.857142857142857
5872782_1	0.904761904761905	0.681818181818182	0.821428571428571	0.83695652173913
5872782_2	0.904761904761905	0.681818181818182	0.821428571428571	0.83695652173913
4856328	0.833333333333333	0.777777777777778	0.7	0.514705882352941
1758750	0.526315789473684	0.277777777777778	0.666666666666667	0.486111111111111
564396	0.962962962962963	1	0.791666666666667	0.783783783783784
2978812	0.782608695652174	0.888888888888889	0.96	0.693069306930693
1323037	0.8	0.714285714285714	0.894736842105263	0.915094339622642
1336140	0.5	0.25	0.62962962962963	0.520408163265306
4824921	0.65	0.793103448275862	0.625	0.875
5427560	0.777777777777778	0.655172413793103	0.72	0.472972972972973
1637867_1	0.692307692307692	0.740740740740741	0.423076923076923	0.756410256410256
1637867_2	0.692307692307692	0.740740740740741	0.423076923076923	0.756410256410256
2789427	0.75	0.8	0.91304347826087	0.821052631578947
5538040	0.894736842105263	0.941176470588235	0.875	0.76
6446330	0	0	0	0.19047619047619
4298783_1	0.315789473684211	0.739130434782609	0.516129032258065	0.666666666666667
4298783_2	0.315789473684211	0.739130434782609	0.516129032258065	0.666666666666667
6982356_1	0.391304347826087	0.434782608695652	0.766666666666667	0.695121951219512
6982356_2	0.391304347826087	0.434782608695652	0.766666666666667	0.695121951219512
6615344	0.473684210526316	0.789473684210526	0.354838709677419	0.495049504950495
174492	0.454545454545455	0.285714285714286	0.565217391304348	0.430769230769231
3778495_1	0.0869565217391304	0.166666666666667	0	0.2
3778495_2	0.0869565217391304	0.166666666666667	0	0.2
6753709	0.933333333333333	0.933333333333333	0.958333333333333	0.821917808219178
1007096	0.583333333333333	0.173913043478261	0.307692307692308	0.311688311688312
251343	0.166666666666667	0.210526315789474	0.230769230769231	0.262135922330097
431808	0.0476190476190476	0.375	0.363636363636364	0.252427184466019
5974601	0.277777777777778	0	0.09375	0.118811881188119
5876764	0.727272727272727	0.789473684210526	0.592592592592593	0.711538461538462
4428344	0.15	0	0.142857142857143	0.265822784810127
5104441_1	0.5625	0.928571428571429	0.866666666666667	0.75
5104441_2	0.5625	0.928571428571429	0.866666666666667	0.75
2918697	0.736842105263158	0.434782608695652	0.379310344827586	0.658227848101266
4891831	0.5	0.473684210526316	0.647058823529412	0.430769230769231
2369343	0.6	0.523809523809524	0.631578947368421	0.638888888888889
6778494	0.318181818181818	0.260869565217391	0.4	0.405063291139241
5120101	0.1	0.230769230769231	0.333333333333333	0.138888888888889
2829538	0.136363636363636	0.0833333333333333	0.04	0.128440366972477
3270452	0.352941176470588	0.586206896551724	0.375	0.260416666666667
6668737	0.866666666666667	0.76	0.555555555555556	0.75
5069593	0.928571428571429	0.8125	0.75	0.74390243902439
1373177	0.315789473684211	0.45	0.714285714285714	0.512820512820513
3950400	0.55	0.176470588235294	0.291666666666667	0.372881355932203
5844912	0.333333333333333	0.166666666666667	0.296296296296296	0.234042553191489
4293980	0.266666666666667	0.458333333333333	0.642857142857143	0.6
5288871	0.333333333333333	0.0952380952380952	0.473684210526316	0.207317073170732
5223178_1	0.666666666666667	0.615384615384615	0.882352941176471	0.779069767441861
5223178_2	0.666666666666667	0.615384615384615	0.882352941176471	0.779069767441861
1586710	0.380952380952381	0.4375	0.407407407407407	0.493975903614458
6577301	0.0909090909090909	0.166666666666667	0.142857142857143	0.129032258064516
207504	0.111111111111111	0.32	0.08	0.139784946236559
6234913	0.875	0.9375	0.944444444444444	0.840909090909091
6687809	0.0666666666666667	0	0.0909090909090909	0.133333333333333
3936338	0.681818181818182	0.941176470588235	0.96	0.857142857142857
491491	0.0833333333333333	0.0952380952380952	0.130434782608696	0.3
5703503	0.421052631578947	0.653846153846154	0.807692307692308	0.738636363636364
4533575	0.611111111111111	0.6	0.65	0.745762711864407
1440988	0.882352941176471	0.625	0.678571428571429	0.822916666666667
2735751	0	0	0	0.152542372881356
1071492	0.208333333333333	0.16	0.129032258064516	0.156626506024096
1439270	0.5	0.6875	0.611111111111111	0.716417910447761
3316649	0.210526315789474	0.142857142857143	0	0.1625
3196024	0.782608695652174	0.68	0.75	0.641025641025641
5935842	0.9375	0.9375	0.666666666666667	0.75
1155001	0.526315789473684	0.357142857142857	0.172413793103448	0.395348837209302
1742206	0.25	0.0833333333333333	0	0.159420289855072
1949086	0.826086956521739	0.869565217391304	0.785714285714286	0.732558139534884
6509652	0.411764705882353	0.142857142857143	0.272727272727273	0.357142857142857
3670505	0.318181818181818	0.214285714285714	0.3	0.146788990825688
5078555	0.523809523809524	0.611111111111111	0.583333333333333	0.449438202247191
5449017	0.6	0.391304347826087	0.785714285714286	0.564102564102564
926404	0.444444444444444	0.227272727272727	0.625	0.385714285714286
4880628	0.894736842105263	0.782608695652174	0.909090909090909	0.78125
1438701	0.173913043478261	0.105263157894737	0.148148148148148	0.133333333333333
2928762	0.266666666666667	0.25	0.454545454545455	0.560975609756098
6767947	0.842105263157895	0.826086956521739	0.722222222222222	0.735849056603774
6999227	0.0434782608695652	0	0	0.211538461538462
1723011	0.238095238095238	0.4	0.48	0.461538461538462
5974617	0.705882352941177	0.6	0.764705882352941	0.827586206896552
1480667	0.923076923076923	0.91304347826087	0.758620689655172	0.75
4424466	0.72	0.473684210526316	0.476190476190476	0.534653465346535
4908861	0.0666666666666667	0.0714285714285714	0.0740740740740741	0.2
1088964	0.19047619047619	0.157894736842105	0.0526315789473684	0.232558139534884
6583487	0.705882352941177	0.846153846153846	0.769230769230769	0.895348837209302
912838_1	0.08	0.210526315789474	0.15625	0.313131313131313
912838_2	0.08	0.210526315789474	0.15625	0.313131313131313
4901174	0.772727272727273	0.933333333333333	0.923076923076923	0.798076923076923
6346089	0.4	0.434782608695652	0.392857142857143	0.166666666666667
6296863	0	0.0869565217391304	0.208333333333333	0.208791208791209
6680308_1	0.3125	0.315789473684211	0.5	0.505747126436782
6680308_2	0.3125	0.315789473684211	0.5	0.505747126436782
4715002	0.363636363636364	0.117647058823529	0.238095238095238	0.157407407407407
6495639	1	0.863636363636364	0.892857142857143	0.929292929292929
4623055	0.1875	0.0666666666666667	0.208333333333333	0.0921052631578947
4455498	0.333333333333333	0.217391304347826	0.3	0.206896551724138
3057053	0.625	0.466666666666667	0.473684210526316	0.389830508474576
5650008	0.266666666666667	0.25	0.2	0.395061728395062
1238665	0.9	0.958333333333333	0.9375	0.833333333333333
6651599	0	0.1	0	0.144444444444444
1033031	0.238095238095238	0.0714285714285714	0.315789473684211	0.370786516853933
280632	0	0.125	0.384615384615385	0.273809523809524
3558766	0.565217391304348	0.62962962962963	0.607142857142857	0.53125
3474274	0.947368421052632	0.684210526315789	0.655172413793103	0.707070707070707
6459522	0.541666666666667	0.6	0.607142857142857	0.590909090909091
3727757	0.65	0.736842105263158	0.833333333333333	0.772277227722772
4946179	0.727272727272727	0.666666666666667	0.833333333333333	0.82258064516129
5567424	1	1	1	0.894736842105263
650862	0.928571428571429	0.642857142857143	0.769230769230769	0.753424657534247
320751	0.6875	1	0.875	0.872549019607843
6092094	0.0666666666666667	0.0769230769230769	0.15	0.23728813559322
6640807	0.35	0.458333333333333	0.409090909090909	0.5625
6110405	0.904761904761905	0.8	0.962962962962963	0.9
2738561	0.666666666666667	0.555555555555556	0.666666666666667	0.58
6016350	0.4	0.333333333333333	0.185185185185185	0.25974025974026
509665	0.272727272727273	0.0454545454545455	0.0625	0.215189873417722
4057687	0.625	0.65	0.5	0.679611650485437
6040566	0.2	0.230769230769231	0.333333333333333	0.209677419354839
6504356	0.789473684210526	0.85	0.888888888888889	0.857142857142857
2500923	0.91304347826087	0.740740740740741	0.826086956521739	0.666666666666667
2234073	0.75	1	0.869565217391304	0.783783783783784
2776148	0.476190476190476	0.724137931034483	0.793103448275862	0.571428571428571
4978864	0.541666666666667	0.684210526315789	0.448275862068966	0.58
625033	0.16	0.259259259259259	0.125	0.135922330097087
6053220	0	0.15	0	0.153846153846154
315562	1	0.9375	0.92	0.876543209876543
4651271	0.75	0.80952380952381	0.909090909090909	0.772151898734177
3918769	0.5	0.533333333333333	0.7	0.692307692307692
2650203	0.5	0.428571428571429	0.64	0.525641025641026
4738501	0.952380952380952	1	0.9	0.82
1266989	0.791666666666667	0.666666666666667	0.733333333333333	0.650485436893204
6159925	0.1875	0.275862068965517	0.1	0.302631578947368
4911163	0.0833333333333333	0	0.153846153846154	0.192307692307692
291485	0.916666666666667	0.666666666666667	0.882352941176471	0.763636363636364
1136595	0.631578947368421	0.666666666666667	0.380952380952381	0.662650602409639
223165	0.611111111111111	0.875	0.947368421052632	0.833333333333333
5302178	0	0.173913043478261	0.166666666666667	0.227848101265823
5027123	0.25	0.461538461538462	0.238095238095238	0.410958904109589
6380641	0.523809523809524	0.620689655172414	0.631578947368421	0.522222222222222
4550037_1	0.130434782608696	0.166666666666667	0.193548387096774	0.406976744186047
4550037_2	0.130434782608696	0.166666666666667	0.193548387096774	0.406976744186047
6482631	0.384615384615385	0.357142857142857	0.346153846153846	0.387755102040816
349785	0.1	0.217391304347826	0.0454545454545455	0.25
3329279	0.0666666666666667	0.142857142857143	0.333333333333333	0.270588235294118
2013306	0.0833333333333333	0	0	0.202898550724638
6706679_1	0.375	0.583333333333333	0.478260869565217	0.347368421052632
6706679_2	0.375	0.583333333333333	0.478260869565217	0.347368421052632
587463	0.928571428571429	1	1	0.8375
2726528	0.6875	0.631578947368421	0.764705882352941	0.641025641025641
5173643	0.615384615384615	0.428571428571429	0.392857142857143	0.333333333333333
930022	0.470588235294118	0.523809523809524	0.5625	0.329787234042553
2217841	0.0625	0.291666666666667	0.111111111111111	0.298850574712644
290482	0.6	0.636363636363636	0.458333333333333	0.457627118644068
533145	0.736842105263158	0.9375	0.705882352941177	0.742424242424242
6903726	0.3125	0.461538461538462	0.347826086956522	0.262295081967213
491369	0.7	0.538461538461538	0.545454545454545	0.717171717171717
5529207	0.833333333333333	0.928571428571429	0.904761904761905	0.788888888888889
553794	0.769230769230769	0.722222222222222	0.764705882352941	0.709090909090909
4339624	0.269230769230769	0.142857142857143	0.19047619047619	0.402777777777778
6485851	0.421052631578947	0.272727272727273	0.434782608695652	0.3125
1306794	1	1	1	0.824175824175824
3848974	0.478260869565217	0.642857142857143	0.32	0.493975903614458
2169698	0.5625	0.928571428571429	0.882352941176471	0.684210526315789
4045335	0.346153846153846	0.347826086956522	0.0833333333333333	0.288461538461538
5857729	0.230769230769231	0.25	0.05	0.298507462686567
3913714	0.7	0.555555555555556	0.714285714285714	0.522222222222222
6387399	0.272727272727273	0.615384615384615	0.5	0.580246913580247
582068	0.8	0.8	0.862068965517241	0.675675675675676
5575409	0.473684210526316	0.32	0.217391304347826	0.349056603773585
3983822	0.227272727272727	0.208333333333333	0.206896551724138	0.282051282051282
5475503	0.526315789473684	0.590909090909091	0.352941176470588	0.36986301369863
4332581	0.411764705882353	0.428571428571429	0.388888888888889	0.508771929824561
6946691	0.333333333333333	0.230769230769231	0.5625	0.241379310344828
63276	0.714285714285714	0.384615384615385	0.5	0.454545454545455
3328387	0.111111111111111	0.208333333333333	0.321428571428571	0.1125
2764449	0.444444444444444	0.458333333333333	0.714285714285714	0.519480519480519
3065605	0.941176470588235	0.714285714285714	0.689655172413793	0.760869565217391
4236248	0.555555555555556	0.470588235294118	0.117647058823529	0.371794871794872
56638	0	0	0	0.161616161616162
1988994	0.722222222222222	0.411764705882353	0.434782608695652	0.516483516483517
6955666	0.466666666666667	0.727272727272727	0.6875	0.666666666666667
343412	0	0	0	0.146341463414634
6654743_1	0.148148148148148	0.166666666666667	0.291666666666667	0.255102040816327
6654743_2	0.148148148148148	0.166666666666667	0.291666666666667	0.255102040816327
1862380	0.5	0.6	0.318181818181818	0.650485436893204
3640654	0.166666666666667	0.105263157894737	0	0.15
626009	0.647058823529412	0.846153846153846	1	0.716049382716049
3273810	0.166666666666667	0.25	0.333333333333333	0.37
5792672	0.95	1	0.96551724137931	0.857142857142857
5361415_1	0.0769230769230769	0.0769230769230769	0.230769230769231	0.269230769230769
5361415_2	0.0769230769230769	0.0769230769230769	0.230769230769231	0.269230769230769
6000007	0.888888888888889	0.952380952380952	0.947368421052632	0.882978723404255
2835565	0.125	0.0526315789473684	0.0384615384615385	0.242424242424242
2855769	0.291666666666667	0.259259259259259	0.470588235294118	0.263636363636364
4833638	0.894736842105263	0.571428571428571	0.777777777777778	0.728813559322034
3901655	0.411764705882353	0.24	0.392857142857143	0.253012048192771
4564449	0.933333333333333	0.722222222222222	0.75	0.772727272727273
1403941	0.176470588235294	0	0	0.180555555555556
1566514	0.666666666666667	0.652173913043478	0.6	0.753246753246753
3138722	0.166666666666667	0.294117647058824	0.275862068965517	0.390909090909091
127240	0.846153846153846	0.444444444444444	0.5	0.655737704918033
232266	0.5	0.473684210526316	0.235294117647059	0.488636363636364
3842918_1	0.869565217391304	0.866666666666667	0.8	0.730769230769231
3842918_2	0.869565217391304	0.866666666666667	0.8	0.730769230769231
109960	0.6875	0.733333333333333	0.833333333333333	0.647058823529412
565660	1	0.9375	0.894736842105263	0.898550724637681
2789308	0.125	0.458333333333333	0.15	0.215189873417722
141782_1	0.75	0.714285714285714	0.88	0.814159292035398
141782_2	0.75	0.714285714285714	0.88	0.814159292035398
1995761	0	0	0	0.15625
1873193	0.611111111111111	0.4375	0.652173913043478	0.565789473684211
1225114	0.4375	0.304347826086957	0.238095238095238	0.431818181818182
7044836	0.941176470588235	0.733333333333333	0.9	0.793103448275862
5933358_1	0.409090909090909	0.269230769230769	0.21875	0.438775510204082
5933358_2	0.409090909090909	0.269230769230769	0.21875	0.438775510204082
5933358_3	0.409090909090909	0.269230769230769	0.21875	0.438775510204082
2613108	0.0714285714285714	0.111111111111111	0.133333333333333	0.280701754385965
1850190	0.238095238095238	0.25	0.611111111111111	0.48
1722384_1	1	0.882352941176471	0.666666666666667	0.702970297029703
1722384_2	1	0.882352941176471	0.666666666666667	0.702970297029703
1722384_3	1	0.882352941176471	0.666666666666667	0.702970297029703
4860932	0.5	0.210526315789474	0.315789473684211	0.417721518987342
1859275	0.136363636363636	0.173913043478261	0.241379310344828	0.283783783783784
396451	0.421052631578947	0.409090909090909	0.5	0.523809523809524
384097	0.481481481481481	0.454545454545455	0.461538461538462	0.608247422680412
666686	0.636363636363636	0.916666666666667	0.846153846153846	0.75
3732371	0.166666666666667	0.181818181818182	0.125	0.284090909090909
337039	0.458333333333333	0.222222222222222	0.25	0.342857142857143
2703550	1	0.954545454545455	0.857142857142857	0.886075949367089
4594395	0.692307692307692	0.75	0.708333333333333	0.863636363636364
6847280	0.8	0.888888888888889	0.933333333333333	0.781818181818182
1774070	0.260869565217391	0.125	0.178571428571429	0.302631578947368
5167916	0.0666666666666667	0.142857142857143	0	0.232142857142857
6159499	0.565217391304348	0.625	0.448275862068966	0.333333333333333
1247737	0.625	0.625	0.833333333333333	0.673076923076923
6263436	0	0	0	0.13953488372093
757244	0.318181818181818	0.24	0.321428571428571	0.464646464646465
822798	0.916666666666667	0.95	0.730769230769231	0.857142857142857
6351872	0.875	0.869565217391304	0.933333333333333	0.898876404494382
6508735	0.294117647058824	0.4	0.28125	0.121212121212121
1954035	0	0	0	0.151162790697674
805991	0.882352941176471	0.736842105263158	0.55	0.838235294117647
5462483	0.0476190476190476	0.103448275862069	0	0.0964912280701754
2937784	0.863636363636364	0.933333333333333	0.869565217391304	0.80952380952381
39805	0.125	0.0666666666666667	0.32	0.160919540229885
2967304	0.791666666666667	0.611111111111111	0.724137931034483	0.846846846846847
757492_1	0.444444444444444	0.4	0.555555555555556	0.540229885057471
757492_2	0.444444444444444	0.4	0.555555555555556	0.540229885057471
3236259	0.68	0.875	0.9	0.691358024691358
351380	0.652173913043478	0.538461538461538	0.32258064516129	0.451923076923077
5653396	0.0769230769230769	0.105263157894737	0.153846153846154	0.323943661971831
5286372	0.315789473684211	0.230769230769231	0.227272727272727	0.419354838709677
915468	0.545454545454545	0.533333333333333	0.421052631578947	0.318181818181818
3256300	0	0.0476190476190476	0.157894736842105	0.1
565847	0.583333333333333	0.214285714285714	0.619047619047619	0.643835616438356
322724	0.888888888888889	0.85	0.71875	0.771428571428571
2800023	0.85	0.833333333333333	0.952380952380952	0.697916666666667
6737822	0.473684210526316	0.655172413793103	0.548387096774194	0.434782608695652
4311316	0.411764705882353	0.714285714285714	0.45	0.597402597402597
4916314	0.3	0.0714285714285714	0.0526315789473684	0.116279069767442
6371459	0.333333333333333	0.586206896551724	0.44	0.592105263157895
6647905_1	0.733333333333333	0.3125	0.5	0.557377049180328
6647905_2	0.733333333333333	0.3125	0.5	0.557377049180328
4314371	0.888888888888889	0.909090909090909	0.95	0.886075949367089
2303574	0.933333333333333	0.846153846153846	0.857142857142857	0.745454545454545
6167813	0.785714285714286	0.833333333333333	0.652173913043478	0.8
3255293	0.176470588235294	0.0666666666666667	0.1	0.161290322580645
3553644	0.739130434782609	0.476190476190476	0.777777777777778	0.761194029850746
2456937	0.4	0.0625	0.142857142857143	0.189873417721519
3457857	0.608695652173913	0.75	1	0.777777777777778
2084246	0.263157894736842	0.2	0.333333333333333	0.306122448979592
2389616	0.708333333333333	0.68	0.4	0.789473684210526
5062608	0.538461538461538	0.44	0.807692307692308	0.542857142857143
2739520	0.92	0.952380952380952	0.793103448275862	0.889908256880734
1574322	0.764705882352941	0.454545454545455	0.807692307692308	0.637931034482759
1232659	0.941176470588235	0.708333333333333	0.777777777777778	0.774193548387097
6026188	0.583333333333333	0.764705882352941	0.5625	0.679012345679012
3950407_1	0.291666666666667	0.434782608695652	0.225806451612903	0.395061728395062
3950407_2	0.291666666666667	0.434782608695652	0.225806451612903	0.395061728395062
399201	0.307692307692308	0.222222222222222	0.448275862068966	0.268292682926829
6829310	1	1	1	0.837209302325581
1443035	0.8	0.954545454545455	0.88	0.768421052631579
3859245	1	1	0.75	0.8
4130880	0.217391304347826	0.28	0	0.121739130434783
4009931	0	0.111111111111111	0.0666666666666667	0.169014084507042
2654045_1	0.866666666666667	0.857142857142857	0.888888888888889	0.755555555555556
2654045_2	0.866666666666667	0.857142857142857	0.888888888888889	0.755555555555556
640831	0.625	0.304347826086957	0.388888888888889	0.533333333333333
1812179	0.928571428571429	0.909090909090909	0.9375	0.833333333333333
275470	0.733333333333333	0.714285714285714	0.571428571428571	0.53030303030303
2191436	0.454545454545455	0.473684210526316	0.473684210526316	0.333333333333333
1820509	0.307692307692308	0.321428571428571	0.37037037037037	0.514018691588785
892928	0.0714285714285714	0.08	0.263157894736842	0.308641975308642
6715637	0.133333333333333	0.333333333333333	0.166666666666667	0.1875
720812	0.521739130434783	0.44	0.2	0.304347826086957
4687129	0.266666666666667	0.25	0.185185185185185	0.101123595505618
2265395	0.789473684210526	0.6	0.59375	0.8
6231500	1	0.652173913043478	0.777777777777778	0.816901408450704
207515	0.222222222222222	0.176470588235294	0.5	0.323943661971831
5767451	1	0.75	0.909090909090909	0.741935483870968
6851761	0.476190476190476	0.36	0.571428571428571	0.352941176470588
1260977	0.352941176470588	0.272727272727273	0.266666666666667	0.458823529411765
280301	0.933333333333333	0.833333333333333	0.555555555555556	0.80952380952381
697153	0.5	0.3125	0.368421052631579	0.394736842105263
5789624	0.230769230769231	0.583333333333333	0.333333333333333	0.382716049382716
3214577	0.631578947368421	0.235294117647059	0.4375	0.384615384615385
507903	0.684210526315789	0.791666666666667	0.571428571428571	0.651162790697674
3627889	0.166666666666667	0.272727272727273	0.5	0.213592233009709
6352375	0.125	0.210526315789474	0.3	0.166666666666667
3332549	0.466666666666667	0.409090909090909	0.625	0.441860465116279
735567	0.111111111111111	0.25	0.192307692307692	0.257731958762887
6473227	0.8	0.9	0.65625	0.872340425531915
6578132	0.105263157894737	0.32	0.130434782608696	0.208333333333333
5534830	0.722222222222222	0.764705882352941	0.545454545454545	0.776119402985075
386064	0.173913043478261	0.0666666666666667	0.260869565217391	0.245283018867925
404364	1	0.933333333333333	0.952380952380952	0.794520547945205
5264568	0.0526315789473684	0.0434782608695652	0.0967741935483871	0.148514851485149
483779	0.96	1	0.91304347826087	0.797872340425532
1177265	0.666666666666667	0.5	0.8	0.638888888888889
2722820	0.105263157894737	0.0909090909090909	0.225806451612903	0.209302325581395
4270576	0.5	0.413793103448276	0.423076923076923	0.242105263157895
2785569	0.6	0.85	0.696969696969697	0.648648648648649
1730395	0.458333333333333	0.470588235294118	0.409090909090909	0.622448979591837
6516934	0.380952380952381	0.346153846153846	0.28	0.222222222222222
912055	0.703703703703704	1	0.923076923076923	0.849056603773585
5906285	0.545454545454545	0.785714285714286	0.586206896551724	0.645161290322581
1582633	0.352941176470588	0.5	0.473684210526316	0.328571428571429
6869214	1	0.923076923076923	0.870967741935484	0.834782608695652
2406172	0.75	0.529411764705882	0.722222222222222	0.558441558441558
3599347	0.346153846153846	0.208333333333333	0.208333333333333	0.205607476635514
1218955	0.333333333333333	0.0869565217391304	0	0.146067415730337
2303271_1	0.7	0.833333333333333	0.705882352941177	0.758620689655172
2303271_2	0.7	0.833333333333333	0.705882352941177	0.758620689655172
1780841	0.962962962962963	0.578947368421053	0.666666666666667	0.726190476190476
5643064	0.235294117647059	0.352941176470588	0.0769230769230769	0.166666666666667
509698	0.84	0.6	0.523809523809524	0.75
6603053	0.823529411764706	0.642857142857143	0.846153846153846	0.619718309859155
5375490	0.304347826086957	0.458333333333333	0.5	0.323232323232323
4750140	0.375	0.733333333333333	0.55	0.37
2398823	0.391304347826087	0.32	0.666666666666667	0.455696202531646
5111723	0.473684210526316	0.608695652173913	0.35	0.373493975903614
5852930	0.571428571428571	0.615384615384615	0.617647058823529	0.701298701298701
3197078	0.347826086956522	0.391304347826087	0.24	0.253333333333333
3891064	0.230769230769231	0.25	0.2	0.254545454545455
2444353	0.909090909090909	1	1	0.826923076923077
4246544	1	1	0.944444444444444	0.922222222222222
3589149_1	0.260869565217391	0.473684210526316	0.296296296296296	0.289719626168224
3589149_2	0.260869565217391	0.473684210526316	0.296296296296296	0.289719626168224
185201	0.64	0.464285714285714	0.689655172413793	0.60952380952381
1073417	0.954545454545455	0.842105263157895	0.8	0.808695652173913
5527371	0.954545454545455	1	1	0.852459016393443
3795042	0.347826086956522	0.28	0.5	0.447058823529412
5171944	0.55	0.3	0.533333333333333	0.395348837209302
201107	0.45	0.19047619047619	0.45	0.419047619047619
1078711	0.315789473684211	0.25	0.315789473684211	0.272727272727273
2798773	0.8125	0.666666666666667	0.714285714285714	0.82258064516129
1685386	0.75	0.65	0.814814814814815	0.866071428571429
4808921	0.636363636363636	0.6	0.526315789473684	0.621359223300971
3261244	0.347826086956522	0.269230769230769	0.357142857142857	0.265957446808511
4244915_1	0.375	0.333333333333333	0.620689655172414	0.655172413793103
4244915_2	0.375	0.333333333333333	0.620689655172414	0.655172413793103
7118493	1	1	1	0.851485148514851
3482150	0.736842105263158	0.75	0.833333333333333	0.678571428571429
5711476	0.666666666666667	0.631578947368421	0.545454545454545	0.630769230769231
2363887	0.0714285714285714	0	0.217391304347826	0.234567901234568
1538965_1	0.25	0.173913043478261	0.176470588235294	0.181818181818182
1538965_2	0.25	0.173913043478261	0.176470588235294	0.181818181818182
2733072	0.285714285714286	0.416666666666667	0.578947368421053	0.471910112359551
2309357	0	0	0	0.125
1223956	0.576923076923077	0.583333333333333	0.740740740740741	0.795454545454545
6145243	0.409090909090909	0.136363636363636	0.227272727272727	0.353658536585366
6398151	0.857142857142857	0.833333333333333	1	0.768292682926829
1607193	0.347826086956522	0.416666666666667	0.347826086956522	0.386666666666667
1221644	0	0	0	0.142857142857143
1059584_1	0.363636363636364	0.416666666666667	0.285714285714286	0.37037037037037
1059584_2	0.363636363636364	0.416666666666667	0.285714285714286	0.37037037037037
1719142	0.80952380952381	0.894736842105263	0.916666666666667	0.758064516129032
6681698	1	0.933333333333333	0.714285714285714	0.78
3417048_1	0.5	0.176470588235294	0.419354838709677	0.445945945945946
3417048_2	0.5	0.176470588235294	0.419354838709677	0.445945945945946
316514	0.192307692307692	0.318181818181818	0.25	0.235955056179775
3907019	0.789473684210526	0.607142857142857	0.703703703703704	0.538461538461538
3533527	0.695652173913043	0.75	0.857142857142857	0.857142857142857
2978958	0.0666666666666667	0	0.0952380952380952	0.247191011235955
4868020	0.944444444444444	0.962962962962963	0.75	0.814285714285714
3048195	0.923076923076923	0.846153846153846	0.833333333333333	0.712121212121212
5422816	0.148148148148148	0.304347826086957	0.0689655172413793	0.0760869565217391
3074353	0.24	0.142857142857143	0.310344827586207	0.283950617283951
2793496	0.173913043478261	0.454545454545455	0.333333333333333	0.416666666666667
5085127	0.473684210526316	0.541666666666667	0.551724137931034	0.602150537634409
6228667	0.352941176470588	0.565217391304348	0.36	0.517647058823529
662809	0.210526315789474	0.315789473684211	0.192307692307692	0.182692307692308
4296315	0.461538461538462	0.346153846153846	0.24	0.397849462365591
2394542_1	0.210526315789474	0.1875	0.363636363636364	0.173076923076923
2394542_2	0.210526315789474	0.1875	0.363636363636364	0.173076923076923
2054759_1	0.15	0.210526315789474	0.04	0.204819277108434
2054759_2	0.15	0.210526315789474	0.04	0.204819277108434
2052589	0.125	0.0714285714285714	0.25	0.2
1524896	0.2	0.235294117647059	0.1875	0.245614035087719
2801890	0.642857142857143	0.681818181818182	0.692307692307692	0.593406593406593
3154400	0.764705882352941	0.521739130434783	0.727272727272727	0.653846153846154
3944778	0.56	0.541666666666667	0.454545454545455	0.344827586206897
3786618	0.571428571428571	0.75	0.714285714285714	0.62962962962963
2017755	0.3	0	0.238095238095238	0.258064516129032
4112754	0.863636363636364	0.818181818181818	0.857142857142857	0.759615384615385
5771651	0.56	0.6	0.380952380952381	0.410958904109589
520262	0.470588235294118	0.666666666666667	0.6	0.659090909090909
1284608	0.909090909090909	0.652173913043478	0.91304347826087	0.714285714285714
5719710	0.19047619047619	0.125	0.3	0.265957446808511
3032276	0.833333333333333	1	1	0.896103896103896
1460247	0.529411764705882	0.736842105263158	0.75	0.605504587155963
2390340	0.631578947368421	0.869565217391304	0.75	0.782608695652174
5823513	0.0476190476190476	0.15	0.176470588235294	0.307692307692308
1649396	0.454545454545455	0.28	0.3	0.209876543209877
3720127	0.578947368421053	0.285714285714286	0.46875	0.441860465116279
4438328	0.333333333333333	0.318181818181818	0.263157894736842	0.298701298701299
196567	0.947368421052632	0.894736842105263	0.888888888888889	0.878787878787879
4686058	0.384615384615385	0.529411764705882	0.4375	0.486111111111111
1080373	0.55	0.380952380952381	0.4375	0.379310344827586
4901408	0.391304347826087	0.214285714285714	0.181818181818182	0.292682926829268
5784752	0.588235294117647	0.590909090909091	0.625	0.5
514677	0.0555555555555556	0	0.107142857142857	0.174418604651163
2061039	0.652173913043478	0.708333333333333	0.740740740740741	0.531645569620253
2701176	0.357142857142857	0.227272727272727	0.285714285714286	0.460674157303371
898328	0.4	0.48	0.363636363636364	0.416666666666667
1484327	0.818181818181818	0.5	0.75	0.671052631578947
1807147	0.541666666666667	0.708333333333333	0.758620689655172	0.673267326732673
2426604	0.625	0.76	0.5	0.649484536082474
3145348	0.3125	0.214285714285714	0.5	0.301204819277108
6218434	0.32	0.428571428571429	0.2	0.362637362637363
6424918	0.923076923076923	0.9375	0.722222222222222	0.774647887323944
1105182	0.875	0.785714285714286	0.6	0.607843137254902
5709359	0.88	0.689655172413793	0.818181818181818	0.775280898876405
1500335	0.263157894736842	0.391304347826087	0.4	0.450704225352113
3285909	0.45	0.473684210526316	0.555555555555556	0.485294117647059
6470590	0.928571428571429	0.842105263157895	0.727272727272727	0.835443037974684
6416109	0.0434782608695652	0.210526315789474	0.214285714285714	0.271739130434783
5016075	0.8	1	1	0.860215053763441
5673569	0.565217391304348	0.478260869565217	0.526315789473684	0.588888888888889
4248954	0.791666666666667	0.833333333333333	0.944444444444444	0.727272727272727
550301	0.333333333333333	0.375	0.458333333333333	0.512820512820513
2291524	0.307692307692308	0.2	0.333333333333333	0.287234042553192
2508322	0.666666666666667	0.736842105263158	0.538461538461538	0.573170731707317
6963784	0.125	0.24	0.333333333333333	0.21875
2909838	0	0.157894736842105	0.12	0.245614035087719
6397245_1	0.25	0.304347826086957	0.363636363636364	0.411764705882353
6397245_2	0.25	0.304347826086957	0.363636363636364	0.411764705882353
6459448	0.2	0.25	0.333333333333333	0.10958904109589
3128313	0.681818181818182	0.894736842105263	0.842105263157895	0.764044943820225
5026967	0.384615384615385	0.235294117647059	0.227272727272727	0.215686274509804
6636017	0.8	1	0.84	0.790123456790123
1807267	0.4	0.555555555555556	0.521739130434783	0.457142857142857
5163236	0.869565217391304	0.956521739130435	0.851851851851852	0.841463414634146
2096681	0.0416666666666667	0.391304347826087	0.363636363636364	0.254385964912281
6158794	0.703703703703704	0.666666666666667	0.458333333333333	0.540540540540541
5695071	0.478260869565217	0.318181818181818	0.545454545454545	0.433734939759036
112921	0.318181818181818	0.409090909090909	0.272727272727273	0.308411214953271
3069309	0.25	0.173913043478261	0.181818181818182	0.284210526315789
5778246	0.666666666666667	1	0.842105263157895	0.779411764705882
3961097	0.857142857142857	0.62962962962963	0.689655172413793	0.553571428571429
344855	0.904761904761905	0.818181818181818	0.846153846153846	0.907407407407407
5584887	0.2	0.227272727272727	0.277777777777778	0.32258064516129
4599941	0.695652173913043	0.88	0.833333333333333	0.81981981981982
630799	0.857142857142857	0.842105263157895	1	0.835294117647059
509537	0.266666666666667	0.3125	0.434782608695652	0.301204819277108
3653232	0.166666666666667	0.0909090909090909	0	0.137931034482759
6740052	0.25	0	0.222222222222222	0.10958904109589
2725525	0.857142857142857	0.823529411764706	0.954545454545455	0.864077669902913
1958052	0.0769230769230769	0.333333333333333	0.08	0.221052631578947
1941243	1	1	0.842105263157895	0.831168831168831
5931626	0.705882352941177	0.578947368421053	0.521739130434783	0.623376623376623
5753192	0.666666666666667	0.791666666666667	0.724137931034483	0.632911392405063
1576476	0.333333333333333	0.117647058823529	0.441176470588235	0.441176470588235
7003294	0.0434782608695652	0.0416666666666667	0.2	0.191489361702128
4008821	0.117647058823529	0.210526315789474	0.208333333333333	0.345454545454545
5141497	0.888888888888889	0.91304347826087	0.818181818181818	0.829545454545455
744908	0.0476190476190476	0.1	0.148148148148148	0.245614035087719
4011521	0	0.2	0.037037037037037	0.134020618556701
4738216	0.75	0.818181818181818	0.7	0.833333333333333
4835299	0.476190476190476	0.586206896551724	0.4	0.5875
3672521	0.176470588235294	0.269230769230769	0.107142857142857	0.198019801980198
54916	0.625	0.434782608695652	0.541666666666667	0.639175257731959
6538563	0.0769230769230769	0.05	0.0625	0.219512195121951
6563915	0.9	0.857142857142857	0.80952380952381	0.767676767676768
2626270	0.0909090909090909	0.230769230769231	0	0.169230769230769
5151730_1	0.25	0.333333333333333	0.285714285714286	0.306451612903226
5151730_2	0.25	0.333333333333333	0.285714285714286	0.306451612903226
4340856	0.333333333333333	0.210526315789474	0.482758620689655	0.221153846153846
101383	0.4	0.117647058823529	0.222222222222222	0.275862068965517
2721989	0.25	0.0714285714285714	0.0555555555555556	0.178571428571429
1501034	0.941176470588235	0.869565217391304	0.857142857142857	0.804123711340206
1767364	0.523809523809524	0.428571428571429	0.411764705882353	0.590909090909091
4626335	0.736842105263158	0.6	0.59375	0.551020408163265
1921129	0.545454545454545	0.363636363636364	0.695652173913043	0.517857142857143
5614973	0.888888888888889	0.882352941176471	0.818181818181818	0.75
5880646	0.133333333333333	0.476190476190476	0.272727272727273	0.262135922330097
3103132	0	0	0	0.128712871287129
220630	0.7	0.56	0.571428571428571	0.64
3966575	0.842105263157895	0.578947368421053	0.607142857142857	0.551020408163265
1645439	0.764705882352941	0.782608695652174	0.923076923076923	0.818181818181818
4919973	0.75	0.866666666666667	0.708333333333333	0.734939759036145
599118	0.72	0.791666666666667	0.875	0.80952380952381
5055409	0.32	0.555555555555556	0.307692307692308	0.5375
752817	0.761904761904762	0.615384615384615	0.827586206896552	0.654867256637168
625707_1	0	0.0740740740740741	0.185185185185185	0.219178082191781
625707_2	0	0.0740740740740741	0.185185185185185	0.219178082191781
625707_3	0	0.0740740740740741	0.185185185185185	0.219178082191781
1088326	0.421052631578947	0.458333333333333	0.46875	0.616438356164384
5278571	0.333333333333333	0.0909090909090909	0.333333333333333	0.342465753424658
5059723	0.6	0.724137931034483	0.653846153846154	0.592233009708738
1637921_1	0.708333333333333	0.789473684210526	0.548387096774194	0.782178217821782
1637921_2	0.708333333333333	0.789473684210526	0.548387096774194	0.782178217821782
2987592	0.6	0.6	0.5	0.417721518987342
5788263_1	0.380952380952381	0.227272727272727	0.393939393939394	0.302752293577982
5788263_2	0.380952380952381	0.227272727272727	0.393939393939394	0.302752293577982
3822247	0	0.136363636363636	0.130434782608696	0.123711340206186
6306419	0.928571428571429	0.647058823529412	0.857142857142857	0.8
1437733	0.684210526315789	0.55	0.65	0.634408602150538
1727744	0.176470588235294	0.172413793103448	0.321428571428571	0.318181818181818
3871870	0.153846153846154	0.380952380952381	0.315789473684211	0.295081967213115
4244282	0.133333333333333	0.0909090909090909	0.285714285714286	0.271186440677966
450154	0.157894736842105	0.15	0.157894736842105	0.15
6561729	0.217391304347826	0.272727272727273	0.15625	0.226190476190476
3070170	0.590909090909091	0.888888888888889	0.794117647058823	0.760869565217391
4408188_1	0.80952380952381	0.578947368421053	0.846153846153846	0.702970297029703
4408188_2	0.80952380952381	0.578947368421053	0.846153846153846	0.702970297029703
4408188_3	0.80952380952381	0.578947368421053	0.846153846153846	0.702970297029703
4845899	0.142857142857143	0.407407407407407	0.142857142857143	0.283783783783784
5749857	0.294117647058824	0.352941176470588	0.0833333333333333	0.2625
42222	0.230769230769231	0.0625	0.142857142857143	0.242857142857143
5413311	0.454545454545455	0.333333333333333	0.5	0.510869565217391
1687076_1	0.315789473684211	0.333333333333333	0.434782608695652	0.383838383838384
1687076_2	0.315789473684211	0.333333333333333	0.434782608695652	0.383838383838384
1687076_3	0.315789473684211	0.333333333333333	0.434782608695652	0.383838383838384
6191460	0.888888888888889	0.8125	0.692307692307692	0.75
112646	0.9	0.75	0.772727272727273	0.808510638297872
1505750	0.5	0.32	0.615384615384615	0.447368421052632
459357	0	0.0952380952380952	0.0833333333333333	0.126984126984127
4238464	0.333333333333333	0.0869565217391304	0.125	0.26027397260274
5345125	0.48	0.5	0.608695652173913	0.5
5603673	0.333333333333333	0.153846153846154	0.235294117647059	0.114754098360656
6218527	0.705882352941177	0.615384615384615	0.55	0.710144927536232
1615519	0.888888888888889	0.866666666666667	0.888888888888889	0.788235294117647
5641809_1	0.608695652173913	0.321428571428571	0.4	0.563829787234043
5641809_2	0.608695652173913	0.321428571428571	0.4	0.563829787234043
4296684	0.80952380952381	0.8	0.733333333333333	0.662790697674419
1204950	0.238095238095238	0.0740740740740741	0.137931034482759	0.289473684210526
2451549	0.727272727272727	0.72	0.96551724137931	0.79746835443038
3715433	0.25	0.25	0.357142857142857	0.211764705882353
4897103_1	0.764705882352941	0.705882352941177	0.482758620689655	0.592592592592593
4897103_2	0.764705882352941	0.705882352941177	0.482758620689655	0.592592592592593
147306	0.363636363636364	0.428571428571429	0.4	0.447368421052632
85044	0.807692307692308	0.766666666666667	0.870967741935484	0.861111111111111
4011437	0.846153846153846	0.75	0.875	0.746268656716418
7029360_1	0.888888888888889	0.823529411764706	0.6875	0.732142857142857
7029360_2	0.888888888888889	0.823529411764706	0.6875	0.732142857142857
4412346	0.318181818181818	0.296296296296296	0.333333333333333	0.222222222222222
1507368	0.958333333333333	0.956521739130435	0.806451612903226	0.858974358974359
155516	0.608695652173913	0.538461538461538	0.615384615384615	0.528301886792453
1413681	0.294117647058824	0.0666666666666667	0.2	0.113924050632911
5996306	0.285714285714286	0	0.0625	0.121621621621622
3542203	0.833333333333333	0.545454545454545	0.64	0.75
433084	0.125	0.4	0.117647058823529	0.325301204819277
1590454	1	1	1	0.893203883495146
1453153	0.210526315789474	0.142857142857143	0.136363636363636	0.325
1174983	0.888888888888889	0.846153846153846	1	0.814814814814815
1344379	0.75	0.857142857142857	0.714285714285714	0.671641791044776
6597916	0.588235294117647	0.739130434782609	0.56	0.663636363636364
3823085	0.666666666666667	0.764705882352941	0.923076923076923	0.736842105263158
7039549	0.928571428571429	0.95	0.882352941176471	0.870967741935484
1196028	0.153846153846154	0.294117647058824	0.136363636363636	0.245901639344262
2718907	0.173913043478261	0.0714285714285714	0.0333333333333333	0.194805194805195
2058113	0.1875	0.176470588235294	0.176470588235294	0.387096774193548
5856836	0.222222222222222	0.173913043478261	0.315789473684211	0.219512195121951
5158836	0.875	0.782608695652174	0.85	0.686046511627907
3016755	0.0740740740740741	0.206896551724138	0.12	0.14018691588785
2324523	0.0909090909090909	0.153846153846154	0.166666666666667	0.179775280898876
1190729_1	0.375	0.307692307692308	0.538461538461538	0.442857142857143
1190729_2	0.375	0.307692307692308	0.538461538461538	0.442857142857143
1190729_3	0.375	0.307692307692308	0.538461538461538	0.442857142857143
6795347	0.5	0.379310344827586	0.5	0.379746835443038
2876090	0.428571428571429	0.384615384615385	0.15	0.23728813559322
631039	0.962962962962963	0.80952380952381	0.96551724137931	0.838383838383838
6437589	0.761904761904762	0.958333333333333	0.962962962962963	0.829268292682927
152959	0.421052631578947	0.366666666666667	0.260869565217391	0.371428571428571
1276639	0.0625	0	0	0.132530120481928
6491640_1	0.8	0.904761904761905	1	0.87
6491640_2	0.8	0.904761904761905	1	0.87
6388363_1	0.823529411764706	1	1	0.902173913043478
6388363_2	0.823529411764706	1	1	0.902173913043478
1633508	0.789473684210526	0.814814814814815	0.84375	0.857142857142857
2208211_1	0.45	0.5	0.448275862068966	0.412844036697248
2208211_2	0.45	0.5	0.448275862068966	0.412844036697248
4574604	0.736842105263158	0.695652173913043	0.611111111111111	0.694117647058824
5498453_1	0	0	0	0.101010101010101
5498453_2	0	0	0	0.101010101010101
2432779	0.823529411764706	0.95	0.928571428571429	0.758928571428571
305303	0.19047619047619	0.347826086956522	0.34375	0.47887323943662
1019234_1	0.333333333333333	0.172413793103448	0.166666666666667	0.138888888888889
1019234_2	0.333333333333333	0.172413793103448	0.166666666666667	0.138888888888889
6816333	0.647058823529412	0.904761904761905	0.882352941176471	0.810126582278481
653742	0.65	0.625	0.523809523809524	0.644067796610169
6642359	0.529411764705882	0.5	0.461538461538462	0.526315789473684
3870323	0.631578947368421	0.736842105263158	0.741935483870968	0.726315789473684
411205	0.608695652173913	0.714285714285714	0.655172413793103	0.74025974025974
652080_1	1	0.966666666666667	0.791666666666667	0.876404494382023
652080_2	1	0.966666666666667	0.791666666666667	0.876404494382023
5885629	0.28	0.15	0.121212121212121	0.227722772277228
4511254	0.823529411764706	0.863636363636364	0.823529411764706	0.831683168316832
5655901	0.9	0.761904761904762	0.894736842105263	0.864864864864865
6840452	0.928571428571429	1	0.916666666666667	0.838235294117647
1664599	0.555555555555556	0.588235294117647	0.541666666666667	0.690721649484536
1852714	0.428571428571429	0.727272727272727	0.714285714285714	0.678571428571429
5958966	0.0833333333333333	0	0	0.154761904761905
86701	0.941176470588235	1	0.9375	0.853658536585366
115099	0.789473684210526	0.590909090909091	0.75	0.772277227722772
1992527	0.375	0.454545454545455	0.260869565217391	0.314285714285714
6494051	0.611111111111111	0.633333333333333	0.75	0.728395061728395
2960919	0.666666666666667	0.91304347826087	0.75	0.8
6038897	1	0.769230769230769	0.888888888888889	0.91566265060241
6842214	0.909090909090909	0.72	0.761904761904762	0.826530612244898
3399351	0.9	0.666666666666667	0.888888888888889	0.721649484536082
4116960	0.5	0.307692307692308	0.421052631578947	0.25
2781845	0.2	0.208333333333333	0.25	0.388888888888889
1357709	0.45	0.473684210526316	0.407407407407407	0.536082474226804
6215363	0.653846153846154	0.769230769230769	0.76	0.628865979381443
1124507	0.533333333333333	0.5	0.619047619047619	0.646341463414634
5636753	0.666666666666667	0.529411764705882	0.4375	0.666666666666667
3266264	0.12	0.25	0.4	0.205357142857143
6469660_1	0.695652173913043	0.545454545454545	0.7	0.697368421052632
6469660_2	0.695652173913043	0.545454545454545	0.7	0.697368421052632
90554	0.75	0.8	0.681818181818182	0.835616438356164
1055912	0.521739130434783	0.85	0.578947368421053	0.555555555555556
1567814	0.85	0.863636363636364	0.708333333333333	0.728070175438597
4679849_1	0.761904761904762	1	0.961538461538462	0.896551724137931
4679849_2	0.761904761904762	1	0.961538461538462	0.896551724137931
1353266	0.722222222222222	0.769230769230769	0.608695652173913	0.672413793103448
6025967	0.3125	0.388888888888889	0.464285714285714	0.456310679611651
6164741	0.333333333333333	0.238095238095238	0.407407407407407	0.219047619047619
4122429	0.733333333333333	0.655172413793103	0.681818181818182	0.56989247311828
3808358	0.75	0.916666666666667	0.8	0.75
6081715	0.238095238095238	0.227272727272727	0.19047619047619	0.234567901234568
3443119_1	0.761904761904762	0.823529411764706	0.807692307692308	0.648148148148148
3443119_2	0.761904761904762	0.823529411764706	0.807692307692308	0.648148148148148
3443119_3	0.761904761904762	0.823529411764706	0.807692307692308	0.648148148148148
1566600	0.578947368421053	0.739130434782609	0.5	0.578313253012048
342196	0.6	0.736842105263158	0.476190476190476	0.698630136986301
2172663	0.8	0.48	0.551724137931034	0.660869565217391
1784963	0.3	0.291666666666667	0.28	0.375
6370352	0.833333333333333	0.925925925925926	0.764705882352941	0.851851851851852
1714204	0.863636363636364	0.888888888888889	0.928571428571429	0.776315789473684
4308484	0.411764705882353	0.5	0.5	0.523809523809524
2179832	0.72	0.8	0.923076923076923	0.755813953488372
4899325	0.111111111111111	0.208333333333333	0.210526315789474	0.333333333333333
4089250	1	0.8125	0.909090909090909	0.91566265060241
3299492	0.8	0.857142857142857	1	0.8
2817231	0.222222222222222	0.2	0.28125	0.176991150442478
2367890	0.2	0.0526315789473684	0	0.155844155844156
1078596	0.578947368421053	0.346153846153846	0.535714285714286	0.486725663716814
2956415	0	0	0	0.0869565217391304
5016997	0.2	0.36	0.235294117647059	0.15
3678842	0.263157894736842	0.125	0.2	0.347826086956522
2285713	0.357142857142857	0.3125	0.333333333333333	0.392156862745098
1400134	0.55	0.833333333333333	0.833333333333333	0.724137931034483
6624348	0.238095238095238	0.285714285714286	0.269230769230769	0.364705882352941
2378266	0.894736842105263	0.928571428571429	0.869565217391304	0.768115942028985
2941779_1	0.153846153846154	0.16	0.172413793103448	0.220183486238532
2941779_2	0.153846153846154	0.16	0.172413793103448	0.220183486238532
5823625	0.0909090909090909	0.0555555555555556	0	0.15625
2091989	0.636363636363636	0.357142857142857	0.421052631578947	0.506849315068493
3560143	0.733333333333333	0.703703703703704	0.684210526315789	0.714285714285714
739922	0.625	0.6	0.666666666666667	0.7375
2566524	0.0625	0	0	0.111111111111111
1266597	0.857142857142857	0.833333333333333	0.75	0.641509433962264
1821663	0.944444444444444	0.95	1	0.905882352941176
5021039	1	1	1	0.9125
515478	0.714285714285714	0.818181818181818	0.75	0.680555555555556
6199241	0.642857142857143	0.631578947368421	0.764705882352941	0.622641509433962
1869650	0.884615384615385	0.823529411764706	0.814814814814815	0.810810810810811
6406812_1	0.928571428571429	1	0.9375	0.851851851851852
6406812_2	0.928571428571429	1	0.9375	0.851851851851852
1529406	0.130434782608696	0	0.107142857142857	0.169014084507042
1466231	0.133333333333333	0.136363636363636	0.0588235294117647	0.233333333333333
2857550	0.111111111111111	0.0952380952380952	0.310344827586207	0.304347826086957
2747802	0.722222222222222	0.611111111111111	0.692307692307692	0.672727272727273
4753248	0.866666666666667	0.782608695652174	0.823529411764706	0.704225352112676
2745134	0.0666666666666667	0.0909090909090909	0.0384615384615385	0.179487179487179
4390013	0.111111111111111	0.0869565217391304	0.0625	0.216867469879518
203623_1	0.681818181818182	0.714285714285714	0.739130434782609	0.737864077669903
203623_2	0.681818181818182	0.714285714285714	0.739130434782609	0.737864077669903
686319	0.0625	0.208333333333333	0.296296296296296	0.186274509803922
3770193	0.777777777777778	0.777777777777778	0.88	0.797619047619048
644551	0.347826086956522	0.217391304347826	0.272727272727273	0.236363636363636
6587454_1	0.666666666666667	0.727272727272727	0.565217391304348	0.597222222222222
6587454_2	0.666666666666667	0.727272727272727	0.565217391304348	0.597222222222222
2132171	0.9375	0.882352941176471	0.909090909090909	0.777777777777778
488230	1	1	1	0.91304347826087
858852	0.461538461538462	0.533333333333333	0.416666666666667	0.468354430379747
5512134	0.590909090909091	0.714285714285714	0.62962962962963	0.646341463414634
3351344	0.25	0.217391304347826	0.142857142857143	0.323076923076923
4517088	0.916666666666667	0.8	0.80952380952381	0.784615384615385
1213335	0.666666666666667	0.6875	0.833333333333333	0.752475247524752
5265518_1	1	1	1	0.908045977011494
5265518_2	1	1	1	0.908045977011494
6821640	0.695652173913043	0.666666666666667	0.642857142857143	0.622222222222222
946372	0.761904761904762	0.777777777777778	0.625	0.711711711711712
5199671	0	0.0714285714285714	0	0.111111111111111
5985223	0.75	0.842105263157895	0.888888888888889	0.743589743589744
4803574	0.866666666666667	1	0.782608695652174	0.866666666666667
3421839	0.933333333333333	1	0.92	0.852272727272727
2712730	0.291666666666667	0.269230769230769	0.178571428571429	0.161764705882353
4266119	0.0526315789473684	0.291666666666667	0.0909090909090909	0.135922330097087
5930827	0	0	0.05	0.101449275362319
854352_1	1	1	1	0.918367346938776
854352_2	1	1	1	0.918367346938776
1336211	0.954545454545455	0.785714285714286	0.91304347826087	0.823008849557522
172205	0.333333333333333	0.3	0.125	0.294117647058824
5166280	0.857142857142857	0.823529411764706	0.814814814814815	0.813725490196078
3547866	0.6875	0.583333333333333	0.695652173913043	0.657534246575342
6652329	0.259259259259259	0.1	0.16	0.229357798165138
3325915	0.230769230769231	0.05	0.16	0.0789473684210526
207064	0.72	0.6	0.705882352941177	0.591549295774648
4444017	0.842105263157895	1	0.75	0.878378378378378
5925648	0.375	0.2	0.346153846153846	0.297297297297297
6475310	0.1	0.12	0.263157894736842	0.25609756097561
3704288	1	0.84	0.9	0.916666666666667
5664732	0.9375	0.80952380952381	0.80952380952381	0.835294117647059
3626377	0	0	0.0454545454545455	0.125
5816300	0.263157894736842	0.0769230769230769	0.142857142857143	0.151162790697674
2224105	0.25	0.12	0.0740740740740741	0.204545454545455
4819858	0.75	0.791666666666667	0.807692307692308	0.695652173913043
3628997	0.333333333333333	0.304347826086957	0.44	0.406593406593407
1250319	0.565217391304348	0.458333333333333	0.7	0.570093457943925
3621323	0.904761904761905	0.75	0.92	0.763636363636364
4875927	0.166666666666667	0.105263157894737	0.172413793103448	0.198198198198198
2553710	0.85	0.75	0.818181818181818	0.691176470588235
3913298	0.518518518518518	0.44	0.413793103448276	0.54639175257732
5160466	0.863636363636364	0.952380952380952	0.894736842105263	0.88659793814433
2568749	0.368421052631579	0.333333333333333	0.333333333333333	0.343137254901961
5112983	0.8	0.75	0.85	0.87037037037037
5625246	0.45	0.517241379310345	0.454545454545455	0.461538461538462
6047735	0.222222222222222	0.269230769230769	0.21875	0.16
3219416	0.125	0.206896551724138	0.032258064516129	0.0853658536585366
2701264	0.16	0.125	0.21875	0.102040816326531
5516173	0.0666666666666667	0	0.2	0.154929577464789
6451953	0.631578947368421	0.689655172413793	0.8	0.746987951807229
2811596_1	0.444444444444444	0.347826086956522	0.388888888888889	0.506666666666667
2811596_2	0.444444444444444	0.347826086956522	0.388888888888889	0.506666666666667
162173	0.461538461538462	0.4	0.416666666666667	0.397435897435897
5950330	0.894736842105263	0.857142857142857	0.866666666666667	0.774647887323944
2831428	0.833333333333333	0.944444444444444	0.833333333333333	0.850574712643678
1047700	0.227272727272727	0.157894736842105	0.40625	0.260869565217391
927713	0.807692307692308	0.842105263157895	0.931034482758621	0.783505154639175
1675743	1	0.814814814814815	0.916666666666667	0.853658536585366
6828941	1	0.95	1	0.89
4908991	0.875	0.681818181818182	0.866666666666667	0.726315789473684
1071469	0.777777777777778	0.863636363636364	0.884615384615385	0.920454545454545
480039	0.807692307692308	0.952380952380952	0.96875	0.89010989010989
1304869	0.125	0	0	0.0891089108910891
4334481	0.75	0.521739130434783	0.565217391304348	0.572727272727273
1133931	0.238095238095238	0.0740740740740741	0.227272727272727	0.259615384615385
2888622	0.08	0.107142857142857	0.0333333333333333	0.1
3204824	0.823529411764706	0.857142857142857	0.9	0.805555555555556
2486389	0.703703703703704	0.826086956521739	0.875	0.78021978021978
5831053	0.142857142857143	0.117647058823529	0.0625	0.206896551724138
220905_1	0.733333333333333	0.578947368421053	0.705882352941177	0.746478873239437
220905_2	0.733333333333333	0.578947368421053	0.705882352941177	0.746478873239437
4352332	1	1	0.952380952380952	0.9
1453473	1	1	1	0.923913043478261
6797011	0.619047619047619	0.391304347826087	0.434782608695652	0.540540540540541
4870537	0.785714285714286	0.777777777777778	0.65	0.666666666666667
4537574	0.222222222222222	0.0689655172413793	0.125	0.213592233009709
3535212_1	1	1	0.931034482758621	0.885964912280702
3535212_2	1	1	0.931034482758621	0.885964912280702
2057136	0.423076923076923	0.615384615384615	0.428571428571429	0.36046511627907
5865164	0.75	0.684210526315789	0.6875	0.626373626373626
231425	1	1	1	0.923076923076923
6031080	0	0.0833333333333333	0.0333333333333333	0.122448979591837
3653719	0.52	0.434782608695652	0.615384615384615	0.51
100872	0.88	0.833333333333333	0.916666666666667	0.841121495327103
5661605_1	0.8	0.8	0.85	0.776315789473684
5661605_2	0.8	0.8	0.85	0.776315789473684
2649678	0.25	0.266666666666667	0.421052631578947	0.328125
6718840	0.346153846153846	0.19047619047619	0.222222222222222	0.19
4242786	0.0666666666666667	0	0	0.101449275362319
6092092	0.263157894736842	0.333333333333333	0.136363636363636	0.190909090909091
817325	0.882352941176471	0.866666666666667	1	0.890625
1357112	0.136363636363636	0	0.173913043478261	0.0754716981132075
6418154	0.260869565217391	0.357142857142857	0.259259259259259	0.178082191780822
5782483	0.578947368421053	0.740740740740741	0.625	0.609195402298851
1346101	0.727272727272727	0.714285714285714	0.8125	0.855263157894737
5389300	0.730769230769231	0.956521739130435	0.782608695652174	0.851485148514851
5909507	0.352941176470588	0.24	0.388888888888889	0.245283018867925
3086676_1	0.636363636363636	0.473684210526316	0.476190476190476	0.563636363636364
3086676_2	0.636363636363636	0.473684210526316	0.476190476190476	0.563636363636364
1994445	0.333333333333333	0.19047619047619	0.166666666666667	0.27027027027027
4045600	0.714285714285714	0.666666666666667	0.727272727272727	0.738461538461539
6005529	0.533333333333333	0.411764705882353	0.647058823529412	0.593023255813954
4066381	1	0.91304347826087	0.888888888888889	0.859154929577465
1256583	0.807692307692308	1	0.866666666666667	0.828828828828829
189261	0	0	0.0625	0.123456790123457
5828366	0.136363636363636	0	0.16	0.166666666666667
3948325	0	0.142857142857143	0.0740740740740741	0.0900900900900901
5839923	0.925925925925926	0.896551724137931	0.96551724137931	0.840579710144927
6298704	0.391304347826087	0.375	0.424242424242424	0.347368421052632
5909656	0.0909090909090909	0	0	0.0821917808219178
4316453	0.56	0.6	0.590909090909091	0.65
3753996_1	0.722222222222222	0.894736842105263	0.7	0.775510204081633
3753996_2	0.722222222222222	0.894736842105263	0.7	0.775510204081633
2979019	0.217391304347826	0.2	0.294117647058824	0.285714285714286
6195650	0.666666666666667	0.764705882352941	0.705882352941177	0.65625
6180462	0.588235294117647	0.65	0.666666666666667	0.625
3903597	0.941176470588235	0.882352941176471	0.75	0.884615384615385
4754155	0.75	0.761904761904762	0.6	0.722222222222222
3757239	0.380952380952381	0.357142857142857	0.25	0.307692307692308
3230664	0.888888888888889	0.84	0.9	0.852272727272727
45145	0.75	0.75	0.791666666666667	0.736842105263158
5712729	0.916666666666667	0.916666666666667	0.9	0.813559322033898
260480	0.25	0.148148148148148	0.0833333333333333	0.178082191780822
3370249	0.85	0.727272727272727	0.739130434782609	0.670103092783505
1402835	0.266666666666667	0.214285714285714	0.19047619047619	0.189873417721519
5725860_1	0.111111111111111	0.259259259259259	0.333333333333333	0.305263157894737
5725860_2	0.111111111111111	0.259259259259259	0.333333333333333	0.305263157894737
4946361	0.454545454545455	0.615384615384615	0.407407407407407	0.5
1802161	0.25	0.35	0.428571428571429	0.30379746835443
2956776	0	0	0	0.0618556701030928
1178921	0.19047619047619	0.24	0.272727272727273	0.196261682242991
1170419	0.642857142857143	0.789473684210526	0.633333333333333	0.660377358490566
5374894	0.3	0.166666666666667	0.222222222222222	0.258928571428571
1099218	0.91304347826087	0.826086956521739	0.769230769230769	0.867647058823529
4340584	0.24	0.230769230769231	0.3125	0.261682242990654
751342	0.25	0.1	0.0909090909090909	0.207547169811321
3601888	0.05	0.142857142857143	0.205882352941176	0.0864197530864197
4574039	0.266666666666667	0.166666666666667	0.222222222222222	0.236842105263158
572628	0.0952380952380952	0.272727272727273	0.176470588235294	0.171428571428571
4448226	0.916666666666667	0.740740740740741	0.758620689655172	0.759615384615385
1586747	0.8	0.931034482758621	0.9375	0.916666666666667
1319371_1	0.611111111111111	0.818181818181818	0.678571428571429	0.706521739130435
1319371_2	0.611111111111111	0.818181818181818	0.678571428571429	0.706521739130435
6447315	0	0.0833333333333333	0.0434782608695652	0.118279569892473
4495807	0.681818181818182	0.681818181818182	0.647058823529412	0.741573033707865
1765	0.952380952380952	0.96	1	0.918918918918919
5852879	0.0833333333333333	0.166666666666667	0.157894736842105	0.228070175438596
2904950	0.153846153846154	0.0833333333333333	0.25	0.202898550724638
1485168	0.15	0.103448275862069	0.217391304347826	0.21875
4464064_1	0.125	0.315789473684211	0.3	0.280898876404494
4464064_2	0.125	0.315789473684211	0.3	0.280898876404494
4464064_3	0.125	0.315789473684211	0.3	0.280898876404494
5829116	0.916666666666667	0.95	0.85	0.813186813186813
5407353	0.588235294117647	0.533333333333333	0.578947368421053	0.536585365853659
282414	0.888888888888889	0.882352941176471	0.884615384615385	0.787610619469027
5848869	0.25	0.4	0.263157894736842	0.257425742574257
762534	0.0588235294117647	0.05	0	0.115384615384615
987490	0.625	0.807692307692308	0.791666666666667	0.805825242718447
726610	0.0625	0	0.0689655172413793	0.113207547169811
6830038	0.166666666666667	0.333333333333333	0.266666666666667	0.343283582089552
4948406	1	1	0.9	0.923076923076923
6315729	1	0.91304347826087	1	0.919642857142857
133617	0	0	0.037037037037037	0.0833333333333333
1700655	0.434782608695652	0.241379310344828	0.451612903225806	0.362745098039216
6736678	0.3125	0.19047619047619	0.3	0.278260869565217
2417578	0.904761904761905	0.807692307692308	0.846153846153846	0.846153846153846
278882	0.8	0.941176470588235	0.8	0.878787878787879
3405879_1	0.0625	0	0.125	0.1
3405879_2	0.0625	0	0.125	0.1
5774264	0.157894736842105	0.173913043478261	0.217391304347826	0.234042553191489
3440796	0.125	0.296296296296296	0.172413793103448	0.175438596491228
5761738	0.866666666666667	0.941176470588235	0.894736842105263	0.828571428571429
2646278	0.882352941176471	0.947368421052632	1	0.903614457831325
1236825	0.235294117647059	0.222222222222222	0.304347826086957	0.247311827956989
1689433	0.0588235294117647	0.173913043478261	0.0357142857142857	0.0808080808080808
4324359	0.909090909090909	0.954545454545455	0.833333333333333	0.875
1646676	0.928571428571429	1	0.933333333333333	0.86734693877551
551448	0.894736842105263	0.92	0.8	0.905263157894737
3593376	0.714285714285714	0.75	0.666666666666667	0.666666666666667
754084	0.277777777777778	0.260869565217391	0.225806451612903	0.27
5598006	0.2	0.210526315789474	0.111111111111111	0.178571428571429
1958839	1	1	0.933333333333333	0.911111111111111
2722865	0.652173913043478	0.695652173913043	0.72	0.720930232558139
6921263	0.142857142857143	0.15	0.1875	0.117021276595745
5467540	0.105263157894737	0.04	0.0769230769230769	0.139784946236559
5254297	0	0.0833333333333333	0	0.0689655172413793
3616254	0.05	0	0.0588235294117647	0.0898876404494382
2721666	0	0.0526315789473684	0	0.0754716981132075
2445317_1	0.826086956521739	0.789473684210526	0.703703703703704	0.75
2445317_2	0.826086956521739	0.789473684210526	0.703703703703704	0.75
2987359	0.666666666666667	0.476190476190476	0.538461538461538	0.481481481481481
5024191	0.952380952380952	0.9	0.8	0.84070796460177
4719480	0.8	0.9	0.870967741935484	0.848214285714286
1672289	0.19047619047619	0.269230769230769	0.08	0.154761904761905
78194	0.8	0.727272727272727	0.807692307692308	0.81
3310946	0.823529411764706	0.923076923076923	0.9375	0.939655172413793
2369144	0.916666666666667	0.791666666666667	0.894736842105263	0.865384615384615
4570496	0.105263157894737	0.0555555555555556	0.15625	0.146341463414634
1466748	0.0555555555555556	0.185185185185185	0.15625	0.0947368421052632
2367043	0	0.130434782608696	0.181818181818182	0.152173913043478
4517815	0.0526315789473684	0.136363636363636	0.121212121212121	0.0947368421052632
4935107	0.142857142857143	0.0454545454545455	0.107142857142857	0.164705882352941
5697514	0.944444444444444	0.882352941176471	1	0.900900900900901
5538410	0.928571428571429	1	0.857142857142857	0.901408450704225
3129483	0.28	0.206896551724138	0.258064516129032	0.209090909090909
1268368	0.952380952380952	0.823529411764706	0.931034482758621	0.923076923076923
4411548	0	0	0.0625	0.0681818181818182
1295924	0.833333333333333	0.826086956521739	0.740740740740741	0.814432989690722
2710584	0.277777777777778	0.142857142857143	0.235294117647059	0.280701754385965
5857913	0.133333333333333	0.0666666666666667	0.210526315789474	0.128205128205128
638839	0.222222222222222	0.142857142857143	0.1875	0.125
2860339_1	0.2	0.260869565217391	0.217391304347826	0.183333333333333
2860339_2	0.2	0.260869565217391	0.217391304347826	0.183333333333333
3618953_1	0.909090909090909	0.954545454545455	0.96	0.893203883495146
3618953_2	0.909090909090909	0.954545454545455	0.96	0.893203883495146
5630890	0.954545454545455	0.9	0.9375	0.844036697247706
1416854	0.0625	0.111111111111111	0.185185185185185	0.13
1231135	0.133333333333333	0.111111111111111	0.16	0.191489361702128
2665200	0.882352941176471	0.8	0.789473684210526	0.795918367346939
2917333	0.0666666666666667	0.0909090909090909	0.0869565217391304	0.13953488372093
6805102	0.944444444444444	0.916666666666667	0.944444444444444	0.864197530864197
969169	0.363636363636364	0.222222222222222	0.181818181818182	0.261261261261261
2434553	0.833333333333333	0.764705882352941	0.826086956521739	0.857142857142857
3855454	0.16	0.266666666666667	0.259259259259259	0.21505376344086
467943	0.923076923076923	0.894736842105263	0.923076923076923	0.877358490566038
2432080	1	0.904761904761905	0.9	0.891089108910891
2994368	0.19047619047619	0.25	0.285714285714286	0.289473684210526
363711	0.684210526315789	0.727272727272727	0.833333333333333	0.759036144578313
440811	0.380952380952381	0.291666666666667	0.347826086956522	0.275
2861361	0.111111111111111	0.16	0.142857142857143	0.189873417721519
5016953	0.9	0.958333333333333	0.833333333333333	0.881818181818182
6376911_1	0.909090909090909	1	0.88	0.910714285714286
6376911_2	0.909090909090909	1	0.88	0.910714285714286
6376911_3	0.909090909090909	1	0.88	0.910714285714286
5541714	0.105263157894737	0.217391304347826	0.12	0.106194690265487
6228625	0	0	0.032258064516129	0.0512820512820513
2168858	1	1	0.925925925925926	0.9375
1719483	0.636363636363636	0.578947368421053	0.548387096774194	0.582089552238806
4118594	0.153846153846154	0.2	0.210526315789474	0.28
2801309	0.391304347826087	0.523809523809524	0.5	0.447368421052632
3729415	0.130434782608696	0.130434782608696	0.161290322580645	0.0810810810810811
6850270	0.76	0.653846153846154	0.678571428571429	0.763636363636364
1168462	0.0588235294117647	0.0555555555555556	0.0740740740740741	0.115942028985507
4728096_1	0.923076923076923	0.857142857142857	0.916666666666667	0.907692307692308
4728096_2	0.923076923076923	0.857142857142857	0.916666666666667	0.907692307692308
454683	0.954545454545455	1	1	0.943396226415094
2107581	0.909090909090909	0.9375	0.95	0.880597014925373
1308097	0.2	0.107142857142857	0.133333333333333	0.1875
3155197	0.88	0.85	0.807692307692308	0.847222222222222
5613407	0.933333333333333	0.916666666666667	0.954545454545455	0.888888888888889
4141676	0.84	0.80952380952381	0.8	0.858585858585859
2673955	0.210526315789474	0.2	0.25	0.256410256410256
2984583	0.136363636363636	0.19047619047619	0.214285714285714	0.243243243243243
5396293_1	0.08	0.2	0.15	0.110091743119266
5396293_2	0.08	0.2	0.15	0.110091743119266
4694728	0.130434782608696	0.0476190476190476	0.121212121212121	0.0882352941176471
387550	0.0769230769230769	0.0869565217391304	0.142857142857143	0.130434782608696
5501598	0.181818181818182	0.2	0.24	0.228571428571429
5810660_1	0.19047619047619	0.166666666666667	0.151515151515152	0.144329896907216
5810660_2	0.19047619047619	0.166666666666667	0.151515151515152	0.144329896907216
5810660_3	0.19047619047619	0.166666666666667	0.151515151515152	0.144329896907216
5882717_1	0.15	0.181818181818182	0.137931034482759	0.153846153846154
5882717_2	0.15	0.181818181818182	0.137931034482759	0.153846153846154
6235563	0.947368421052632	0.928571428571429	0.894736842105263	0.910112359550562
4372475	0.0666666666666667	0.0476190476190476	0.111111111111111	0.0697674418604651
6417602	0.888888888888889	0.842105263157895	0.846153846153846	0.825396825396825
636800	0.3125	0.3	0.3125	0.25
6020159	0.166666666666667	0.1875	0.176470588235294	0.19047619047619
