0.47382887891858
0.536123684969319
0.536123684969319
0.536123684969319
0.0326545043407818
0.131486413024779
0.0844872670176362
0.39435917090742
0.0942540494458654
0.0351612546731799
0.277070713364207
0.0326215339825284
0.0134251815117672
0.0534504103911158
0.0189851370569277
0.0528996719896711
0.0528996719896711
0.130307241006639
0.0706549102962512
0.0956928026144455
0.221334448487868
0.221334448487868
0.268936782633341
0.0337105340920809
0.0337105340920809
0.106805062414717
0.106805062414717
0.240439569812002
0.0948766389968843
0.183079949396339
0.183079949396339
0.0687874861672843
0.346100741304235
0.284515401671446
0.193643732131922
0.189928128495246
0.136814184741707
0.0647272455089635
0.0647272455089635
0.136363636363637
0.0533678218024779
0.0379481561115234
0.268083373084245
0.229431784682592
0.229431784682592
0.133333333333333
0.203974471314728
0.108503326752943
0.145070968669491
0.0744515811346465
0.0438881052115618
0.0351992287192369
0.0768311740426901
0.0987132743350762
0.126876098209437
0.113715433104005
0.148634472555657
0.176711781636169
0.0780911776026778
0.191668577719968
0.125764110962988
0.0646964899461449
0.0782298314903506
0.0368673478969656
0.0701889423371906
0.163158133411387
0.163170382011993
0.154041745119812
0.0937942512314333
0.063234031814035
0.151950268289803
0.0240549010678423
0.0301850761432571
0.0780928339877612
0.0378412141168217
0.0808329459337805
0.145383103730547
0.118068429317325
0.137931034482758
0.203111866368938
0.216441931042156
0.230910476581596
0.069135802469136
0.0239494490068146
0.132826170756648
0.257150068952754
0.0563746128394247
0.100570344344412
0.117772306239696
0.177677553218412
0.149775841141658
0.174085135533249
0.0857021145797988
0.231133841425291
0.239806445837484
0.169845378829875
0.125674454627598
0.109692730748639
0.0369951194292438
0.0395150311929118
0.121376590154751
0.0454436124395869
0.106043320340908
0.128118522799993
0.0804619894774719
0.280254777070064
0.155537652179831
0.0370466994263193
0.0370466994263193
0.169466856510046
0.10215790172598
0.190414386963796
0.14632785400835
0.0214194975843867
0.189413706976204
0.102213773686946
0.120782031002847
0.210096692730102
0.14729137869857
0.20832235543374
0.0761886976038793
0.112562449788765
0.112562449788765
0.0639368513707286
0.246913580246914
0.0990573144761982
0.0839516368951514
0.074960460129988
0.199649543968189
0.0838080406857823
0.0437444583656837
0.099970004199412
0.126224456973077
0.103626943005181
0.0914712036167469
0.0785919224702229
0.200137636840237
0.0858245397228776
0.191689113373956
0.126248692764406
0.0818280975068516
0.0613723702938084
0.185969955538222
0.0359512702925016
0.0324262768679748
0.0957615843954585
0.026258762128146
0.0566456089468446
0.0858307290036283
0.0858307290036283
0.0838541924597377
0.117616587015334
0.0632620381681358
0.123386631971697
0.067627761128756
0.0278152705332099
0.196030840482461
0.11406267550264
0.175385968591908
0.134401384114307
0.134401384114307
0.14738221785446
0.0805848878564927
0.187074798590827
0.0541517956061628
0.242796198453175
0.129453493872471
0.10302537027273
0.0756074125427916
0.0385343923079093
0.111469170331429
0.058255093337591
0.0822333104657292
0.0894751993979776
0.0187824303506387
0.0959102764610891
0.0204615431329094
0.140827887180738
0.219491315486624
0.219491315486624
0.0957948918659801
0.100801665285977
0.179767270008579
0.179767270008579
0.0141258406808326
0.12673331032443
0.0992071598500215
0.0630082548226118
0.00411152016878158
0.0946326875343236
0.00414484737734485
0.00148038842562759
0.077910470263237
0.077910470263237
0.0885230188040935
0.0509533353246071
0.151358333289536
0.123464811187557
0.152772355396073
0.0507137213833624
0.0828483414966955
0.0915560159930991
0.132995301909012
0.0632219220590204
0.106236531271747
0.106236531271747
0.0598545546617327
0.0480290642101215
0.128184992307187
0.144858136185022
0.106314899820997
0.106314899820997
0.0441622251982212
0.0400293503981856
0.0365395335405378
0.0456520410659141
0.00638689815258147
0.204480640766818
0.110063118637758
0.02060141845907
0.115547934807909
0.0690064447142222
0.0716892954227626
0.0824518977104655
0.0174504324874223
0.0820687492866578
0.0888057926584461
0.183251865191665
0.0204677070820498
0.0418497832188986
0.043897701749849
0.0678323031787812
0.102088761862651
0.12626980923023
0.115530598521427
0.115530598521427
0.115718826494088
0.101468627953366
0.0230345972143757
0.184281842818428
0.0232494975207369
0.0167249607468657
0.111094567629459
0.0141251384458164
0.0141251384458164
0.0139162353943907
0.171437661440456
0.143111428111772
0.0196702391291468
0.0269357656374128
0.0790555160608776
0.1747650974982
0.0365042455459985
0.0609049569788341
0.0609049569788341
0.185270891527886
0.0262885964038068
0.0710738518761699
0.0767123287671232
0.061998123805287
0.0529874382787115
0.0529874382787115
0.0819704995635985
0.19626542878536
0.0408565815819021
0.0408565815819021
0.0408565815819021
0.101252324328651
0.0926844928211051
0.0627985754545316
0.137874911140112
0.184165555403887
0.0436470235744955
0.074502410874009
0.0571664518220853
0.0571664518220853
0.0932191788956792
0.103489318782384
0.124929238996422
0.0982307660300756
0.0610490615065434
0.103220821431018
0.0725248337699133
0.0774889590995931
0.107116546008657
0.107116546008657
0.0316538790841964
0.0516437189557037
0.199999999999999
0.142043512317594
0.142043512317594
0.142326946403941
0.142326946403941
0.136956204010172
0.0537877090117889
0.079220692743674
0.079220692743674
0.0462709864668252
0.130803659675931
0.00940243047804894
0.119863070647921
0.123832811458075
0.0325658590064572
0.0985864043366916
0.149547952481633
0.149547952481633
0.119995430780359
0.035287861743624
0.0115229952341297
0.0212490327905869
0.0674295762498985
0.0227263795805896
0.0793704990905053
0.0858033207956061
0.0474708339964315
0.110006232212513
0.10877668446538
0.0279878666139332
0.115136976162943
0.132621794023309
0.0731082765525974
0.0731082765525974
0.00960889363914831
0.00875492187501148
0.0850651740993302
0.0276354633259351
0.0461147421931734
0.133877297342633
0.0782665518153424
0.125497892163964
0.0193422954601455
0.0778683488163333
0.158590308370044
0.00793944377698172
0.0400204628487672
0.0729997649906904
0.0203515079126742
0.12807148175726
0.0923903609396549
0.105412412899044
0.0215830983046273
0.0657828972709476
0.0342009092881818
0.0206563458887626
0.107755532295994
0.110711801484251
0.0363169581601789
0.00682460727081571
0.0959376205730234
0.0219829690274233
0.169658283891921
0.0506320186631873
0.0469153801371163
0.0654636054479298
0.054439101745672
0.0453074445909898
0.0442989852690252
0.0443570688591791
0.0624309983772998
0.0624309983772998
0.0564197158428561
0.0662463006506427
0.0939222525286722
0.0491668802999027
0.0491668802999027
0.0688486524324481
0.0478547775049506
0.0407224679911653
0.0197702088168673
0.0387711655921849
0.0343818868171717
0.0358277755561002
0.0925228617536307
0.0908024487870624
0.180082239476197
0.00788709549891774
0.0957990181408921
0.00360807615989401
0.0311321417034851
0.0350647180894092
0.108108108108108
0.079031973091354
0.136677235345148
0.0541807650333991
0.0327950793365445
0.0474689650502966
0.0142185481247689
0.041380629230549
0.099633213110572
0.0263162487129819
0.0203936979888766
0.0132649894789815
0.0675923601320948
0.0978741745783117
0.089904101120139
0.0387545885820588
0.0265795079732833
0.109643172328403
0.0422360787113446
0.032191999399231
0.0458092017822341
0.0309226257090623
0.0790552928688602
0.0204733510174186
0.0498265342921103
0.0747072536777512
0.0841718515453674
0.0776048827740553
0.140318360202454
0.0797312869059701
0.0568674571981814
0.0145830217480064
0.0889574684750265
0.0889574684750265
0.0018012773014361
0.071760389880048
0.0900347290834439
0.1386271482968
0.0467729433194394
0.0467729433194394
0.107924718611742
0.0170210348909894
0.0600800322083428
0.041600886305821
0.0963296298145575
0.0353060738039691
0.0653559724915116
0.0316417436996958
0.0397437572907409
0.0351889820827605
0.00474417942681019
0.068603296473022
0.0277577711593477
0.183908045977012
0.0697585935604841
0.162992726960215
0.0801409431394743
0.0718766583995225
0.0411111856073303
0.0948981225946104
0.0361533369689457
0.0495912147981847
0.00696777619390097
0.0551813547497058
0.0110546934359066
0.105453677410264
0.0808363399372815
0.0650406530236101
0.0622358482151303
0.0744749651471484
0.152857263957452
0.168421052631579
0.0799802282002022
0.0585190330664282
0.151898734177215
0.0281865165728426
0.0281865165728426
0.0861347621192152
0.0595331598028338
0.152469530221264
0.0408215755437976
0.0694985918510916
0.0748253324318233
0.0748253324318233
0.0182178005760995
0.0856717715182053
0.046377138779879
0.0940859041629443
0.0373208598013965
0.0550416942132656
0.130706261934955
0.0182521276057514
0.0417391012183767
0.136616274090856
0.0655403867062054
0.0288511167782395
0.0288511167782395
0.0322668536514837
0.0380187804333399
0.128205528808301
0.0321358190438348
0.0321358190438348
0.16260162601626
0.035255115014044
0.0422154737048532
0.0686171169629557
0.0510931686250834
0.0510931686250834
0.0510931686250834
0.0657831302713733
0.138913191391894
0.160708558788043
0.160708558788043
0.160708558788043
0.0682393006369091
0.026523628148775
0.0130450502706707
0.0207967069657918
0.0883242245723617
0.0297196261682242
0.0523924874911781
0.0602070969254737
0.0321782911658343
0.0410159432681183
0.0376916761520673
0.101724291855401
0.0668573162477262
0.0455526252697194
0.144578313253012
0.0392839644142279
0.0791613670789337
0.00890943257087685
0.0664647054731192
0.157099697885196
0.116958573102994
0.0399497650754403
0.0225640762973437
0.0840558187365368
0.0540051622471355
0.0225510293638257
0.0225510293638257
0.0816297960027432
0.0775187362901634
0.0888274348594988
0.039120223511124
0.0459656102362069
0.065507581022032
0.163513617936516
0.0377235586393786
0.0787187526071735
0.0377559829714953
0.0781472678576218
0.109558217821434
0.0623140873260967
0.12062754196602
0.12062754196602
0.0104673817738782
0.0455786099072927
0.0355652938138824
0.0241645488664334
0.0946553079514921
0.130309686595315
0.154741215657658
0.0169195551093918
0.12530174560437
0.102135357096214
0.0478253772846405
0.112904623023508
0.0615288752573975
0.0380715524720144
0.0408156100052781
0.0408156100052781
0.0443787170126636
0.16969696969697
0.0550811814177693
0.173187271778821
0.11376211833973
0.0643658309063869
0.0263396782846054
0.0263396782846054
0.082928358863722
0.0254129837860589
0.044614823486802
0.0185998342999173
0.0378420064433863
0.101832737974262
0.0477853694451281
0.0876986869947593
0.0351899874202538
0.0617723925530086
0.135403759682967
0.0969916645655135
0.124801795291178
0.0440478381208078
0.036017997350824
0.152141663832858
0.0258755567389849
0.092820930168216
0.109883934224167
0.0379492844856246
0.10631564894392
0.0350232942956627
0.0367737473027653
0.0283761970943273
0.0764331808350709
0.0603151749813627
0.0547323989126949
0.0516020398978582
0.105919630221036
0.0296506554846829
0.10128989827076
0.0666332537653225
0.0363944242501765
0.0495882348838008
0.0556640864143227
0.0339713492719372
0.0233588137970162
0.139944144307149
0.0479106006223503
0.0302102716378355
0.0610615903248845
0.0546048841354434
0.026230654084501
0.164053592077833
0.0203510454360483
0.0203510454360483
0.138288427397711
0.0822504161358635
0.0936428307440284
0.071473226742474
0.0395567209072634
0.119048892451332
0.090007483979711
0.0559804696314958
0.0125771075993245
0.0252338927421622
0.00343177427925073
0.11246811926108
0.0485312899106005
0.0424790711733166
0.0424790711733166
0.039117412142033
0.0400091399105562
0.105417723738334
0.0407462206994395
0.0571229350271615
0.0669839335870667
0.00522882649783192
0.0311442534340721
0.0490410316344602
0.00989027124864026
0.0113053233723537
0.109319896384235
0.109319896384235
0.154241645244216
0.0217049414568041
0.0112705838658175
0.11401503526012
0.00844518291387813
0.00844518291387813
0.060469479656264
0.129032258064516
0.0559132509034646
0.0749570655519914
0.0815998293638328
0.00476403931874456
0.148148148148148
0.012813564115483
0.012813564115483
0.0417488717144849
0.142914536714996
0.0866884267456916
0.0866884267456916
0.014561265304948
0.0538069461111432
0.0392139408775269
0.119002560046779
0.0920940963376786
0.0535861789629119
0.0940550708487852
0.0293286856684702
0.0686908298298394
0.0112531364852393
0.0476529786242106
0.0215986525402621
0.0380246615731569
0.0432405608666168
0.0432405608666168
0.0486929449645964
0.0486929449645964
0.0461523073211775
0.00453543409174201
0.00886459699511626
0.0516968117965503
0.0388048986986882
0.0294658249452201
0.114619668190449
0.015783234136863
0.0468571178678848
0.0342521635103335
0.110999174875906
0.0357162712242218
0.107143354614046
0.0501015163979354
0.0529409774754662
0.0810439552052333
0.0496350863584597
0.0592577239141098
0.00434714669665652
0.0106808778737767
0.0156866858078902
0.0260661631820223
0.0441535326416679
0.0116684823627812
0.0715932163700696
0.0376038048369092
0.0454893360853115
0.00973549168991516
0.0870710870628008
0.0389281886995084
0.0490385160866168
0.0652451149517923
0.041997526791283
0.0854112032646919
0.0908547526615118
0.03863772352943
0.0271612719978973
0.00824358182607681
0.0489647788687164
0.0642467958099649
0.131550372607059
0.00942544645161401
0.0574973853885678
0.0268511098927362
0.0165372357755039
0.0347916805639113
0.0413629578613069
0.0912588846881929
0.0223067833929507
0.0223067833929507
0.0505449348902192
0.053170885801899
0.0325342343934822
0.0776457754572163
0.0191153886360363
0.0259877065785268
0.130179878039575
0.0532376842510101
0.037002193789903
0.0153072937163846
0.016533433072809
0.132230123575741
0.0768660185805069
0.0171681432214918
0.0154791810557874
0.0398065623746792
0.0593384487894475
0.0243483227814411
0.0597111407220584
0.10530318623063
0.0286579683150289
0.104425257738999
0.118861463765566
0.0253045157038359
0.023248527064394
0.104671280276817
0.0746304234189311
0.0512775175866744
0.0177013695173738
0.060579468994738
0.0986714427471693
0.0220418808917915
0.0333972349871019
0.0292266308962341
0.0358646491139216
0.0679217648122086
0.0237618391319523
0.092601865951142
0.00595425309662065
0.00595425309662065
0.0747992827298004
0.0728348303480702
0.0708360763660303
0.0277993943994323
0.0282994187882404
0.0275986108110417
0.0742819346948596
0.0305938982109442
0.0982888726921468
0.132992327365729
0.0179871427799687
0.077832868670974
0.034343119623306
0.0272102866521588
0.0252879942457639
0.0739476135926347
0.0464744809810521
0.0968443359571247
0.0968443359571247
0.0968443359571247
0.029595294294444
0.0756457029062617
0.0161479433556932
0.0605363065832041
0.0605363065832041
0.031181577255923
0.0271800775228647
0.0271800775228647
0.0483875721601627
0.0922875755212642
0.0139482187694894
0.0378813874261466
0.0447686561695831
0.0608144254163458
0.000159508713163446
0.0134375439729694
0.0844130225832285
0.0739712220453652
0.0739712220453652
0.0739712220453652
0.0880274497826368
0.072280880264926
0.0503641389129929
0.0267191928027569
0.0123894157004448
0.0123894157004448
0.0123894157004448
0.042323786485726
0.0280665611334673
0.0602697698166723
0.0415696011829202
0.0825015341719087
0.013690946554749
0.0565446851621296
0.0260000569690647
0.0187607559054382
0.0734936945455643
0.0734936945455643
0.0248375155335211
0.0624914342541346
0.0821797872813434
0.0200093041370953
0.0674454330170362
0.0674454330170362
0.00549972931042564
0.016533416128143
0.0276769052330264
0.0481880496647122
0.0481880496647122
0.0117264903128063
0.0601035334778401
0.00852852726962511
0.0716002897815933
0.145164469581607
0.0743428356994498
0.110952349547423
0.109725685785536
0.0472596458400841
0.0655870938903224
0.0334161266402904
0.0280559569564994
0.0668420733494257
0.0168200136383969
0.0342831751112068
0.0586506727343977
0.0602651936571266
0.0198604588135395
0.0443261817952556
0.0260220272384176
0.0123099878576079
0.0399675581874188
0.0399675581874188
0.0399675581874188
0.0196362626361244
0.0795424871173417
0.0707588466956645
0.0919546815638204
0.0198412092246887
0.0859654712811256
0.0728481711209143
0.0728481711209143
0.114302721476224
0.114302721476224
0.0063722924883203
0.00518306095360547
0.00518306095360547
0.0128750677774532
0.103626943005181
0.103626943005181
0.069295906376629
0.0619496311417181
0.0481433419525664
0.0481433419525664
0.0886670875399616
0.0145989867655579
0.00395007278744496
0.0131777336979539
0.0160844885651537
0.10619657495563
0.10619657495563
0.0335116720775334
0.00265154315389088
0.0333245550423892
0.0602308287627446
0.0188053628176566
0.0854918612880393
0.0995780590717301
0.0580365784481163
0.0418528303577031
0.0303838277199699
0.021722134752753
0.0623089618726697
0.0955789902668749
0.0431710910627949
0.0850495493833507
0.0540561581813167
0.0396156216703141
0.011594035554771
0.0248207315123581
0.0196251464898149
0.0515485076752867
0.074557597407577
0.0258142013979689
0.0258142013979689
0.0248752580407396
0.0971888362829356
0.0388480371121831
0.127047894559221
0.127047894559221
0.0222476481029255
0.0206889741611173
0.0365953903472718
0.020792559704006
0.0392459486274944
0.00276817676865125
0.034432983182668
0.034432983182668
0.034432983182668
0.0420068230559261
0.0580176690726354
0.0827423469072608
0.00862348020872445
0.0333467175228326
0.035472410373868
0.00976305160161566
0.0489075612653914
0.0489574007468124
0.0712940058846562
0.0759750616209946
0.0116626630845809
0.0921372592820871
0.040914897892682
0.0888888888888889
0.0444532799146874
0.0499205550218956
0.00514576595144728
0.0919142455402328
0.0141388747883246
0.0409760314972877
0.0062126980520576
0.0062126980520576
0.0612611300492568
0.0584083869504901
0.00203934341306927
0.0160501736520889
0.0699818511796732
0.0537494681266235
0.03146769342798
0.0894568690095848
0.0180607502912228
0.0199765266402061
0.0085871866504798
0.0562673932635328
0.0562673932635328
0.0574176173195218
0.0424006650286581
0.0854745875409543
0.0100459432547558
0.0292540127626528
0.0436876317536157
0.0439491900220389
0.00356416908481333
0.00356416908481333
0.0608215443700289
0.0153123671137857
0.0168925964961045
0.0227567859791358
0.0227567859791358
0.0449021651318015
0.0888888888888886
0.00927325429653414
0.0115980473155178
0.0312519475862752
0.025404675689427
0.0289227239244704
0.0941176470588237
0.0941176470588237
0.00443194673042617
0.0234076230871944
0.0697821567386784
0.0324324589535976
0.075950325235761
0.0537819578138876
0.0239761935340678
0.0899585623773364
0.0645802383605752
0.0833333333333327
0.0833333333333327
0.0536394693531672
0.0452641385366638
0.00290459268988239
0.0115915649477496
0.0335540556987449
0.0591514696626041
0.0204317309923507
0.0932355599360297
0.0278177238073551
0.050032581929438
0.0555442468869203
0.0287832565346056
0.0851961754038905
0.044745813092517
0.0467365753174464
0.0137768428752465
0.0169813604172604
0.0399897624995599
0.0589401554394256
0.0115011419348247
0.02911739825927
0.0158588352150951
0.0157284212457091
0.00121540343821827
0.0194767491994871
0.00393261583525604
0.0117614238040075
0.0542750108446504
0.0200845180938684
0.0848861489335466
0.0260124574910898
0.0195022083596592
0.0195022083596592
0.00361637655330963
0.020712984583436
0.0243970167419307
0.0564802546269341
0.0312292893593768
0.0703779441832155
0.0711805555555555
0.057428334432437
0.0308195735414127
0.061875142730623
0.0796436932995973
0.0425242616547327
0.045052659610779
0.0149907572124606
0.013291433470646
0.0326967076324645
0.0312165229210882
0.0275576731933666
0.0275576731933666
0.0639578930579368
0.0775623268698058
0.0424456753324236
0.025466949736931
0.0407818944204045
0.0716793972620323
0.0716793972620323
0.048848147170963
0.0118631989754046
0.0784313725490196
0.0519240507816453
0.0219822810310844
0.0128887810784188
0.0061701679040295
0.0061701679040295
0.0276943749574407
0.0304077816073365
0.0635053123967518
0.0414201369872431
0.045208045622341
0.0663182351848559
0.0276130008152011
0.0217201167976748
0.0265584182979275
0.0675830741519513
0.0268248836973052
0.0245222899971464
0.0245222899971464
0.03188663571601
0.00486264613733806
0.0411572146194978
0.0474063712816976
0.0685012394638129
0.0789783616212375
0.0598344272236956
0.0491356362532921
0.0328576438502688
0.00435903703295254
0.060616134492341
0.00581004332705703
0.0432014238181593
0.0432014238181593
0.0120815541968695
0.0114505700387147
0.00500354086898052
0.0561076953790757
0.0266887846827528
0.0153481097859396
0.00729565079151125
0.0030925998270629
0.0242999806420026
0.0347357229647631
0.0299064209244361
0.00769863350600633
0.051876552243208
0.051876552243208
0.0317703670879733
0.0257562995439427
0.0628272251308901
0.00864518653439589
0.0244451941874396
0.0177261107706239
0.028450251048891
0.00692148751385873
0.04592992103709
0.0435334637947561
0.0101396395485404
0.0359894617388556
0.0413928053184132
0.0451602875546659
0.0356722110314737
0.0356722110314737
0.0452460180078213
0.00717924611259008
0.0274512116655574
0.0263153951055762
0.0355593329963382
0.0220280097640264
0.0408213234100914
0.0408213234100914
0.0408213234100914
0.0372283579400658
0.00326385816590357
0.019974543085608
0.0248844733007075
0.0422507906005345
0.0427908669900286
0.0378001471734214
0.0329965014848259
0.063803108506109
0.0583869904163384
0.053607490361667
0.0391052369009884
0.0153755927553158
0.0126652046178673
0.0377536606510674
0.0443078124237545
0.0443078124237545
0.00813817788577535
0.0343914250767568
0.0217489660527208
0.043519877250784
0.00694037055585498
0.0460778776604721
0.0276654247881459
0.046573619648773
0.027952656761521
0.00780844041850986
0.00274395126697132
0.0138072097837333
0.0561519405450043
0.0049146770027065
0.00667278689806654
0.0217954139325124
0.0537151070215734
0.0294321207419173
0.046918543348755
0.0154797401224198
0.0154797401224198
0.0315972604946366
0.0403664827649529
0.0143700747637681
0.0430875895992118
0.00930431611504861
0.0360586194157715
0.0257860218789537
0.0205322186531065
0.0319054423719974
0.0627031227081178
0.0147918984405799
0.0266683797197668
0.0431414205019955
0.0497332169401761
0.00728369279446492
0.0391627052071628
0.0452020685692396
0.0115303096290406
0.0230604484869237
0.0298092546081976
0.013725825370393
0.00658153445761083
0.00658153445761083
0.016677771871443
0.016677771871443
0.0289708838349879
0.0239746483650652
0.00948400656061003
0.0128431281763475
0.0109965881234554
0.0188959543478773
0.0318409269173284
0.0105191242664725
0.0138168018060057
0.00587737314975027
0.0370325275174573
0.0111122868637192
0.0211516220982245
0.0110478647236945
0.00845109666846474
0.0280009584520572
0.0389301473953993
0.0389301473953993
0.0389301473953993
0.0245182250168665
0.0313904252093636
0.0478110306587726
0.00551891787175212
0.0163106030323909
0.0139646100996851
0.010008625503506
0.015431796935137
0.0109615303967637
0.0101066385881207
0.0101066385881207
0.0357434062734006
0.0129212155149679
0.0146712791188934
0.00676464714454651
0.0108574223286329
0.00512882086879054
0.00447947560292712
0.0130112152038817
0.0231049986265806
0.0231049986265806
0.0160754540682322
0.0106842069394584
0.00420575473176794
0.00304694911817444
0.00304694911817444
0.00304694911817444
0.00261830848114204
0.00261830848114204
0.00707361378689555
0.010460054466275
0.005753874421863
0.00426787171279734
0.000802837080473092
