1
1
0.0988900724000058
0.033918128654971
0.0530973451327433
0.435370342962524
0.0336071567604057
0.0336071567604057
0.470771484198238
0.330172216211918
0.220121823007237
0.277000772317975
0.338445573560956
0.277335526086301
0.35751571634197
0.122573467843819
0.284618939334313
0.281824883282824
0.23406204769254
0.284083524059789
0.390879340480353
0.390879340480353
0.390879340480353
0.221797165567157
0.24254604915267
0.228534765198399
0.228534765198399
0.228534765198399
0.0315438322273656
0.18981534966537
0.18981534966537
0.0283895080435988
0.125880451376918
0.197402511589636
0.23833031572516
0.207588759225416
0.33384292361842
0.0635594544950842
0.0759811435764444
0.113134995172815
0.188164245194551
0.177571806245957
0.231108642509141
0.336865369830302
0.336865369830302
0.0359778263871809
0.200466830744264
0.242285993933253
0.067421604151916
0.205487019245016
0.200354031130231
0.0477306507848972
0.260970712766216
0.219584352969201
0.20720818471945
0.145872944741677
0.0369814850554606
0.0508506696284375
0.027926717679853
0.212765957446809
0.212765957446809
0.191008586472786
0.140968637164423
0.14593863181378
0.14593863181378
0.270789726334127
0.172639870074011
0.0991449206248329
0.203985200929584
0.113136718966534
0.168963897930648
0.104903162730066
0.114324767145066
0.0517813744098652
0.0517813744098652
0.237495263436944
0.117779102259445
0.110295919208808
0.107495249690103
0.166057448891379
0.117520114960134
0.0935823873609102
0.0970151878264052
0.0949253864513392
0.10009588962117
0.0907220176698022
0.179765333434076
0.14218189543255
0.0250454809375924
0.191505776861838
0.191505776861838
0.234735716836265
0.241894676037354
0.177732245639097
0.177732245639097
0.233027278897537
0.0392809983706503
0.107873861944354
0.131479324403028
0.132620086864357
0.166515170893815
0.138905381075612
0.162561693375419
0.106067251822245
0.0806580616483059
0.0668614908622462
0.145191513041935
0.206871708816187
0.0430316597000213
0.202196662494901
0.112955906822793
0.211551179962205
0.169686824843802
0.149018653794844
0.149018653794844
0.149018653794844
0.0684344587483408
0.0851611204811094
0.117566257252816
0.0874179536248895
0.070215217239696
0.178406716420069
0.127382413682533
0.0362429445486031
0.206674076614912
0.1117418014438
0.0858070140126664
0.172416934637736
0.0406152561891662
0.134570432333347
0.210269448785091
0.153909593193549
0.141753227562681
0.126935272275867
0.0861819004858855
0.196915719671677
0.10073391528502
0.179604686345928
0.207288205801812
0.0920691677637188
0.0795344792030442
0.0503825794346848
0.102802323800599
0.102802323800599
0.183611015006544
0.244965031301059
0.0961625289336354
0.275662326585493
0.104658228674923
0.0806871138321896
0.0806871138321896
0.0806871138321896
0.199725051571012
0.141608727434682
0.141608727434682
0.0890821145729738
0.0965652575267442
0.235894212602646
0.134400253604824
0.0902341991033943
0.185464822913836
0.161901342224752
0.062378819477502
0.112936789463781
0.0610902936856813
0.0994055389361935
0.0975902492982102
0.118952738723759
0.154887157967823
0.212440888084701
0.0792433970833632
0.119344450534573
0.114721557957831
0.0640424006275191
0.118227997607207
0.0971671851202065
0.0971441566905797
0.0958632539628416
0.106260193874554
0.184903236872294
0.0769968820499235
0.0789322777412824
0.0876082833536031
0.0829608410439105
0.0328978574980133
0.0328978574980133
0.0828635115711173
0.0863852618389084
0.0863852618389084
0.143998073983638
0.153117641328776
0.0942652720193068
0.0927147117306344
0.0388179887163232
0.210222719694748
0.107439760509909
0.145882216409114
0.114861898350367
0.0972599303135888
0.0762830006617892
0.20106021445501
0.0078719964744404
0.0282469069562042
0.0282469069562042
0.0983901805389857
0.0734986942281804
0.133760372914451
0.0406445189465863
0.156857759284944
0.102892055691318
0.0370490884659729
0.105033499340405
0.110850835483715
0.200316464428893
0.105377349668007
0.105377349668007
0.0544396636504772
0.0662738133428769
0.142532257501092
0.0815499495496715
0.00992950681130727
0.157789273269691
0.116585742078756
0.0606543087370044
0.136052274377348
0.0792283355144023
0.115358781639552
0.115358781639552
0.0811282703460845
0.173040057584065
0.090121702375251
0.123935990131188
0.106640589667051
0.100845829085381
0.0245891291312186
0.112178441722059
0.112178441722059
0.112178441722059
0.0815341795995317
0.128584970539581
0.0732319558489776
0.0326643098911537
0.122660469102192
0.062993802230248
0.0210388920324916
0.104768082394953
0.0996640316673228
0.162107540972612
0.0506938663716482
0.108330184906966
0.108330184906966
0.11054108945846
0.149687973449228
0.13213840943214
0.131505593523492
0.0959032664605494
0.0431795056828433
0.0767400828951757
0.0122993600301583
0.110449036162263
0.0665418047640132
0.116548522732061
0.0567322381302981
0.0603300311309428
0.0270121959425357
0.0284945862950184
0.0413216592540478
0.100708061870389
0.0517994729894043
0.0805406536901371
0.112271647901322
0.164788906086294
0.0512586170127149
0.0746803625918765
0.055046905459496
0.042175470035137
0.137504172450758
0.137504172450758
0.0779880182925987
0.158407597577983
0.158407597577983
0.158407597577983
0.0445289371121894
0.0531774957066881
0.0288631154941315
0.113551614675543
0.146169898840845
0.0937577206111186
0.113337407169815
0.125666246251923
0.0375725764924174
0.121667867739967
0.0921048232808465
0.087390033325004
0.141284138595124
0.0872655191545682
0.078674647444097
0.0564860101411192
0.147699284856477
0.0973313269493844
0.129398929189177
0.0478283062953095
0.0381757786822215
0.126949226734263
0.0730533450427784
0.0414883965860201
0.093503079303246
0.065648885599894
0.124789144660034
0.0346571525300138
0.0887695575445426
0.0911589074376037
0.148490639485642
0.1002643730777
0.0658392462441955
0.137486967038137
0.109944973130409
0.0709038813839424
0.0611502796006297
0.0684652219014154
0.105360025547991
0.0581602495879526
0.0542332962790183
0.100618910777934
0.0924670142456528
0.0505187798477754
0.066834249672433
0.142092958116476
0.0870006793616738
0.0906348209141233
0.102500319945932
0.0330783990890975
0.0598140044215335
0.052563741943015
0.0641246832960927
0.0552599817554275
0.0725734961036686
0.135781526737247
0.0391706566413472
0.172435761378318
0.030828783223064
0.0942567693615264
0.0475872515730578
0.107341379567773
0.0954659824040897
0.0765575334910163
0.111158529873131
0.111158529873131
0.0235600311801135
0.0360464389585148
0.112160401355753
0.0520354922104761
0.112970601731774
0.0954630871136339
0.059501244509093
0.144219921771589
0.0899597273321708
0.0899597273321708
0.0492180041433935
0.0646597239126074
0.0555699426012317
0.078493581452088
0.0391285094941297
0.0554391163875214
0.0359710531198254
0.0327344652336055
0.0794501056343897
0.0529254437171347
0.0977722573920081
0.107708266724952
0.0471008972052279
0.0559076630854538
0.0587370286658552
0.0454566296160099
0.0376754152699364
0.0367433741917064
0.0442730827816541
0.0468406366760056
0.0901034049910525
0.0460835375469002
0.0460835375469002
0.078862976581234
0.0722247505737224
0.0712112797267025
0.0217047441568609
0.0851857256122857
0.0390834466454203
0.0685358493969493
0.0309681956753418
0.0878740244401777
0.0837404537531456
0.103802827248033
0.106563698022198
0.0337348930981176
0.0970873802356185
0.130693069306931
0.0355403424734916
0.0211085180521215
0.0307466223267333
0.111425392877804
0.110106666381391
0.0548679680993378
0.0613160038803586
0.0388686439900832
0.0431984952874837
0.154458611060466
0.0641382159459472
0.0404554847557948
0.066298586833857
0.0503159230935763
0.0577952807019552
0.0577952807019552
0.0884172650032501
0.0278600928669763
0.016346166467153
0.127008462441135
0.06847379365059
0.0140262813338699
0.0810710492529638
0.0189114962229042
0.0448103161616058
0.0460816080880988
0.0409371965776122
0.112149774898777
0.0338484571879815
0.0338484571879815
0.030576861907773
0.104015663484353
0.0811720656930419
0.067203304595773
0.0280131306333664
0.118226600985221
0.078304169761047
0.0878839445440223
0.0495088948993479
0.0495088948993479
0.0495088948993479
0.0562705585789954
0.0954281576674075
0.107399423680108
0.0356616370958706
0.0402747246814976
0.035632996233612
0.0801203155876278
0.0812165923128991
0.110291806916737
0.0403236293896834
0.0237358528662262
0.0840889784211805
0.115986605099725
0.0471085008649551
0.0548954660424856
0.0264077289166898
0.0878397584945939
0.0878397584945939
0.10770672380316
0.081828413771909
0.0475356830551833
0.0772625556310955
0.0658792052545868
0.0443769691754219
0.0399889303394645
0.0349449255552587
0.0293874781884836
0.0558390477980083
0.0209993496441305
0.0409202352578883
0.12147643794477
0.0653627567395097
0.0391466275084417
0.0101186705742801
0.0305305299318668
0.0385530738533946
0.0729463646793131
0.0298267731294646
0.116734955183983
0.0735009115103484
0.0567609111438906
0.0826918361589414
0.0667180478863418
0.0667180478863418
0.0583632279457958
0.0734088193218877
0.0812834851453706
0.0906557957980372
0.0906557957980372
0.0659570737197269
0.0429716764570587
0.0366100948460523
0.100346197389031
0.0939681116616313
0.075677282657853
0.095457700241384
0.0557045009524791
0.0586011715939638
0.0391344879773147
0.0391344879773147
0.0707156452903873
0.0320471804586519
0.0578493680522182
0.0246538954064201
0.0631370072664749
0.0214826842856435
0.121184293210729
0.0554596144571891
0.0595029541961327
0.0639655812324825
0.0655174786298976
0.0189598308787125
0.0489388710676826
0.0107594116939412
0.0461765904031419
0.0864901322038079
0.0996647627928663
0.0267721299831002
0.091426863876569
0.0281510556896932
0.0704366641628633
0.0530350078435422
0.0447743131542234
0.0243479684661296
0.0157667813955987
0.0157667813955987
0.0366689475773116
0.0250391877838066
0.0598563493868537
0.0194297120567828
0.059711091162075
0.0113775705165352
0.0136248382348031
0.0375805919946215
0.027324834482087
0.042823232574779
0.0432389836264108
0.0683977427439119
0.0527297530554859
0.0510591372140668
0.0378507052619592
0.00813354245827738
0.079609807343681
0.0477022734521033
0.0492939099562527
0.0214852516462473
0.0593626007935493
0.0400521853034253
0.0127885857152485
0.0127885857152485
0.0685968135419708
0.0341889594340885
0.0289086486863592
0.0446632848001602
0.0456720959949429
0.0374693598942046
0.0330873167084628
0.0130122184945001
0.0406686169023205
0.0315983752610893
0.0203266384638391
0.050857255371445
0.0203874439350878
0.0203874439350878
0.0262938799735084
0.0121517059058067
0.0229860030373171
0.0463529457435472
0.0203654090083817
0.0116454108828341
0.0305807746865596
0.0168718951695735
0.00938046533072135
0.0178276499322558
0.0329054626992792
0.00432440642073745
0.00432440642073745
