0.0139976267232308
0.0139976267232308
0.925420786867032
0.0949846204904887
0.682673914250209
0.682673914250209
0.798949345068719
0.124252618059418
0.108816350991327
0.651382688592455
0.651382688592455
0.705882352941176
0.747366506660201
0.776486746326054
0.463020902762851
0.524129570292587
0.63768115942029
0.202595381776001
0.494787831521587
0.494787831521587
0.0742970223982643
0.0418063909274729
0.103758480251397
0.74587141253808
0.027205384432895
0.626569123254938
0.4774889593596
0.572053393030264
0.572053393030264
0.136873759330317
0.399188034401627
0.399188034401627
0.550871045787518
0.754285714285714
0.0186368241927611
0.679473013845019
0.679473013845019
0.679473013845019
0.0480424136226806
0.225157764767419
0.538317558139231
0.276746999495855
0.132912046880518
0.00828157349896481
0.0583735720214057
0.0583735720214057
0.0583735720214057
0.0201005025125628
0.116834661837722
0.0972837305849667
0.10326093019472
0.0527941463855812
0.480680300033678
0.0470581511280696
0.106947306281535
0.277266000666108
0.216761511299379
0.260510059027062
0.0408163265306122
0.201347934662265
0.308820744321488
0.036980330838046
0.0213770526935158
0.416743754480852
0.0520585637610856
0.444235486386478
0.617985980113886
0.541223635297045
0.250521475846288
0.608446640531445
0.0917764928277563
0.36627483774874
0.148681301732559
0.567745296793556
0.470694657782423
0.318846514605008
0.380079410662596
0.254370934394853
0.374808192860253
0.357295705887171
0.1423655492447
0.405059228255737
0.0389034465824159
0.135318340622166
0.0562494231331323
0.50359362946763
0.714373476912667
0.464404242805695
0.295258920023026
0.0434350663917701
0.433692263352352
0.0701613711536536
0.256636681615714
0.256636681615714
0.212010619763134
0.454116278950608
0.454116278950608
0.454116278950608
0.0635726065407086
0.380370073071078
0.0747229966678193
0.174851009545863
0.223634771308303
0.0798288947885269
0.348101435659296
0.348101435659296
0.374665586712632
0.374665586712632
0.238577034092221
0.223189672410439
0.193869671448012
0.0532403707269057
0.304663189940327
0.12360173974091
0.115097762366942
0.367980674042342
0.162717087959106
0.15265900892966
0.119490108602569
0.248362018394342
0.28051948051948
0.100037103577602
0.0358593903447371
0.266305105716624
0.376551668633965
0.037117306522001
0.0130270278963608
0.40501522090942
0.12129499988269
0.0929636962429417
0.450307156126776
0.107581852880563
0.171996404458043
0.0909961561751838
0.243049143321558
0.148364398562459
0.122894738727285
0.041572112744964
0.173851789561384
0.238120895087499
0.315771623915986
0.293139554548192
0.104070609253139
0.256282557349274
0.251178818201357
0.178102018759117
0.178102018759117
0.118444705439305
0.142268480979571
0.163223907870232
0.273935424871307
0.219284503875409
0.462241215772637
0.300965767134815
0.181881033581954
0.254233754315652
0.122928622004199
0.140395029158567
0.192879599163122
0.139002937756832
0.11958703320422
0.328135103218187
0.336161273359635
0.336161273359635
0.215589125300964
0.171558384705514
0.166656969634095
0.204610063061601
0.139555663864181
0.266429895672781
0.111636663863147
0.105421267505795
0.16338806798548
0.105475744666934
0.263414272447697
0.37131681620466
0.202526677717447
0.149251437661929
0.149251437661929
0.277643171129378
0.42559698204928
0.0274880356627122
0.0490449763902248
0.143765835579336
0.0742489336887509
0.170667265022279
0.0807119294291956
0.162447905977459
0.291234113913841
0.235913741478021
0.0266873146904176
0.148408490255614
0.338144939864932
0.203362341601936
0.0735030437362945
0.0457347456175186
0.255632857368588
0.0578778441624393
0.176729976518516
0.112716785008236
0.302499206216979
0.321891802589289
0.262330710387513
0.0738320826326692
0.0148415856885962
0.0148415856885962
0.20742347294543
0.210283679453461
0.0611051293516146
0.168809954181479
0.14354754763054
0.0291607883263743
0.118671061891181
0.141546570096106
0.308023965668305
0.237730316957228
0.237730316957228
0.254086258563518
0.12218914416285
0.123425505545045
0.138147442662594
0.0652316219863128
0.171144411029515
0.348737543673152
0.171579872109281
0.229982752868344
0.260420744275012
0.109073741504578
0.0907447129669352
0.288190847093593
0.258467781618755
0.068527331592699
0.124594824149348
0.0795831504375485
0.0699087727561533
0.00646062133375463
0.016895720109372
0.114420751953222
0.0601257195006807
0.185869704226035
0.0711376470936132
0.131373317114405
0.034399892597848
0.170757944735552
0.170757944735552
0.226534670034802
0.040558374593651
0.0855514122155882
0.121845475218406
0.05839437567828
0.140471267052127
0.157394145777439
0.168322115982414
0.0347302757470263
0.0347302757470263
0.23381729056444
0.282517386248346
0.12939244268242
0.227999113576951
0.227999113576951
0.137934589685363
0.0811655890582445
0.129984661469305
0.188869972169029
0.154635499951006
0.0127811007501751
0.199648496608646
0.125812772822716
0.0635773748657607
0.194054279535432
0.194054279535432
0.0882756311188381
0.0576042948331477
0.166339747280521
0.104545889888885
0.0747192680654563
0.118252240723053
0.184386324321537
0.184386324321537
0.0344520650927417
0.116641204139601
0.0320962826967045
0.145169284808274
0.116092603049125
0.116092603049125
0.116092603049125
0.0544766591968897
0.0380919953392223
0.114138375802858
0.145021167582616
0.16415567213412
0.0417797991638232
0.0174126620908771
0.110633616323096
0.0476343880061164
0.121776642817039
0.143596934072162
0.220589025636067
0.167872886036394
0.172570376626579
0.0335600488195521
0.0574406977981067
0.125041439237238
0.226137026368105
0.0335993405026685
0.131253846088424
0.0924082599202146
0.0786207799143695
0.1559292468248
0.170541034885608
0.170541034885608
0.0957101323024056
0.168026025028141
0.153594305820255
0.192397028507648
0.170529117525584
0.0644483165791238
0.0644483165791238
0.130063004120669
0.205767446722329
0.148627693145579
0.148627693145579
0.161692318058482
0.0892350962994628
0.151075122352562
0.117944569105443
0.131688560658849
0.131688560658849
0.139669083455487
0.182010417515891
0.209778647410525
0.112343843243247
0.112343843243247
0.17915017639604
0.157769001998928
0.0689773164970135
0.0683836963904275
0.120406240945253
0.110878832162298
0.110878832162298
0.169265409361239
0.00667167291421137
0.0435075502270117
0.0147616770497598
0.186400279996711
0.163040946032812
0.145364533716484
0.145364533716484
0.109999343516128
0.0579178182495087
0.125244937036524
0.0651667563054218
0.220790638338132
0.164420913288409
0.124890469804496
0.0533606228839938
0.0380452744171535
0.0858324194544941
0.0370613077035096
0.107580023836471
0.107580023836471
0.0682333567381614
0.164688713762506
0.143437821582744
0.114343826717938
0.0291706332743201
0.131576127718847
0.194283380679274
0.184426824959367
0.0990782973924885
0.18383409443908
0.0157725802892237
0.16328952650226
0.0977329493873696
0.117416513178776
0.14359257325991
0.0811725596074349
0.0860413747790527
0.0757355049025829
0.0997852428395807
0.104564010758622
0.102408248112933
0.0854300579542867
0.119618338135239
0.112648341451506
0.0763883644897838
0.106643943247608
0.107783117762797
0.0642850656340399
0.0642850656340399
0.0496750660349667
0.00933847973501308
0.0423298786916833
0.220591207269215
0.0634866690163745
0.126391876916491
0.0795408480537989
0.0634861675137611
0.0634861675137611
0.089349360491258
0.0701182225845902
0.0861291629988579
0.10722261917077
0.0694924483238238
0.118546044372261
0.0514593913791873
0.137719500038341
0.0902255639097746
0.0619880128410455
0.0841387492989705
0.0707773983964593
0.116715375425053
0.0290209442103001
0.103342577725879
0.0871205008944691
0.140359044870416
0.0915058727113164
0.087123682083265
0.0200794700056163
0.078355446531724
0.0414354202680309
0.0851413192517909
0.135265023600355
0.135265023600355
0.0868897517489994
0.0985221674876848
0.0956842380965771
0.0954817642441305
0.00470321467706767
0.0689694190237781
0.157814347766416
0.0759767063045284
0.155746493353896
0.0888656706340296
0.135035935885114
0.069057522278842
0.102620800611858
0.0782085569336911
0.138098122350091
0.108426608414338
0.095987056555763
0.0686645884919132
0.128901878530909
0.0210799333057817
0.0975057959123772
0.0284414694641714
0.149261862772954
0.0767957529277822
0.152709752188954
0.104938896896358
0.0826220965188145
0.107784294643684
0.0780878228936795
0.115410404837629
0.042082661963363
0.0753132256917825
0.0278057829773028
0.133543298700983
0.0619286057269047
0.0853680011396138
0.0650963885848975
0.0690782300325888
0.059660153891075
0.032808029550919
0.0931456072699004
0.0756348638805272
0.106005939862926
0.0492169840370913
0.0174703892420929
0.0842172753660512
0.0959997875135015
0.0331991143760959
0.0119370565863894
0.0439392914903811
0.0583627662172456
0.0877876725526986
0.0975550877337954
0.0874089549923632
0.0967741935483874
0.0857477108091406
0.0465905680629899
0.0901669879583059
0.0452288117349973
0.0941140212496993
0.130605610196777
0.0519791905071684
0.035671869603315
0.0939909903487242
0.127291201230867
0.0404019667976175
0.0791892389699226
0.0791892389699226
0.0959152423126263
0.0927445528515996
0.0714307536582977
0.0714307536582977
0.0714307536582977
0.0187752498601896
0.120706363734252
0.0457609674821898
0.119264325651637
0.107258930861705
0.108267406271573
0.12440734764293
0.0833573633843537
0.0947932908737062
0.0431611531976825
0.076927833330792
0.0872374234907487
0.105274080347522
0.0573839000103245
0.0943876810963542
0.0657118508937896
0.0657161826892596
0.0580259447264523
0.0628206015616354
0.0405072585124189
0.0609955739451937
0.0802754270683844
0.0348583927228381
0.0415842813438182
0.0922888983611093
0.0609556607834697
0.0994075293466285
0.0756044767022372
0.0684982818795955
0.0695159245170433
0.0885378077398742
0.0836553629596912
0.0734034899074157
0.0120633028025885
0.0302224685153543
0.0805592921680038
0.0726335708821515
0.0540343834349835
0.0825096880220585
0.0998088998089
0.0644226207272942
0.0346686176451882
0.142984993365061
0.100655312944471
0.0426830804203555
0.0633833537414728
0.0439186157039379
0.060239679456598
0.0541873914193021
0.0564977919853669
0.0564977919853669
0.0896289726588334
0.0634920634920635
0.093147026282044
0.100407325969959
0.0719658335014458
0.0629446089661607
0.0798829325577769
0.0151111955371996
0.00809925950974735
0.0791742562234364
0.0584414839554193
0.0687054880603268
0.0431355881815356
0.0812043156037788
0.087369905896318
0.0474149118371823
0.0783184447587678
0.030262452643885
0.0548288853361652
0.0167257016968219
0.0591711868938618
0.0343543882690037
0.0367096903825053
0.0493005229668017
0.0756636961293478
0.0587701769273587
0.0557180870911425
0.0582194838167483
0.055477286246517
0.0667971242148482
0.0615001466512025
0.0875040604141768
0.0875040604141768
0.0451781826199597
0.0533333333333328
0.0537909845558776
0.036787392426536
0.0555555555555553
0.0555555555555553
0.0682482019179762
0.0629817456537573
0.0471196443447861
0.0417491277709477
0.027901734262816
0.103818842008882
0.053166941400572
0.0335612359149058
0.0476190476190476
0.0438308031818941
0.060273329046534
0.0527587665709546
0.0719222143640559
0.0525752191423833
0.066518637870038
0.0123094548182208
0.0469806296170196
0.068571084844982
0.0427829343699702
0.0447491674412617
0.0453674927704366
0.0652024963303385
0.0426069790681845
0.0651542427355583
0.0445388266561008
0.0629802021740843
0.0629802021740843
0.0619434135107374
0.0248712924711212
0.0624316072344745
0.0354224940798469
0.0123442405558016
0.0455542855938939
0.0668802974032523
0.0250793581484248
0.00970200252000416
0.0523908767950023
0.0470181259031325
0.0610896046062878
0.0493640493640494
0.0161182127037601
0.0339682934916245
0.0469055259056173
0.0469055259056173
0.0469055259056173
0.0406258025629602
0.00509114602670953
0.032044255832402
0.0319820930602513
0.0328843670934606
0.00947604375698151
0.0393371129088359
0.0511735451331251
0.0431689602093343
0.0417947696731405
0.0415612856773646
0.0124620623998468
0.0405991504583054
0.0492380622873108
0.0370859373769847
0.0285053663698819
0.0265861027190332
0.0326490872210953
0.0290992078233003
0.00271801510733331
0.0181743798608259
