1
0.612244897959183
0.572531743983749
0.572531743983749
0.434782608695652
0.543114640577842
0.201975123805137
0.432888773811246
0.379746835443038
0.379746835443038
0.379746835443038
0.379746835443038
0.357142857142857
0.530958025380003
0.229578741725203
0.453361956622324
0.453361956622324
0.428519273547547
0.429375493649509
0.333416087388282
0.241935483870968
0.241935483870968
0.230127060778688
0.197647159202106
0.252100840336134
0.241369632332304
0.168379435509655
0.21978021978022
0.2734756881838
0.243236493315182
0.147995314594894
0.345236823867793
0.443095620493013
0.230713066074888
0.228661654028506
0.136978363244745
0.230182884057571
0.220938794423435
0.171267171736629
0.198295372022796
0.274787539904515
0.265392614140075
0.167121733155645
0.2435072470203
0.343186714360694
0.230939205452373
0.104550352168104
0.156389373822677
0.337383404726501
0.188279986603313
0.115691351795823
0.237058889323079
0.175277400372091
0.185515889595305
0.141764366061079
0.0968179325404143
0.16981191272623
0.129865263184681
0.22960001053914
0.251574901572371
0.207583628878227
0.207583628878227
0.139868407033307
0.134014107232329
0.134014107232329
0.250372690950133
0.248990109398527
0.192716851368773
0.137705780613717
0.138282664141928
0.164584931983329
0.200142134134756
0.0730148576121296
0.391801219728825
0.167739520725564
0.182214057407122
0.231279789870497
0.0978333875057689
0.129795534177286
0.152887083778885
0.186156612579775
0.13865016631402
0.11677816403377
0.124926255592892
0.118295062722578
0.233023699734484
0.233023699734484
0.202485773430104
0.0887044136320677
0.260516956674586
0.116601531771155
0.267479388118953
0.267479388118953
0.163720294812799
0.0823105193814576
0.146723126363344
0.0739216191568738
0.103853075944014
0.0865452414149375
0.0865452414149375
0.113986444393069
0.113986444393069
0.153798998392513
0.207638058709185
0.233473866936284
0.127895081189474
0.0175913717882597
0.142912295675432
0.141651498150913
0.202722424014059
0.095609782524596
0.095609782524596
0.095609782524596
0.208400090734287
0.0730919425904738
0.125158719766
0.0777977863488619
0.0777977863488619
0.13327788891852
0.200787273849723
0.178674047705809
0.148930735006953
0.188465401088003
0.0490281352989673
0.00946138578668111
0.0772505181103223
0.0914970846554155
0.123014098075493
0.0284639537036696
0.144816192452841
0.129343249574641
0.313979341112255
0.111782962483588
0.247748999211916
0.037362366187379
0.105758821502394
0.221887211568665
0.10493646283542
0.0633824105275268
0.0633824105275268
0.11389391949732
0.11389391949732
0.123730227209308
0.146350838356531
0.123408348107687
0.0817417359507155
0.0547165196449191
0.0755762102664861
0.106081137168557
0.133838074315724
0.143626377851162
0.0370938800983211
0.096083765141521
0.280256425668305
0.114670266247251
0.0548884885076677
0.0427786169659968
0.0868581261309102
0.0384858579495864
0.160117946173226
0.0664982114043044
0.0769800159704818
0.113815432540355
0.0729266780330758
0.0729266780330758
0.0729266780330758
0.105721892573412
0.0948397509869841
0.0648478159539493
0.124653739612189
0.129973664502178
0.0912769753654201
0.0381620549683374
0.160614782799549
0.0751638261445229
0.0983465868346277
0.0772732133159585
0.0772732133159585
0.0940551734822369
0.165615014894981
0.115110490295225
0.0577701036129419
0.0972101364451582
0.0972101364451582
0.0390992896333065
0.110594650621577
0.0753690908563426
0.178672998708569
0.127878661385334
0.0908081439522537
0.0657107594723701
0.131627319477431
0.113344880460005
0.0958163647031411
0.0425079483386331
0.0425079483386331
0.0813447172129223
0.0751001317677283
0.11530199444658
0.108707740213523
0.15515785257692
0.0753451364301147
0.02636874062293
0.0501359054946748
0.109970247253959
0.0516987538664641
0.0479425718716472
0.154709137309631
0.110344453164139
0.114190290962831
0.0853209221833904
0.0853209221833904
0.0322565191765996
0.0789686836256227
0.0337462049805235
0.0194040786700091
0.06951250923043
0.0246094033073019
0.0797187969242766
0.036897496765347
0.0767657859540392
0.0345761448297499
0.135706054552717
0.106645947020346
0.0363653554492148
0.141482468621518
0.053005698547163
0.146548024545736
0.100035569201514
0.0462827289710755
0.0920065018195639
0.0659549812318187
0.10474109675721
0.0152170211037449
0.173658968024372
0.028293150272895
0.140994747063636
0.115592379008624
0.128703632864258
0.109716311087142
0.0880887611493966
0.0861056340953546
0.088132367431107
0.119272973605531
0.017142233199857
0.0769328809895571
0.117723782313082
0.0530616620452277
0.0810574457829383
0.117805869921372
0.0257242816338199
0.0688689254501024
0.0631358965263586
0.105277166014343
0.02082975434357
0.0674585266618069
0.0602911298253854
0.0585302083204174
0.0461545548729126
0.139378828829868
0.014991057315516
0.0887670267956298
0.14331721788712
0.0867043166108965
0.0428761096488052
0.0428761096488052
0.0521566608570537
0.0685216287071932
0.0247776266254875
0.0831838200117011
0.0635512480388872
0.0644797919561965
0.0822849173533772
0.0819654046716597
0.027368266836956
0.0815642414092649
0.0436985745385015
0.0873551430463978
0.0922025347036027
0.0992722155345626
0.0832696790804857
0.0310997351931058
0.0299209441834205
0.0500126493926895
0.0938504273700839
0.0640656037464797
0.0664452810911897
0.0151302440249439
0.0151302440249439
0.00515339562791409
0.0159381344186886
0.0433560057429843
0.0167783017932575
0.056970744262817
0.0234201377328019
0.0477337576999169
0.0549673795937275
0.0664096095614039
0.0494134288985889
0.0494134288985889
0.100850583935574
0.0596515544189683
0.0484490632224254
0.0692304588060735
0.0417317833974485
0.0110071235776103
0.0328906657735011
0.0335856964321671
0.0610999241767589
0.0382562783113187
0.048252259717384
0.0515978050247243
0.105655115316523
0.0434290060696268
0.0434290060696268
0.0183390160172477
0.0676804456059502
0.0676804456059502
0.0638355430420447
0.0415194382264185
0.0223618089413922
0.0415897186988805
0.0171157995372612
0.042989661034908
0.0524188075791199
0.0493478867412029
0.0955340565964751
0.0368865400072822
0.0993239655643904
0.0579683613446245
0.0762732199698826
0.0693396341816999
0.0236281178392789
0.0514391835894054
0.0217462481786585
0.0431137369227352
0.0431137369227352
0.0404659065004538
0.140485388546138
0.0843331092900261
0.0528614927611443
0.0114286603505616
0.0114286603505616
0.0114286603505616
0.0631576939912569
0.0612791709901069
0.0569850839050155
0.0355401407894037
0.0499937545775013
0.00309494356802427
0.04492453865822
0.0660630152597894
0.0693250946640472
0.0323417461379565
0.0421115679430839
0.00631942553745699
0.046196161836333
0.0413667374631342
0.0398993943003571
0.0506362496925999
0.0465645965715245
0.0401981147609766
0.0210135037381683
0.0210135037381683
0.0605422687592068
0.0252504654077546
0.0284785744253429
0.0294067218493439
0.00968205389848742
0.00724480684430142
0.0106805420628378
0.057228402070547
0.024259951696936
0.0206631942436705
0.019483902935988
0.00921049359448761
0.02159142394921
0.019908253052445
0.0306858471308792
0.00688658165160629
0.0418549039042682
0.0558361857290791
0.0137735456692101
0.00186525473583283
0.00186525473583283
0.0236682573178234
0.0236682573178234
0.013591722433129
0.00777926612113131
0.00656657926473342
