0.274858412216332
0.224680755277998
0.366591022004193
0.250349570978897
0.258518444493707
0.258518444493707
0.294724647898936
0.211616687358737
0.0864343747317877
0.246415519065041
0.0469040044648952
0.207118353344769
0.0886372023997127
0.235450411602399
0.165933727662539
0.224950888344483
0.202730166449852
0.202730166449852
0.112187983320794
0.153125807793055
0.0856926562137893
0.229228221453789
0.129543334157381
0.0954731778109309
0.11226319080264
0.187396070867205
0.138920601377931
0.171224337236261
0.171224337236261
0.163151408168892
0.236318520470946
0.0632869969967819
0.157029648169046
0.12196127867848
0.21332894522625
0.132446286401038
0.0856765546327829
0.140290429696504
0.137068514774687
0.224694676770194
0.0816789608611724
0.188202460427627
0.144141046657086
0.200472127101832
0.148403063473534
0.218424179142793
0.127826227790935
0.105758440108865
0.202202493610414
0.101169997634525
0.0362776543848504
0.168537928806555
0.167944197690501
0.162514700319709
0.165021038407524
0.122032566192614
0.122032566192614
0.0934930897166775
0.132302976474569
0.103871888529053
0.141682789328149
0.116326385730642
0.118339858807078
0.12677527037327
0.137970561728908
0.12684438685774
0.175634529873349
0.160350494784472
0.101187676754802
0.161399342154369
0.123919207326193
0.134692311907619
0.0826070665946748
0.138007837562803
0.100164812638467
0.0476727496345644
0.137123108270604
0.126062497690223
0.0969370625426708
0.0744928492660384
0.169742828354767
0.120383333471689
0.0893456432770982
0.0701209771084737
0.0913795986550394
0.0980747124232162
0.0808004931284531
0.154769892415346
0.10471800075276
0.10471800075276
0.146886340021518
0.128375955428214
0.143788957779121
0.100894610880429
0.100894610880429
0.0859258732095724
0.117710379256138
0.0733839086470513
0.0688474494538522
0.13510807778019
0.120196269445374
0.120196269445374
0.0849846194495989
0.126112497435083
0.130717468359687
0.139398791218184
0.0273594005171414
0.113462825957334
0.0952769709370523
0.153699344219603
0.0968147454589017
0.104891773593864
0.109433027125061
0.129497932738431
0.0969702791187556
0.103929017741164
0.0661010054206383
0.0681957006631565
0.109973930186971
0.162115994864673
0.0439779212989143
0.115555307019179
0.125735526431234
0.083359266468755
0.133877683739341
0.112475955899193
0.108136025620372
0.119234678809227
0.117697235163279
0.145369926312296
0.158060684280103
0.0919651247835865
0.100959912716992
0.1098980064724
0.074717327952105
0.0985131191227431
0.0985131191227431
0.0922481669520306
0.0690274978596643
0.101930093831429
0.0931682050894276
0.103328493952782
0.12605182621301
0.12605182621301
0.0863931390684408
0.0576077043704789
0.0865333530742138
0.0872356125021221
0.0479255447157317
0.0747864809883452
0.0644760358362838
0.104263860191941
0.104263860191941
0.104263860191941
0.0728729017470093
0.0728729017470093
0.0553386430418197
0.103984674319889
0.130370143504873
0.0597125729580508
0.079535874405047
0.0908546392072544
0.101295534273576
0.114186045665106
0.0824747019674713
0.0824747019674713
0.0991918154871514
0.0547111794602373
0.117998093702972
0.101372143776
0.101312026179994
0.0661408273722013
0.0968712513637116
0.0401210081589481
0.0713874896278504
0.0968819275664574
0.0750507884366119
0.0155654674400651
0.0426786177186964
0.0765832553116462
0.10985263232285
0.0530585710660697
0.0992123994109229
0.0407383998191185
0.0299230283795764
0.0881470960708655
0.06271078874946
0.104727153493521
0.104727153493521
0.0743915092884792
0.0434469224919238
0.0434469224919238
0.0650325662933386
0.0714329981883102
0.0714329981883102
0.071983164635917
0.0670135608949297
0.0847778693231394
0.106263229039263
0.0878878452651
0.0815687951212496
0.0815687951212496
0.0815687951212496
0.0574189421135286
0.0979637892490028
0.0906124281316615
0.078147318910568
0.0832740618311137
0.10289676089272
0.101876596164516
0.0767300092013335
0.0874202646599652
0.138237175585044
0.0602036911847756
0.112940063359875
0.0969232691216194
0.0907502010326146
0.104286662700047
0.128520446721526
0.0806181797934363
0.123312622809594
0.0928112446305492
0.0255305430288417
0.0545933441946065
0.0888496376466464
0.0794050512460982
0.0577760177155425
0.0823121526418793
0.0935079012065936
0.0658410561775874
0.061703230762315
0.129191879829035
0.0614530492706171
0.138172667266049
0.0273579377343725
0.0598118648460344
0.0381435808842828
0.139786165373956
0.0841798669808044
0.046554142488387
0.0262164275111297
0.0824649566765041
0.0274598123342405
0.0596658900978553
0.0596658900978553
0.0455204025154274
0.129671767856591
0.0439138104950169
0.108443476964456
0.0556235741271279
0.0577409876749001
0.0585665761386117
0.0701112099313988
0.105335571194612
0.0658369705008874
0.0439026667817963
0.0239741495317772
0.0954795433521086
0.0653364681058116
0.0929468475455398
0.0386122135065607
0.0344481405173364
0.0579604735872033
0.0274891489943266
0.057251012266607
0.121597381973813
0.0491451337264467
0.0387346952310636
0.112730018287214
0.0949050949050951
0.0535939377370077
0.0535939377370077
0.0535939377370077
0.0474562741478334
0.0733878967876933
0.0733878967876933
0.0496031261310119
0.0423657131281058
0.0548985875362456
0.10607782115477
0.0586970291728757
0.0586970291728757
0.0327163602363961
0.0685677035999112
0.0668927699170012
0.107947295856989
0.0811338121008258
0.0360124465623158
0.0396906485506581
0.0671383425756805
0.0676715368338191
0.0676715368338191
0.065021601715187
0.0751836734450618
0.0527179910148774
0.0562976329848898
0.0816943694078326
0.0527097089555251
0.0884699280804493
0.0437048387516625
0.0437048387516625
0.0657257772071582
0.0420382389809939
0.0673907750886891
0.0650523962022712
0.0650523962022712
0.085412473032866
0.0768776831331509
0.0753888590789702
0.041904380394623
0.0409738159978966
0.0409738159978966
0.0899960393316062
0.0966355325949854
0.0688818428177664
0.0688818428177664
0.071809903870386
0.0422599456023909
0.0745378522923573
0.0856798535573201
0.0662000710291155
0.092287648212269
0.0597618687921243
0.0437388176287667
0.063152645623065
0.0683549138723697
0.0683549138723697
0.0535961001035002
0.0577596099952903
0.0768365710561538
0.0727393489280354
0.0853863782750673
0.0755894321731686
0.080776145134589
0.069551221592726
0.0490225717193471
0.062026474579821
0.0890822447938271
0.115378572443045
0.0747598029640488
0.0760150941256354
0.0760150941256354
0.0436761947978433
0.0436761947978433
0.0738474387738755
0.0738474387738755
0.0738474387738755
0.0898594935848234
0.058789339940982
0.0542051927677227
0.0542051927677227
0.0633254766242743
0.040228995112836
0.0416853919333733
0.05433895570125
0.05433895570125
0.0615306879602003
0.0349994757708702
0.0349994757708702
0.0662937263090898
0.0744896179964771
0.066492250921197
0.0673857464151594
0.0811544521119899
0.036410933276425
0.061065346369669
0.0799182193935642
0.0285500262526297
0.0478260356079843
0.0472438931355678
0.0586297241253822
0.0457376316094726
0.0504082793438163
0.0807405494135905
0.0592608307271107
0.0573712229223158
0.0573712229223158
0.0644992732798323
0.0611056576079776
0.07534522506201
0.0375192350159892
0.03109338238154
0.045529319247963
0.0607744074277515
0.0904773659792173
0.0580141242111219
0.10810201525285
0.0413233319237226
0.0413233319237226
0.0668945825551636
0.0541905564221501
0.0508718404200297
0.0221990716539839
0.0305309729394137
0.0226347136156065
0.0395348476183436
0.032180119965136
0.032180119965136
0.0672242899570278
0.0571491667801991
0.0927775635690845
0.0316663912302538
0.0566688102387314
0.0210939002804411
0.0800955521999975
0.0594564600603487
0.0594564600603487
0.0639179783200156
0.0639179783200156
0.045483264196423
0.0636926418009326
0.0385821406300195
0.0223524825065577
0.0445200318356894
0.0517139505143451
0.057782484424537
0.0568924388931955
0.0455420744516057
0.0590570456417165
0.0574084348716135
0.0754166582192733
0.0353268722373552
0.0746021917353764
0.0645172730643727
0.0590991592083622
0.0590991592083622
0.0470573701094815
0.0470573701094815
0.0523735813734638
0.0349418479311144
0.0825474416896421
0.0518466429878313
0.0442701577239547
0.0252641821597733
0.052805255592521
0.052805255592521
0.0477446958013854
0.0541030543861848
0.0380147445909128
0.0380147445909128
0.0164544540290379
0.0384774478449496
0.0569845390505045
0.024888858122934
0.0298260745626022
0.0298260745626022
0.0350671237218034
0.0318020740075293
0.0229123989721375
0.0193520962300394
0.0754185972602157
0.0420611364017974
0.0251594522357871
0.0577277831159726
0.0359579831770332
0.0132254399195826
0.0579529415494813
0.0558538034653616
0.0657950098635528
0.0089358133277378
0.0514264281958676
0.0388183788495863
0.0319618053321565
0.0268962816208159
0.046712283446574
0.0368386066565213
0.0213570111939819
0.0392159294603822
0.0325414060404605
0.0352009876257104
0.0274943251557818
0.0342061742292655
0.0284126960642159
0.0583602315481631
0.0485487182929805
0.0377243560403727
0.0308116056027649
0.0308116056027649
0.0477950939546823
0.0477950939546823
0.0313035296620589
0.0308640595774154
0.0308640595774154
0.0433928012655737
0.0330171607899652
0.0427117008561732
0.028505247833863
0.0394200697063933
0.0426907870531181
0.0426907870531181
0.0321440443937409
0.0321440443937409
0.0452133251992138
0.0190730810782739
0.0190730810782739
0.0424633233627098
0.016353373231191
0.0382992223872307
0.0410650688208941
0.0275385487437616
0.0450738711842235
0.0310022388435305
0.0398426008916279
0.0141893432001665
0.0141893432001665
0.047891213621467
0.0401283117048338
0.0401283117048338
0.0401283117048338
0.0399024712240401
0.0438218318396725
0.0244357838530681
0.0303420746707039
0.0243242205502514
0.0290431251700886
0.0126788049583963
0.0256907275639085
0.0271588275892799
0.0312549656287137
0.0346436713059262
0.0185157776582642
0.00493445977662995
0.0313397347975463
0.0313397347975463
0.014877811471226
0.0340351522239322
0.0140014218838464
0.0134006920539734
0.0245792397601123
0.0350194566174362
0.0110185149991384
0.0268257671985829
0.0161116554815509
0.00563644425733836
0.0179035976248916
