1
0.813486188795239
0.729166666666666
0.11564272411112
0.534351145038168
0.615703963913616
0.251915488679588
0.522748101494312
0.701418327364818
0.39135163782604
0.560364411254687
0.331260155392433
0.516245210269453
0.082362781076157
0.556928644310764
0.794865247564445
0.252868656668034
0.252868656668034
0.516944791753986
0.504611035344527
0.384676011205221
0.0164736838690138
0.399336605525859
0.222268805605427
0.462847104570475
0.0909928133986654
0.381804827044148
0.36728988913634
0.241855179165158
0.306743013220764
0.0855601919937178
0.483179396139258
0.256110247122159
0.344461690109683
0.185866269365825
0.239711286223423
0.236301445088311
0.128276760058823
0.253772853493974
0.110866303313903
0.156518769408989
0.156518769408989
0.320768107695481
0.177755272685944
0.212272371820912
0.163248206600002
0.204772566671689
0.170801445814702
0.287029517843808
0.12457606315199
0.343069032389839
0.197842768559628
0.016182611618513
0.200297585636486
0.37959703457935
0.152768691616343
0.138410506719467
0.10257051689736
0.115980856335545
0.29053086088575
0.211487376797426
0.295850533494763
0.139099850874445
0.392370155469428
0.30010904617694
0.312286766098545
0.1691011543448
0.354787282263
0.212246140622515
0.28412410408772
0.272444129728261
0.0938705742656864
0.207995975743929
0.259450753940496
0.24152850414214
0.183241150354453
0.16006350847395
0.163583359931908
0.122806295604385
0.239740466398848
0.201742732794785
0.120369768127641
0.128410956492017
0.215539204273618
0.272200160001154
0.148955161805061
0.217843530164793
0.1101128395168
0.0585708453487429
0.17090148311256
0.0441083230062515
0.0980549077122173
0.0293202004957088
0.0977398019111853
0.16607104899584
0.110796875269447
0.159003891274824
0.182722652379729
0.128496223984768
0.111950172683092
0.132873614523557
0.235492022412102
0.219510329817067
0.192508640610781
0.106602239418713
0.121699688568647
0.241340036481737
0.146909972198462
0.101697776112925
0.199356808779116
0.226013713151776
0.0842951053985141
0.170240517796963
0.214239872514995
0.194628261116371
0.24989781659352
0.139060504248347
0.170498860801996
0.289348116467585
0.166449463260375
0.0393316253305069
0.0673188170192822
0.0756600539948497
0.205350814536005
0.119623157347733
0.196803132806461
0.152363204028255
0.15402545323038
0.0772437649885266
0.023274020073971
0.0689633005556097
0.107708822343206
0.0534704732081081
0.0740028110102419
0.127193222506762
0.156221419425645
0.0924359514317816
0.141509433962265
0.246048235562938
0.18961801061859
0.149857372672098
0.149857372672098
0.127655328662284
0.127655328662284
0.104324602748725
0.0519570991951308
0.28604966199449
0.0386108928081127
0.151286583347503
0.0639706207445326
0.128725835057741
0.0341862345725185
0.0511244948432507
0.0688049902409897
0.0333303436763422
0.123514658731266
0.0901687027341477
0.107632603285499
0.0636717255865928
0.0636717255865928
0.122605535641034
0.0594362888667245
0.0562730061279478
0.0704164532001419
0.146554431119263
0.0924087394323098
0.14124486437328
0.0885378107887274
0.078149119025946
0.0627874480996489
0.0577184872725477
0.0964404143381768
0.0660377077888929
0.026704948872024
0.051968538323745
0.186989328614872
0.084207018594336
0.104549365601825
0.109918194102113
0.0734622182895546
0.0798624060544925
0.0576002874046089
0.131622693399604
0.0705789673350181
0.0404350006588215
0.0583476110865599
0.0584764976013522
0.0588004409343661
0.0446571217211435
0.056282835433539
0.145787824584969
0.0915314852502419
0.0295417183289799
0.0511093739684759
0.0615490480923617
0.0990392998077674
0.128472799960772
0.0717645674631922
0.139481155669998
0.0289432983515158
0.0220869737395004
0.0679167513204986
0.0140460699830694
0.100256580236953
0.103799874593023
0.0326817680899658
0.0535216311799964
0.0540467977952324
0.0350859261122232
0.110935023771791
0.0576907836630798
0.114839285194997
0.0710699287537179
0.06963592091228
0.0701512535366834
0.0455544772246027
0.0409908037761295
0.041390362994745
0.105175875170361
0.0259687723202085
0.0637797460563332
0.105366156203981
0.052136863581279
0.0967950517104783
0.0206943153133747
0.0654477655291722
0.056033804218553
0.0277131837867486
0.0358404851657467
0.0935675313487125
0.0809352517985611
0.105633257679045
0.100329829109773
0.0660202264583742
0.0660202264583742
0.0550396126206414
0.0784902976074506
0.0499121294916651
0.07796542466207
0.0858839678016294
0.0858839678016294
0.0540955188986732
0.0428987670814718
0.117351469163707
0.101614931327873
0.0494774489141426
0.0660594184482608
0.0767350014732213
0.0835986993358889
0.0835986993358889
0.0675237413201594
0.0460459521988696
0.0694061332025305
0.0588648421480168
0.0213055066646471
0.0206735078821948
0.0829522848134762
0.0980050434268194
0.0631171686996931
0.0480528588624076
0.0129601191513172
0.0681686238657802
0.00876208620322885
0.00399161061300791
0.056656824250714
0.0651890524440106
0.0651890524440106
0.0498270226695327
0.086233227342199
0.0111836103932917
0.0505962431492279
0.0602413379144762
0.0532358493742868
0.0560423781079671
0.0110172417844616
0.00985984212268335
0.0389406383286822
0.0372702915681639
0.020549185896588
0.020549185896588
0.032811114454689
