TARA_150	TARA_152	TARA_68	TARA_70
3712785	17	21	20	34
1668467	10	19	15	22
2581710	15	25	16	26
2943775	10	17	22	35
4568850	13	20	16	26
645165	16	19	14	21
6526736	22	26	22	28
3861911	15	27	14	23
4142414	13	28	17	24
2374251	12	19	13	20
3354903	19	24	16	27
4850978	9	27	17	21
1608082_1	21	25	24	27
1608082_2	21	25	24	27
946429	12	23	18	25
4062622_1	11	19	12	20
4062622_2	11	19	12	20
2696981	16	21	13	30
5549985_1	18	26	26	28
5549985_2	18	26	26	28
4729925	20	30	19	24
354534	16	25	14	23
1095588	16	18	20	21
6545503	13	24	19	32
2290201_1	12	24	12	29
2290201_2	12	24	12	29
4836095	13	24	21	23
5601439	25	22	19	24
2750747	17	30	22	29
3173261	13	31	18	25
4623831	15	32	19	27
3208777	11	22	21	31
3638434_1	12	26	14	34
3638434_2	12	26	14	34
4612058	17	20	18	24
1022511	15	26	17	27
6327024	16	19	18	21
6372112	13	22	21	19
5613465	13	25	19	19
3848303	18	24	17	23
2569418	15	16	21	19
2576068	16	23	18	26
3073348	10	21	19	22
131912	17	29	13	37
4290763	19	24	18	32
4433660	16	32	23	38
3302253	14	32	17	29
4338986	15	20	18	31
696426	10	28	22	33
4228970_1	16	18	18	27
4228970_2	16	18	18	27
420740	20	25	22	37
3003788	15	19	17	19
4179674	22	23	27	23
6076260_1	11	19	16	26
6076260_2	11	19	16	26
5765722_1	14	22	20	25
5765722_2	14	22	20	25
2919470_1	14	27	20	30
2919470_2	14	27	20	30
4389070	12	27	12	39
5238133	9	25	14	26
248006	13	24	13	25
936201	12	21	16	23
2524634	12	21	15	17
3505059	20	26	25	22
1252513	16	18	20	17
5574826	21	35	17	30
6070329	16	22	27	27
3537735	13	27	27	21
2824277_1	12	33	16	32
2824277_2	12	33	16	32
2824277_3	12	33	16	32
3337603	12	18	14	28
6590163	18	30	23	32
4416762	15	21	12	19
3914457	15	22	17	34
5530380	12	25	24	25
1619793_1	15	20	18	22
1619793_2	15	20	18	22
5527295	13	22	12	20
2652430	17	17	25	37
4658582	17	20	18	23
4014397	13	22	21	38
477290	11	26	21	30
2207666	14	22	14	23
3519555	16	25	13	32
2583621	22	23	12	31
3063284	14	26	12	23
979301	23	30	13	29
1404992_1	15	21	20	28
1404992_2	15	21	20	28
4147474	21	31	20	25
3582940	13	31	17	25
5547385	17	28	17	31
3718017	24	32	18	34
1225944	19	23	13	26
4261768_1	10	19	22	19
4261768_2	10	19	22	19
4136579	18	26	25	25
3101943	20	20	16	24
961406	23	30	17	30
6459610	22	31	19	31
3047514_1	12	25	25	21
3047514_2	12	25	25	21
634912	9	24	18	20
4343795	9	24	18	22
6144543	14	16	16	32
2285286_1	16	22	17	25
2285286_2	16	22	17	25
2450523_1	22	18	15	31
2450523_2	22	18	15	31
2814802	15	23	13	27
1662257	17	29	21	39
4856056	11	22	16	32
2958031	13	18	12	24
3239872	14	32	27	30
1135034	16	25	21	23
5936240	16	18	22	17
2365601_1	17	29	17	32
2365601_2	17	29	17	32
4828071	16	23	17	23
3932950_1	19	18	16	17
3932950_2	19	18	16	17
3932950_3	19	18	16	17
2566422	18	24	23	36
4712381	11	18	15	27
1360256	16	22	27	19
6065292	12	25	18	40
4696425	11	21	16	26
4151732_1	13	16	14	26
4151732_2	13	16	14	26
4729023	22	30	28	31
4600911	16	28	26	23
3964656_1	21	30	14	40
3964656_2	21	30	14	40
4072356	15	32	15	31
5833973_1	12	21	23	27
5833973_2	12	21	23	27
3858753_1	16	27	16	28
3858753_2	16	27	16	28
3858753_3	16	27	16	28
2242265_1	14	24	12	22
2242265_2	14	24	12	22
5450929	11	21	13	21
942245	10	29	13	24
4054792_1	12	28	18	37
4054792_2	12	28	18	37
494014	11	25	17	27
4058730	19	15	15	28
3039906	23	26	18	23
2866296	14	27	23	34
6473312	12	35	24	28
1886915	15	23	16	18
948047	18	29	19	28
5816932	19	23	16	24
5441517	21	32	20	29
6345639	16	22	22	36
4736975	19	32	18	33
5742845	14	25	15	28
1732561	20	29	14	30
4694712	9	23	21	21
5443950	13	23	14	17
4134949	18	25	21	20
5190629_1	18	24	16	19
5190629_2	18	24	16	19
4537803	16	20	19	25
566914_1	15	18	12	21
566914_2	15	18	12	21
4794491	16	27	26	29
4530185_1	21	27	19	34
4530185_2	21	27	19	34
4609241	17	31	17	35
4617592	18	21	15	23
1719801	19	20	21	40
1699729	13	23	14	21
3014258	16	16	20	24
1506995	13	32	20	23
538406	16	27	21	19
6041397	16	21	25	26
5385260_1	11	17	13	21
5385260_2	11	17	13	21
3101438	21	22	21	39
2652604	15	18	21	19
2149387	19	29	25	36
2982029	17	32	16	29
4885074	19	25	21	34
1120878	20	29	21	23
4002668	11	17	16	21
1700515_1	11	21	21	25
1700515_2	11	21	21	25
6162068	15	20	18	23
4290153_1	13	24	24	32
4290153_2	13	24	24	32
2276168	15	27	13	29
3687545	16	21	14	22
4833808	12	19	19	37
6029879	25	35	24	31
6134678	11	22	12	22
5621270	19	21	14	17
3304262	15	21	18	29
3639609	25	25	12	35
5162204	15	26	18	34
2840368	19	23	19	25
4994048	15	28	19	28
6500317	13	17	17	28
5473121	24	23	19	32
211691_1	16	35	15	32
211691_2	16	35	15	32
4105806	20	23	18	28
4664312	20	21	15	26
6351439_1	18	24	22	26
6351439_2	18	24	22	26
5726877	20	34	24	31
5532435	22	35	15	27
2678827	14	19	16	24
4497224_1	18	28	18	29
4497224_2	18	28	18	29
1244365_1	23	29	25	23
1244365_2	23	29	25	23
4549379_1	25	28	21	28
4549379_2	25	28	21	28
4353692	24	30	25	26
1664294	12	22	24	21
4458163_1	18	26	18	23
4458163_2	18	26	18	23
619938	13	18	13	33
6077305	14	22	14	25
2948821	21	20	16	25
10554_1	11	30	13	24
10554_2	11	30	13	24
3476188	15	20	21	27
1004744	17	26	24	29
4636892	18	28	19	32
4846670	19	18	15	35
4589107	15	17	18	27
4524414	12	18	21	29
4836852	15	26	19	30
6374147	16	28	17	38
3214884	14	23	17	32
6431139	13	27	17	23
6416653	22	24	19	26
2084648	18	32	17	29
5588639	22	17	15	29
3455039	10	24	16	17
4882875_1	12	25	21	36
4882875_2	12	25	21	36
3015536	18	30	19	35
2770933_1	25	31	16	39
2770933_2	25	31	16	39
4689253	12	32	22	26
4124456	14	20	14	22
1648941	14	32	18	41
5017870_1	24	29	20	41
5017870_2	24	29	20	41
2548559_1	17	30	22	33
2548559_2	17	30	22	33
4728704	23	23	26	27
3286646_1	17	19	20	17
3286646_2	17	19	20	17
3660063	17	35	17	29
5548999	25	27	17	35
6415898	16	25	24	21
2555490	15	15	18	19
1684858	14	26	24	20
3324647	14	16	24	22
6117610	24	26	16	30
2815984	20	32	18	31
3781219	13	25	16	35
4468119	14	27	25	37
6150418	15	33	26	26
4995331_1	19	16	23	24
4995331_2	19	16	23	24
6208344	11	24	14	22
601193	18	26	21	31
2870855	20	18	21	31
4089514	15	31	18	22
4303529	23	22	15	29
6187339_1	11	29	16	26
6187339_2	11	29	16	26
3209310	20	21	23	31
2000036	11	20	16	21
3973392	11	27	21	33
5602909	15	29	27	36
4771694	19	25	21	30
2382648	13	22	24	27
1509067	18	33	28	30
4019306	12	17	18	19
1080210_1	15	29	20	22
1080210_2	15	29	20	22
1521920	17	24	20	20
4176983_1	18	25	23	39
4176983_2	18	25	23	39
735994	11	25	21	17
1717945_1	14	33	26	29
1717945_2	14	33	26	29
2585168	22	26	19	29
5414272	19	30	23	41
6162153	22	24	21	23
1650918	14	28	18	36
1985303_1	15	21	18	19
1985303_2	15	21	18	19
1985303_3	15	21	18	19
4806208	20	33	25	28
4117136	19	24	16	18
1591262	14	27	12	20
5545194_1	18	15	17	20
5545194_2	18	15	17	20
5545194_3	18	15	17	20
4797094	14	22	22	27
1468420_1	19	27	25	22
1468420_2	19	27	25	22
4393986	16	27	17	30
4808286	20	25	20	27
5971023	17	33	21	21
2368987	16	28	20	39
1592247	11	28	18	25
181556	14	35	14	24
6164797	16	20	16	29
4833231	13	30	20	38
1606757	18	31	18	25
6269954	17	17	17	26
2370689	16	19	23	31
3107005	21	22	19	21
5738643_1	19	27	14	26
5738643_2	19	27	14	26
3724624	23	28	23	29
4466290	14	22	14	22
783309	23	17	23	30
3066817	24	25	16	20
4779320	21	29	24	27
3896486	12	33	12	35
3430603	14	32	19	25
3106324	15	20	15	19
3658496_1	18	29	18	26
3658496_2	18	29	18	26
5653939	23	28	19	28
4280735_1	17	29	15	21
4280735_2	17	29	15	21
4280735_3	17	29	15	21
3894669	13	17	22	24
2997274	10	18	24	32
5909323	18	25	16	41
4067539	14	28	20	33
5228876	19	19	25	28
6531796	15	18	20	17
1586754	17	31	12	38
6033817_1	17	20	24	17
6033817_2	17	20	24	17
6516574	21	27	25	25
1174295_1	10	19	19	20
1174295_2	10	19	19	20
4888511	14	22	20	24
2320437_1	21	22	15	26
2320437_2	21	22	15	26
3092722	20	16	16	23
5121141	14	21	19	22
2612284	20	29	17	32
5541781	10	16	24	22
6341213	16	22	19	22
3919417	16	31	14	21
3714050	9	30	15	23
5591420_1	23	29	21	38
5591420_2	23	29	21	38
6434355_1	17	29	22	41
6434355_2	17	29	22	41
6462039	19	26	16	31
6523077	11	27	26	25
1719272_1	20	25	17	21
1719272_2	20	25	17	21
6054813_1	16	21	25	35
6054813_2	16	21	25	35
6054813_3	16	21	25	35
564089	14	34	16	24
6045004	18	26	12	20
3683686	14	15	12	26
4674751_1	17	23	20	25
4674751_2	17	23	20	25
3293227	16	23	14	25
2274495	13	17	17	20
5580024	17	16	19	22
3482139	19	27	23	37
1633797	15	23	27	30
2788036	17	31	18	23
3212312	21	29	16	31
2663863	9	22	20	26
4621428	9	21	21	32
2724124	17	31	27	29
3620110	24	26	20	31
5530138	14	31	25	25
499527	15	26	18	34
4765914_1	11	26	12	26
4765914_2	11	26	12	26
3957611	20	28	17	35
6281943	22	33	19	29
3105009	18	21	19	20
6492842	15	22	12	20
3412013	13	27	22	18
6488784	11	19	17	17
3921966	16	32	15	36
3842001_1	19	22	14	35
3842001_2	19	22	14	35
2375711	13	27	21	29
2761173_1	12	24	24	31
2761173_2	12	24	24	31
2382965	14	32	17	34
1906683_1	15	26	23	31
1906683_2	15	26	23	31
4417463	18	26	25	25
1358669	20	23	19	30
4718001	12	22	13	27
6197827	16	22	25	19
1446400	11	25	21	27
4322674_1	16	22	22	34
4322674_2	16	22	22	34
4049862	14	16	25	30
3729111_1	17	23	21	29
3729111_2	17	23	21	29
4121187	19	23	13	24
3323288	11	28	16	25
4811182	16	17	20	30
4471296	22	30	26	36
3899908	11	25	21	37
1445199_1	23	27	16	30
1445199_2	23	27	16	30
1724377	18	28	20	24
5163849_1	10	18	15	24
5163849_2	10	18	15	24
5855404	14	24	16	19
3596728	15	16	24	21
3858126	10	20	23	35
1408905	17	34	15	26
6515123	24	31	19	35
1908444	22	28	21	39
6444003	18	22	15	30
1172067	15	16	19	25
4284110	17	26	14	32
4875057	20	26	16	25
1112193	17	31	26	18
2201619	19	32	25	25
6443045	16	18	13	23
5955239	22	30	25	29
5422257	16	24	15	40
6432238	15	28	22	25
1247430_1	22	19	19	22
1247430_2	22	19	19	22
1129611	21	22	25	33
5137169	18	22	16	29
2053768	22	18	17	28
3088139	17	19	17	24
2611586	18	29	13	27
4653747	18	22	25	23
3579151	20	27	27	30
4511810	16	17	22	20
3067530	22	27	25	28
2953825_1	17	18	23	32
2953825_2	17	18	23	32
5138415	15	15	18	31
3064072	19	31	22	32
6293960	14	17	20	24
6277068	15	21	19	29
1615809	17	22	21	27
1088956	14	28	17	17
176469	10	32	16	28
5951711_1	13	23	20	18
5951711_2	13	23	20	18
5951711_3	13	23	20	18
2554266	15	34	25	26
1922927	21	32	18	34
4495124	13	26	18	26
3482443	25	21	24	24
3060626	21	32	17	26
5717249	9	15	23	24
1631259	15	25	23	24
5690886	19	33	18	29
590500	18	29	18	24
4794557	20	16	16	24
2661947	13	31	21	34
2997842_1	13	29	24	29
2997842_2	13	29	24	29
6078202	18	28	20	25
2441373	14	26	20	18
5932313	22	26	15	20
4462992	20	27	19	27
4653653	22	17	21	33
3062943	21	25	19	35
74354	19	21	27	26
6177368	16	25	23	36
3383847	19	19	18	23
1603063	22	33	20	34
1180662	19	17	20	20
1511491	11	29	21	26
5887926	15	33	14	28
6127168	11	22	15	36
4607108	19	19	14	18
2502622	20	31	19	25
6329994_1	24	30	26	25
6329994_2	24	30	26	25
6329994_3	24	30	26	25
3791567	17	28	26	27
2931415	15	27	13	31
2468103	10	16	18	27
2351273	24	31	22	34
728212	14	20	23	41
4186348	22	24	20	28
5554980	14	34	26	29
4740419	25	23	18	29
5283222	13	29	23	21
4039605_1	24	31	12	33
4039605_2	24	31	12	33
1096003	13	30	25	17
1071317	16	19	17	25
6527365	21	34	21	27
3474879	20	27	19	27
2426226	10	21	18	21
4874108	16	23	24	38
4728200	15	28	18	28
5839202	9	20	18	32
2321086	17	16	26	22
6619241	22	27	24	33
3962804_1	15	31	21	36
3962804_2	15	31	21	36
3079970	20	34	25	38
4304082	20	24	17	29
3104688	17	29	25	21
6375553	16	17	21	22
4646725	19	34	25	32
795596	20	31	27	35
2253629	14	17	26	28
2269217	23	25	14	37
1784060	12	15	16	27
5324441	10	23	22	29
5735510	13	26	21	30
600339_1	12	21	16	22
600339_2	12	21	16	22
2897732_1	13	26	16	31
2897732_2	13	26	16	31
2897732_3	13	26	16	31
3940614	11	18	22	18
1716818	18	19	20	29
5271177	18	30	26	34
3114083	24	27	23	38
4228991	17	25	25	18
5406302	12	26	17	31
3212379	19	27	21	21
1281577	17	22	24	39
2352980	23	23	18	26
4744701	20	29	19	31
2418025	12	21	14	26
1683833	19	22	19	20
6149387_1	12	22	26	36
6149387_2	12	22	26	36
6330651_1	14	32	21	26
6330651_2	14	32	21	26
1058259	21	29	27	34
2739824	21	26	23	28
496126	17	25	18	24
4078479	17	34	21	27
799422_1	18	31	22	39
799422_2	18	31	22	39
4850379	14	29	13	23
6319693	19	32	20	23
2215200	14	27	14	18
6438026	25	32	22	33
3277913	19	22	15	24
2353610_1	15	19	15	20
2353610_2	15	19	15	20
324410_1	12	26	24	21
324410_2	12	26	24	21
2620442	18	27	21	35
5423681	23	24	16	30
3271047	19	17	26	34
4297184	11	31	17	25
1308095	15	20	19	26
5565062_1	18	22	25	32
5565062_2	18	22	25	32
1187007_1	18	19	16	21
1187007_2	18	19	16	21
1187007_3	18	19	16	21
1353730	18	22	21	20
1859714	14	32	13	30
6512696	20	18	22	38
3115541	15	19	16	19
2705881_1	16	24	16	29
2705881_2	16	24	16	29
2827539	18	20	16	27
2026189	9	30	23	32
6229285_1	16	35	22	31
6229285_2	16	35	22	31
6229285_3	16	35	22	31
3945673	12	27	19	36
6034643	12	26	27	25
4259388	13	25	15	29
5969086_1	22	21	17	27
5969086_2	22	21	17	27
4495160	13	18	17	33
1644259	16	16	26	26
4570569	20	20	20	17
4846741	16	33	23	29
4589312	12	25	22	35
1235386	17	22	24	38
2874254	17	19	27	21
3875655	18	31	15	24
3900037	17	21	16	29
3084406	19	26	18	33
1904256	21	22	17	29
6205239	11	34	19	28
1876970_1	16	22	18	22
1876970_2	16	22	18	22
1876970_3	16	22	18	22
6099956	18	31	20	30
4062598	19	30	20	20
1229917	17	17	19	35
4214530	14	35	18	26
3199210	20	23	25	31
5913403	21	26	18	32
4717996	16	17	22	18
5602776	21	25	17	25
4728445	12	27	26	22
1606995	13	23	19	38
1059310	21	17	20	19
4322694	12	18	26	28
3312591	20	29	19	27
1711096	10	19	16	27
3566970	16	17	27	30
4067538	12	18	23	23
3367624	9	19	15	31
5807959	14	22	26	29
4242235	15	33	18	25
4633685	18	27	23	33
2019805	15	18	24	30
1143102	13	31	23	29
5439610	15	26	28	27
3409499	23	22	22	21
1462284	21	27	12	37
4507685	12	20	26	37
1198259	11	19	13	29
3897285_1	17	28	14	31
3897285_2	17	28	14	31
4648244	22	26	19	24
2288884_1	20	30	25	30
2288884_2	20	30	25	30
1263734_1	16	34	25	24
1263734_2	16	34	25	24
1263734_3	16	34	25	24
4115757	22	25	27	33
4253994	22	30	23	36
1728655	23	29	19	39
1617347_1	21	17	13	26
1617347_2	21	17	13	26
1617347_3	21	17	13	26
6179396_1	15	24	25	27
6179396_2	15	24	25	27
1109672	25	23	26	37
5546334	25	25	18	28
5125717	18	28	22	22
6148468_1	18	34	24	23
6148468_2	18	34	24	23
3015052	20	34	23	37
3412402	15	34	21	25
3855779	12	17	26	36
3753520	15	24	19	32
6172197	20	25	28	24
22012	24	28	16	29
4267465	18	33	16	32
6437812_1	13	22	16	20
6437812_2	13	22	16	20
1883446_1	9	24	16	21
1883446_2	9	24	16	21
1883446_3	9	24	16	21
1643587	10	21	26	26
4850693	16	27	26	36
6362256	18	26	27	26
2563096	22	25	17	20
3874286	17	29	14	29
5287638	23	27	22	38
2303909	12	23	18	25
3281913	16	34	18	31
1087795_1	19	29	28	40
1087795_2	19	29	28	40
4625174	24	33	15	29
2020061	17	22	27	34
713331	13	22	19	20
1185825	16	18	19	19
3663111	18	21	14	22
1057745_1	13	26	22	25
1057745_2	13	26	22	25
3200491	10	16	16	21
1048834	11	32	13	32
6392322	23	21	16	29
4693899	15	19	24	22
1035713	21	30	26	37
1247541	21	21	15	33
4679554	21	31	21	35
1621247	20	31	28	22
4502900	13	27	25	34
6456812_1	22	20	22	24
6456812_2	22	20	22	24
5872440	10	29	21	21
6314158	12	23	16	35
3914228	20	25	24	22
1088107_1	21	21	15	26
1088107_2	21	21	15	26
247848	12	21	18	41
1054078_1	19	29	27	30
1054078_2	19	29	27	30
2955765	16	24	20	31
4469986	16	25	27	23
183884	14	23	28	26
4828552	12	33	19	27
4195187	18	30	21	36
3890831	16	25	18	29
2196917	18	24	21	33
5456325	11	22	15	22
6402870	17	31	23	24
3991389	16	24	18	29
5078769	16	31	17	24
4534950	19	29	16	33
3741737	23	25	20	22
2912793	13	18	19	38
1830829	14	24	24	25
3234392	16	30	21	25
5192040	15	25	17	37
4908154_1	14	20	23	34
4908154_2	14	20	23	34
5413215	22	21	16	32
2863831_1	20	23	22	30
2863831_2	20	23	22	30
5965042	19	22	17	37
3004904_1	16	27	25	38
3004904_2	16	27	25	38
3004904_3	16	27	25	38
6296581	13	19	19	27
1842952	17	28	23	25
2648255	12	19	21	23
2429914	16	22	18	34
1437637	14	18	23	23
4260707_1	24	27	26	33
4260707_2	24	27	26	33
381641	9	22	16	30
4599345	20	27	20	30
1741453	25	23	28	31
2881560	20	31	13	27
1633901	21	20	28	30
1064156	21	16	14	26
4173914	17	21	12	26
5909795	12	17	26	24
6329817	13	22	14	38
6466536	17	19	18	29
6128475	18	21	27	24
5997846	14	34	25	30
5236111_1	24	24	21	22
5236111_2	24	24	21	22
4387325_1	24	27	23	35
4387325_2	24	27	23	35
3326161	21	21	25	33
4457346	22	21	19	37
1302161	18	29	17	30
5568298_1	14	25	16	30
5568298_2	14	25	16	30
2542838_1	9	18	16	32
2542838_2	9	18	16	32
2542838_3	9	18	16	32
4763479	15	22	23	32
6415711	16	16	19	28
4089129	15	19	21	18
3585750	21	21	26	31
1507149_1	23	28	19	21
1507149_2	23	28	19	21
1507149_3	23	28	19	21
3009892	13	21	17	27
2231283	16	23	22	24
2938564	11	23	16	19
5347909	13	20	25	19
4157621	20	24	17	33
3851805	19	29	19	41
6066422_1	17	29	27	24
6066422_2	17	29	27	24
4670041_1	22	23	26	32
4670041_2	22	23	26	32
1361435	18	21	16	20
4598595	12	19	19	35
3895600	19	32	21	27
3407259	23	27	18	24
584571	17	28	17	25
3848680	21	30	14	35
4915551	15	21	22	27
3752703	9	17	21	22
5245903	13	29	19	38
2439360_1	24	34	17	34
2439360_2	24	34	17	34
4879653	12	24	17	23
3492893_1	24	24	26	35
3492893_2	24	24	26	35
5145925	19	20	23	31
2700123	13	25	17	38
4791909	25	22	20	35
4649703	19	20	26	31
3890593	22	22	19	27
5798233	15	23	22	23
2913189	16	25	17	32
2171204	12	35	17	27
160013	11	19	15	23
1041548	16	24	21	28
3761893	12	16	13	23
2074262	11	29	12	22
840441	20	30	20	33
4486982	18	23	21	28
2427586_1	20	32	25	35
2427586_2	20	32	25	35
4227552	10	23	17	21
3519893	19	33	28	32
2388003	18	21	21	25
3999244_1	12	22	23	29
3999244_2	12	22	23	29
607560	19	18	28	25
3339044	15	24	14	25
1609654	25	23	19	32
6449780_1	14	24	25	34
6449780_2	14	24	25	34
805670	13	22	21	24
5206701	15	27	25	23
1410568	21	24	21	25
3433502	12	29	22	36
3504073	10	23	19	33
2893642_1	22	28	23	35
2893642_2	22	28	23	35
3323049	19	19	22	28
6513681	20	29	22	40
4496448	11	34	22	27
2491265	17	21	22	28
4154946	25	28	26	36
1930367	16	22	19	33
1379755	18	25	20	33
4631301	18	30	21	29
3565309	21	29	15	35
6341180	13	25	16	26
3862459	14	25	27	18
5925258	14	26	18	28
4241640	24	23	20	21
6302183	24	17	20	29
1673446	18	21	22	32
4640195	12	29	17	26
5297125	17	31	18	24
2580183	16	31	19	41
6162690	15	20	25	33
5049660	20	21	19	32
2583245	15	25	26	35
2397635	12	25	27	22
5537744	19	24	21	19
4110716	14	29	19	37
4758905	19	33	16	38
2982554_1	22	26	22	31
2982554_2	22	26	22	31
2982554_3	22	26	22	31
2474457	18	21	22	32
5513728	21	26	26	34
4835650	20	23	23	31
1277228	16	34	24	33
4192527	24	18	19	33
4701301	11	22	15	21
4700429	22	24	20	34
679616	11	29	21	33
6164454_1	23	26	18	28
6164454_2	23	26	18	28
6042421	19	27	28	31
6163799_1	17	31	26	34
6163799_2	17	31	26	34
1367448	17	24	15	38
1778090	22	28	22	37
4883758	23	20	26	34
4363538	18	32	23	24
3468524	21	30	14	27
4251168	22	23	21	35
2192508	17	19	17	37
1718033	21	27	21	21
3002525	17	32	15	39
15568	25	27	21	28
4099650	9	24	18	32
6280460	19	30	16	29
5557061	19	23	20	32
1912884	23	23	22	40
1616761	19	19	23	23
6332589	16	21	23	40
4314071	21	34	20	27
4326431	22	26	26	35
4621813	13	26	21	31
2868549_1	22	22	20	31
2868549_2	22	22	20	31
6533274	19	21	25	27
1593066	19	30	27	32
793262	17	25	14	31
5977881	19	31	18	32
4492771	16	15	18	26
4737465	21	21	27	22
6317654	15	27	25	37
338027	16	28	20	26
4167336_1	22	32	28	34
4167336_2	22	32	28	34
4167336_3	22	32	28	34
3315971	25	29	26	32
6431925	15	21	18	31
3274029_1	16	26	12	25
3274029_2	16	26	12	25
1292712_1	14	16	22	21
1292712_2	14	16	22	21
1855085	18	33	21	34
3347224	19	15	19	31
5770254	18	27	23	30
1719694	17	31	21	30
4315869	13	25	20	41
6025069	20	21	22	22
6064367	14	20	13	18
389820	20	28	20	22
2911289	18	21	20	20
471103	17	30	26	29
1716377	23	27	25	33
2786448	23	25	21	30
6175181	20	18	20	23
5686063	21	27	25	23
6544273	22	33	16	29
4189211	25	25	17	35
4070463_1	25	28	27	37
4070463_2	25	28	27	37
4755760_1	24	29	19	41
4755760_2	24	29	19	41
5236380	22	31	13	32
6040983_1	16	26	15	39
6040983_2	16	26	15	39
6040983_3	16	26	15	39
2109599_1	24	18	17	27
2109599_2	24	18	17	27
4708045	16	22	18	26
3634713	13	27	27	38
6057871_1	19	28	26	28
6057871_2	19	28	26	28
2858172	13	27	14	26
2862313_1	16	32	20	28
2862313_2	16	32	20	28
4688676	20	18	14	20
2948596	17	25	23	32
3019880	22	28	26	31
512798	24	30	22	34
347626	12	24	15	31
4065349	13	29	20	19
1458399	21	24	27	34
4860643	18	24	12	23
2946117	15	26	15	37
2187865	18	28	18	19
230735	18	21	25	20
2743980	14	23	12	25
3464781	15	27	12	26
5384629	10	20	12	27
3424764	20	27	22	37
1072767	13	23	15	34
5076925	22	27	20	31
1296828	21	21	20	31
3813802	11	17	20	29
4505048	20	30	16	28
4658851	11	16	14	20
4422169	15	31	21	24
5603173	17	23	19	30
4640755	22	23	17	27
4186818	15	27	26	34
1305356_1	21	35	22	30
1305356_2	21	35	22	30
1782807	18	24	13	23
4311596	24	34	20	32
6545638	17	19	21	19
5340817	14	29	18	29
4270301	23	23	14	21
4060033	16	20	17	32
3711423	21	27	24	34
6160314	22	24	26	34
5864744	13	31	21	35
201837	14	16	19	35
143129	21	29	16	35
2689023	16	15	18	24
2215285	12	34	14	30
5798481	18	27	27	21
4728997	19	22	28	35
4200362	22	21	18	39
3019272_1	17	17	22	21
3019272_2	17	17	22	21
5670793	25	27	22	37
3118981	11	27	21	39
5688327	19	19	27	34
1735149	15	17	15	21
5793447	17	29	18	35
4644766	22	27	19	21
3691395_1	11	25	18	25
3691395_2	11	25	18	25
4761434	19	16	19	27
2850376	16	27	28	23
6550132	13	34	15	29
2340900	12	31	19	22
1393538	15	30	19	28
2485613	17	23	18	28
5535247	23	22	21	23
1368210	13	35	25	36
4641170	15	28	22	40
3736790	14	25	23	25
6619566	16	34	26	40
5537250	24	17	19	32
5977088	17	19	21	24
3042122_1	11	19	20	22
3042122_2	11	19	20	22
2198768_1	23	22	22	21
2198768_2	23	22	22	21
736685	15	32	19	25
1163049	19	29	28	32
868654	18	33	13	39
6050013_1	23	24	18	22
6050013_2	23	24	18	22
2079824	18	24	15	19
5764619	10	25	17	17
1735770	17	26	21	38
1332813	17	22	21	24
3861396	17	31	14	33
2816841	23	26	23	37
4424255_1	23	27	20	40
4424255_2	23	27	20	40
4424255_3	23	27	20	40
4685763	21	28	24	31
3864345	10	22	17	21
2126403	11	17	21	20
1757910_1	16	20	16	23
1757910_2	16	20	16	23
4483223	16	31	19	31
1042814	9	23	25	37
4630593	23	27	27	27
1733737	16	26	14	28
4179282_1	24	25	15	36
4179282_2	24	25	15	36
4179282_3	24	25	15	36
2618295	23	22	26	28
524409	17	29	21	41
3881932	18	20	22	30
4604808	15	24	27	31
1040970	18	32	13	27
2706681	19	34	23	24
6173105_1	18	35	19	32
6173105_2	18	35	19	32
6173105_3	18	35	19	32
2785308_1	14	15	18	20
2785308_2	14	15	18	20
4365625	15	25	15	27
2350576	14	27	27	20
3083642	15	21	22	29
1524841_1	19	33	22	32
1524841_2	19	33	22	32
4044333	13	21	25	31
2160170	20	22	25	25
4788832	15	17	25	35
4073844	16	24	19	29
3238290	15	22	28	37
1305896	17	31	19	28
4461934	19	30	28	28
5915180	24	34	23	34
5681047_1	25	25	25	28
5681047_2	25	25	25	28
5681047_3	25	25	25	28
1613457	20	19	17	40
2516971	20	21	17	23
4756368	23	32	18	34
4833795	15	33	24	30
243990	17	26	20	33
987276	18	27	22	27
1719503	19	23	16	33
3789673	21	17	18	30
1500092	13	34	28	29
1661897	20	25	17	26
943816	15	17	27	23
2457800_1	17	25	22	37
2457800_2	17	25	22	37
4243496	13	27	22	41
3403579	17	30	22	23
2685204	24	27	19	22
6567699	19	33	19	34
1283643	15	29	28	34
3821435	18	15	19	26
1388574	19	20	12	21
5564696	15	33	17	35
4850298	11	19	15	26
4297304_1	16	22	22	25
4297304_2	16	22	22	25
2002094	22	26	19	38
346765	18	21	25	33
1250183	11	26	23	38
3943368	19	25	23	36
3845451	19	26	24	33
5005878	19	25	21	30
3938786	13	33	18	28
4115142	18	32	16	30
1966521	15	20	15	23
1057994	10	29	20	35
1741179_1	15	19	12	26
1741179_2	15	19	12	26
4395302	13	22	14	24
6133630	23	25	19	38
3544383_1	18	24	17	31
3544383_2	18	24	17	31
1517757	20	30	18	23
3480047	11	21	19	35
2807700	16	29	26	21
6453995	18	19	21	38
262017	21	23	16	22
6485819_1	19	33	14	30
6485819_2	19	33	14	30
5961773_1	20	18	22	20
5961773_2	20	18	22	20
5961773_3	20	18	22	20
4319016	21	33	17	35
5630804	23	25	20	18
4166844	16	27	18	32
6346943	16	21	17	21
1280603	22	33	19	30
6222090_1	15	23	15	34
6222090_2	15	23	15	34
6222090_3	15	23	15	34
4519963	19	34	26	28
4104849	18	32	24	41
4873655	13	31	21	28
6211566	25	29	23	22
6423807	13	32	22	34
5055052	15	22	18	28
1694971	15	27	16	41
3419618	19	24	19	40
6480836	14	23	20	31
5762321	13	19	18	26
6019158	23	31	27	34
1370733	17	26	25	31
4493683	16	16	21	28
4494277	22	24	22	28
1401963	24	35	18	28
5184960	20	32	18	24
3271496	20	33	25	29
4760069	18	31	21	34
3381887	24	30	25	38
3413587	15	22	22	31
2584191	10	34	18	23
4606201	19	35	14	34
3075447	19	28	24	36
6083181	25	32	19	27
2343891	18	26	23	37
2243456	16	22	16	41
1896813	23	19	18	24
2153709	13	24	28	38
5533160	23	31	17	33
1680688	19	25	24	24
2627530	19	24	25	29
4705829	18	21	21	28
5889920	25	29	16	27
2199137	21	17	25	33
6099128_1	20	29	24	37
6099128_2	20	29	24	37
6099128_3	20	29	24	37
4587290	13	26	18	29
1263697	21	22	21	33
3924921	14	28	25	30
3669483	18	19	21	20
4254643	15	16	21	35
5222581_1	18	21	24	40
5222581_2	18	21	24	40
5222581_3	18	21	24	40
4061377	19	24	27	28
514167	17	30	13	38
6148238	22	21	20	32
5367151	22	22	23	20
6143786	18	18	16	21
1361778	18	16	17	26
6531614	15	22	15	20
1913829	14	32	22	27
3971749	24	28	25	30
6134823	17	33	13	31
290376	20	31	22	31
5547622_1	16	34	18	36
5547622_2	16	34	18	36
5547622_3	16	34	18	36
1615796	18	24	18	34
6123691	10	22	17	36
1574588	17	28	27	32
5859329	20	25	25	22
4914162_1	19	18	18	18
4914162_2	19	18	18	18
5639095	17	30	17	26
1676231	12	31	23	34
5384030	17	21	22	29
3432355	12	20	21	17
4122793	24	31	19	37
6376198_1	18	27	24	36
6376198_2	18	27	24	36
1681960	20	33	16	37
4697215	18	24	23	23
1370869	19	23	17	19
747487_1	18	29	22	23
747487_2	18	29	22	23
6388611	21	32	22	31
4989847	16	28	12	34
4731534_1	23	23	22	30
4731534_2	23	23	22	30
4731534_3	23	23	22	30
3690831	19	28	23	29
4127281	21	25	27	26
4742812	18	28	16	32
4958034	21	24	18	23
2230252	21	27	21	35
1663099	19	32	20	27
6210835	16	20	18	34
1665202	11	21	24	26
4766237	12	34	17	34
4763250	20	26	18	38
1521558	14	19	22	34
5369483	13	26	22	36
3494980	17	30	19	26
2510724	22	32	23	30
399890	15	24	19	23
6500570_1	16	20	18	32
6500570_2	16	20	18	32
6302025	12	28	26	35
27478	21	27	24	23
5730747	22	35	22	35
4788283	20	29	16	37
4608367	12	30	20	28
509718_1	16	29	20	34
509718_2	16	29	20	34
3664413	22	20	18	31
1352094	19	33	27	23
6213591	16	22	22	33
3869251	19	25	26	33
1055880	25	29	18	34
403434	17	31	19	25
1697802	12	17	23	32
4436362	19	16	25	24
5808069	20	26	20	39
1058825	23	34	15	38
6409750	14	29	20	31
4721731	20	28	23	35
2829435	22	29	17	33
2082892	21	29	22	39
3346603_1	20	30	21	40
3346603_2	20	30	21	40
2590591	18	24	25	32
3390894	14	33	16	28
3258471	21	27	20	32
6534444	23	33	20	38
208643	22	22	23	20
3821408_1	24	28	22	40
3821408_2	24	28	22	40
2627665	25	26	16	29
2837888	15	25	22	35
4381075	12	26	17	27
1687545	12	25	14	36
747093_1	23	17	19	31
747093_2	23	17	19	31
747093_3	23	17	19	31
3111807	24	23	18	31
2976324	13	32	17	33
260953	15	28	25	29
3531446	18	29	21	20
4814183	12	20	17	34
5868287	18	20	22	30
3830955	15	19	25	20
936813	13	23	19	28
4444083	17	23	21	28
2933219	23	22	21	24
6487223	21	31	17	32
4705897	25	30	23	34
4541572	19	34	16	37
4818837	25	21	21	35
5686848	14	21	21	35
4303504	24	31	26	33
6464261_1	24	18	19	25
6464261_2	24	18	19	25
6464261_3	24	18	19	25
3098643	13	19	24	28
3463412	16	18	22	30
336785	24	32	16	31
3576547	17	28	21	32
2971490	24	22	16	33
1701881	25	31	20	30
6208666	25	31	20	38
5258453_1	19	22	26	36
5258453_2	19	22	26	36
5258453_3	19	22	26	36
5081476	13	24	17	21
5561314	21	34	25	33
3284402	24	29	28	31
121423	13	26	24	41
5363761	16	29	27	35
3171132	16	24	18	38
6610553	18	24	14	18
4153139	20	18	25	33
2077235	25	24	19	36
6209044	14	31	14	26
5021777	17	18	21	26
5980577	24	32	16	37
5441291_1	19	20	24	37
5441291_2	19	20	24	37
5440335	15	30	20	38
4500976	19	33	22	39
3830067_1	13	18	21	26
3830067_2	13	18	21	26
2413286	24	28	20	41
2052961	16	24	24	30
2450170	16	32	28	33
2871301_1	16	22	17	40
2871301_2	16	22	17	40
6251602	18	30	18	25
2377233_1	10	31	15	35
2377233_2	10	31	15	35
5539799	14	25	23	41
4305963	22	32	23	37
3568981	25	25	21	26
6348264	12	25	13	27
1714220	17	25	19	28
1596626	21	27	27	33
164921	18	26	17	31
5343293	24	30	22	28
201521_1	15	29	16	22
201521_2	15	29	16	22
2770930	14	31	18	40
3622150	15	31	23	29
5870544	15	26	27	36
4307393	12	22	27	25
4854350	14	24	17	31
904005	16	20	21	31
2584717	13	25	19	27
1197569	19	26	23	26
24535	14	17	18	33
5707387	23	34	27	32
5868218	20	17	16	19
5359206	9	24	22	34
3716637	14	33	14	33
1719770	16	32	23	28
3105538	19	30	23	26
981847	23	31	27	28
6455173	20	20	12	27
1285078	18	21	14	38
3184821	24	28	13	29
62981	13	32	17	24
3512354_1	13	26	24	31
3512354_2	13	26	24	31
6515177	12	25	24	24
6468481	15	31	20	39
1636286	20	20	15	35
5127279	19	26	12	20
5670052	15	19	23	23
4436207	14	20	21	31
4122911	21	31	14	32
4268083	17	23	21	27
3232184_1	16	24	21	35
3232184_2	16	24	21	35
4377451	13	18	20	36
5960561	13	24	19	21
2192902	11	22	16	26
3639606	12	31	15	36
10244	12	22	17	20
1463331	20	33	26	31
4594780	23	33	27	32
3506180	21	22	25	35
3065824	20	25	23	22
2697626	21	26	23	25
3076502	19	29	20	31
6559366	16	26	27	27
5804619	14	30	22	34
4113084	19	27	24	39
4524274	18	25	19	37
579280_1	22	27	26	33
579280_2	22	27	26	33
1594815	19	32	24	30
6326884_1	24	24	26	31
6326884_2	24	24	26	31
1894787	17	15	24	20
3733730	19	32	24	35
2815809	17	22	18	23
1114317	18	32	22	35
3439816	15	27	20	33
5954845	16	25	28	22
1374143	16	16	20	28
3489810	16	30	18	25
1604364	17	30	16	25
6506963	15	30	23	31
4688833	23	22	23	30
367148	19	23	18	33
1643249	18	22	12	34
1741060	17	30	16	37
2872360	20	30	27	28
6298451	17	22	18	37
4524148_1	14	23	18	27
4524148_2	14	23	18	27
6056308	23	35	21	32
5079135_1	19	32	15	27
5079135_2	19	32	15	27
5079135_3	19	32	15	27
5584579	19	34	27	30
1301494	16	25	15	30
6458128	19	35	20	28
2935327	25	20	18	31
4598748	15	35	14	37
2474591_1	17	22	16	24
2474591_2	17	22	16	24
3705939	16	16	23	36
5082594	21	32	24	32
6411416	22	34	19	29
3339945	14	22	20	23
2960839	22	24	21	39
6411530	18	29	23	40
4632684	23	31	25	37
4124138	14	27	18	29
2076952	21	29	17	25
6147636	24	26	27	26
3163632	21	30	21	23
2392784	15	25	21	41
4755071	11	22	22	28
6369874	20	33	23	35
1608820	20	25	13	32
1655930	21	22	13	24
4760494	14	16	25	31
2429056	20	17	23	25
6061249	19	22	19	32
1376368	17	22	21	29
2564900	13	29	18	39
4495944_1	20	21	15	32
4495944_2	20	21	15	32
5588699	24	26	25	34
4831094	21	24	16	28
2656163	17	29	20	36
4712087	17	23	21	34
4320653	18	29	20	29
3210480	19	32	20	38
6515204	17	34	20	27
4707194	25	28	21	33
4464367	18	33	15	32
1461113	19	26	22	32
5910883	16	32	15	39
1898651_1	22	20	18	24
1898651_2	22	20	18	24
6369315	15	27	22	27
5808312	18	31	24	33
1740981	21	33	22	26
2663757	23	28	28	41
2248143	21	35	20	34
3136487_1	14	18	23	35
3136487_2	14	18	23	35
3136487_3	14	18	23	35
3575662	21	24	23	24
4405879	21	31	28	36
4703433	23	22	26	31
6234259	23	27	25	40
2781369_1	20	27	23	24
2781369_2	20	27	23	24
2781369_3	20	27	23	24
3696095	24	27	17	35
5527177	22	26	24	23
6290427	17	26	25	24
5309149	13	27	23	32
4646399	25	33	19	33
4881314	23	26	27	31
4862591	14	29	26	37
4143582_1	24	31	20	41
4143582_2	24	31	20	41
2905956	16	30	19	25
3575930	23	27	20	34
4441382	19	34	15	38
6508029_1	19	33	13	35
6508029_2	19	33	13	35
6508029_3	19	33	13	35
1946893	12	27	26	25
2362643	25	25	25	38
448610	20	32	18	29
181494	22	31	23	40
3618542	22	23	20	39
6169566	23	33	26	37
625096	18	29	24	40
2760620	14	32	20	23
5669941	16	34	23	30
6245856	17	30	26	28
5086582	13	32	23	28
3923204	21	23	27	32
5657680	13	30	22	32
4155253	21	27	16	37
6469673_1	24	23	21	30
6469673_2	24	23	21	30
5280188	18	19	17	28
4475635	22	32	25	38
4705507	17	35	25	31
2073230	19	29	24	32
4805062	16	31	27	29
2385186	18	29	20	32
4667147	17	31	19	33
3667304_1	23	30	28	33
3667304_2	23	30	28	33
2739982	21	23	21	23
736471	18	22	24	30
6119620	21	26	27	23
3208456	15	35	23	28
4717524	14	32	18	35
5200140	15	27	22	38
3777147	16	24	22	38
6443107	15	20	19	17
6125746	19	26	19	33
4594642	25	27	22	27
5537439	25	24	20	27
4623712	18	29	22	37
2116246	17	34	27	36
1515778	17	30	20	29
370344	25	23	16	31
6530469	21	31	18	39
6022668	19	25	26	24
5184372	15	28	20	40
4737632	19	28	23	18
1718068	20	28	23	29
2571414	13	34	25	26
5423118	22	33	22	34
1905640	20	24	20	22
1153705	14	18	23	32
3878005	12	22	17	29
1600115	19	33	24	33
2456726	12	20	27	24
1081786	25	32	20	33
4487458	18	19	24	34
3471736	10	28	22	33
1680437	20	21	23	38
5578248	15	29	25	17
5237426_1	14	23	28	38
5237426_2	14	23	28	38
6158013	19	18	27	34
1138343	19	24	23	29
1507771_1	16	34	21	41
1507771_2	16	34	21	41
2074760	19	34	17	31
4816109	19	22	20	28
2202948	16	26	23	30
