1
0.0388349514563107
0.139487399924776
0.831503979891077
0.952380952380952
0.926248827631204
0.717714735883275
0.801643759939541
0.801643759939541
0.075533215595707
0.824088302349172
0.824088302349172
0.782417582417582
0.7032045943149
0.7032045943149
0.0689655172413793
0.370508773060156
0.614514218730309
0.699986061868275
0.734693877551021
0.734693877551021
0.567650531286895
0.277220840493714
0.116092603049125
0.637351293504841
0.676923076923077
0.64233924461586
0.594632827127106
0.594632827127106
0.101443416121243
0.587441619097043
0.666666666666666
0.67776780783298
0.622222222222222
0.173913043478261
0.638306509535961
0.586772036814702
0.63291004170376
0.639999999999999
0.549005031308167
0.637554122564238
0.691850024298157
0.645161290322581
0.518019250801409
0.479545341618243
0.479545341618243
0.56360696423871
0.581154631321856
0.399270748487815
0.478423895667105
0.478423895667105
0.660955842058204
0.660955842058204
0.374719856566562
0.374719856566562
0.58832248562877
0.560810810810811
0.571428571428571
0.610420418372406
0.615384615384615
0.551314625997197
0.585377605177193
0.608263401515211
0.571428571428571
0.521424833949818
0.461370525794686
0.461370525794686
0.461370525794686
0.604617395092203
0.565824973131125
0.412921585270354
0.378947368421053
0.557487588409948
0.549052904965849
0.549052904965849
0.571428571428571
0.451667367887587
0.421009877607675
0.533681975746962
0.513073675093951
0.54320987654321
0.441586841755035
0.421048577847712
0.562797400229391
0.60523788179548
0.365196995783117
0.365196995783117
0.396579244060418
0.241337388729778
0.108218164612742
0.510367289529937
0.443870679610022
0.455696202531645
0.455696202531645
0.305725627825434
0.271475821800107
0.100500303493466
0.488980278720594
0.476595471176649
0.476595471176649
0.313428303316654
0.499999999999999
0.435246757119428
0.512820512820513
0.512820512820513
0.230968435648441
0.230968435648441
0.526597068210094
0.516629891809995
0.520681532928264
0.517647058823529
0.519230769230769
0.467626140614636
0.512820512820513
0.492092243482845
0.492092243482845
0.473959499460258
0.330245016494206
0.330245016494206
0.330245016494206
0.4919502783692
0.491006274692075
0.412794291013367
0.59509322765363
0.602739726027397
0.463449843705598
0.463449843705598
0.386721362111032
0.497779796710412
0.530385939901802
0.530385939901802
0.560542606904054
0.398550784913747
0.398550784913747
0.35718037672238
0.35718037672238
0.35718037672238
0.488296667796806
0.488296667796806
0.352156875001557
0.549019607843137
0.256021651230694
0.256021651230694
0.327721692881629
0.446878422782037
0.462856512210887
0.422848775521663
0.425796425796426
0.534081648527204
0.283925801532011
0.445218754968859
0.376282424447763
0.274438372799029
0.00590503634475239
0.171769986087485
0.549019607843137
0.432178231755284
0.436615865950815
0.444444444444444
0.491228070175439
0.491228070175439
0.446955734359078
0.490283600860008
0.490283600860008
0.3025994800449
0.433706860469541
0.433706860469541
0.560041716099797
0.477441462021702
0.266562610983955
0.480000000000001
0.378255208333333
0.386909722874981
0.344809905288371
0.101067118963956
0.48
0.48
0.275095112671935
0.54054054054054
0.33528976753116
0.443031266560678
0.440094824583318
0.115732669883964
0.485168300988035
0.48
0.48
0.359463889599889
0.4318686804088
0.4318686804088
0.345848659392191
0.396802552409356
0.519083969465648
0.398555013897822
0.430071295021676
0.405717226245552
0.155078092040407
0.44970663298866
0.432308848974634
0.265799428764938
0.394956780404627
0.169447524753465
0.228408628408628
0.424209215442092
0.424209215442092
0.356827465956762
0.378947368421053
0.443870307663259
0.443870307663259
0.270965468639887
0.384518783042806
0.38871473354232
0.427428435962781
0.427428435962781
0.320319044753578
0.320319044753578
0.419373167440469
0.419373167440469
0.266792624795748
0.447753785058327
0.41091470258137
0.41091470258137
0.47457627118644
0.444444444444445
0.316454680007372
0.423430012841359
0.423430012841359
0.195583048122447
0.413793103448276
0.435643564356436
0.388734325264667
0.428881110209071
0.433055959142342
0.294751548247784
0.391080617495712
0.417034575880501
0.433734939759036
0.307433203927838
0.491228070175439
0.144571421886444
0.364491221433349
0.35634036295231
0.35634036295231
0.349154042286054
0.316045945005221
0.316045945005221
0.376058562235368
0.289301990485715
0.199030663326188
0.35000949889288
0.35000949889288
0.402529448219492
0.402529448219492
0.30715197477422
0.416157001907709
0.416157001907709
0.465826047365752
0.400296202301006
0.424823752711497
0.405797101449275
0.387820933440381
0.407019436018424
0.2442430475193
0.447290892788523
0.330848617654917
0.235632494870844
0.372154451393007
0.258081494579184
0.258081494579184
0.140699057822309
0.256650661955582
0.40744852815944
0.331012429464556
0.327564055604941
0.295202934557417
0.295202934557417
0.238847829766658
0.28300516223594
0.327399488728793
0.309404789472054
0.362633815083203
0.454472015612166
0.288570617365228
0.333169431497359
0.251919394858845
0.251919394858845
0.280751085867023
0.319909135726605
0.319909135726605
0.387096774193548
0.29212097712775
0.29212097712775
0.302002900120999
0.406182538562461
0.12854953708823
0.246272869901589
0.402734407396306
0.402734407396306
0.402734407396306
0.293431912265224
0.312858145702924
0.427429263341583
0.307949113143774
0.307949113143774
0.307949113143774
0.395603055854846
0.374386689750079
0.374386689750079
0.50258815579467
0.395604395604396
0.200697743958005
0.307692307692308
0.352241558687222
0.383163984396837
0.383561643835616
0.236445170167356
0.147472944460591
0.228165543234037
0.362394161529031
0.274352336577176
0.383622884952748
0.383622884952748
0.35669709358873
0.4
0.411463046757164
0.395604395604396
0.183628266862404
0.438939753645081
0.310353307965647
0.236254075909743
0.353204451997323
0.353204451997323
0.382872628726287
0.346718746591007
0.346718746591007
0.346718746591007
0.169995099977555
0.295737286670601
0.23050072591814
0.433085759099507
0.267769250886695
0.221101522055066
0.387096774193548
0.277942351422776
0.277942351422776
0.299296535849692
0.356788734741491
0.356788734741491
0.260869284377935
0.217631582176038
0.217631582176038
0.287591031096368
0.387607944275024
0.252962663221467
0.419805733238569
0.360676918697865
0.288746003209391
0.433734939759036
0.293900073660864
0.293900073660864
0.155737996398617
0.155737996398617
0.205226785297198
0.378947368421053
0.366799616554558
0.366799616554558
0.156566435477735
0.156566435477735
0.156566435477735
0.228970183626152
0.224642565721786
0.320265388219365
0.351419899380624
0.351419899380624
0.28753377804145
0.346152040193455
0.189482843365043
0.354827455151701
0.312961423501762
0.172400855829365
0.308801102956379
0.251506636747851
0.127683960568571
0.108120537181192
0.274887759403684
0.398930033347558
0.0569856597693976
0.320970359613906
0.320970359613906
0.336589837605517
0.231974204668666
0.320643009947753
0.301951886574363
0.383380386824609
0.312943710722903
0.306584764308528
0.314757690494091
0.314757690494091
0.377358490566038
0.255410049224482
0.255410049224482
0.343067033976125
0.364791131656036
0.364791131656036
0.348256195347198
0.375
0.249805484037387
0.352085683288163
0.179964379508343
0.392668476292527
0.392668476292527
0.256557637039956
0.289828020615494
0.289828020615494
0.199651974003602
0.435643564356436
0.403669724770643
0.256612555256061
0.289995308177181
0.282071926316951
0.282071926316951
0.25017332786671
0.411500219402242
0.411500219402242
0.326403014821321
0.363636363636363
0.340106781416846
0.366918584525225
0.375
0.149233234149691
0.206751457104388
0.374155634877377
0.296216380048385
0.119082376600183
0.352659126134368
0.358803986710963
0.344263974867908
0.206032593701997
0.363721859754306
0.347453404462161
0.256791015497131
0.256791015497131
0.267615355409151
0.350432024499618
0.177060160653895
0.346599701622543
0.306551526410189
0.335154040458559
0.353040591027533
0.226806134189763
0.181378983463613
0.285739638545641
0.285739638545641
0.36816315868666
0.193419509284816
0.213946855720006
0.282371023359119
0.213365238723353
0.290724277959291
0.25152103870354
0.180422012637154
0.180422012637154
0.180422012637154
0.316977198308627
0.200086043067944
0.416899050409396
0.349646389802532
0.389977673033987
0.242961761650153
0.173577779615859
0.252734383178291
0.0901722202739937
0.154510036862978
0.352
0.256780670906781
0.256780670906781
0.301075268817204
0.304864948869723
0.293341976424831
0.256583737260192
0.251941086633481
0.233315508661994
0.290874825629198
0.133293926770919
0.323086963691387
0.295314900326868
0.315416428322517
0.250789359076944
0.363636363636363
0.396946564885496
0.23045145120695
0.279472053280111
0.173310568037393
0.173310568037393
0.173310568037393
0.279647283954476
0.258475363545941
0.363636363636363
0.329758058907946
0.221777115772966
0.174499499985046
0.160366078075455
0.282576159925679
0.267595406422786
0.351270664615462
0.351270664615462
0.378953597674178
0.323560410079525
0.203418004259519
0.199958679007537
0.28360278543892
0.0837480864251531
0.106552645101535
0.33277027027027
0.38438486293393
0.219592886013836
0.336931322409094
0.336931322409094
0.0934215191876152
0.321281708924721
0.184216156033487
0.313074801598469
0.110227522344678
0.256029582113592
0.268152905584393
0.244196083307317
0.35033395517877
0.356444904179027
0.146808208652072
0.213358657803103
0.213358657803103
0.181919321926358
0.181919321926358
0.181919321926358
0.175850340136054
0.272552428517277
0.0389803204553613
0.123533962559037
0.308708434288188
0.309850589410505
0.257614003301923
0.334598990798456
0.333333333333334
0.294452015467215
0.18773015993979
0.208496907435812
0.246324911460922
0.246324911460922
0.302735480314453
0.302735480314453
0.345420217485955
0.314527705021555
0.286603214299513
0.203858702047017
0.275763765939187
0.275763765939187
0.287958160397157
0.233146200052728
0.211370697589188
0.192936265591198
0.210147054231731
0.251446603382556
0.251446603382556
0.342583875347195
0.342583875347195
0.193571176262805
0.427670767682179
0.23817520088253
0.326828764825979
0.102234080448663
0.213862141961211
0.213862141961211
0.198290979881839
0.198290979881839
0.198290979881839
0.333008185249586
0.282795100578848
0.254265952608895
0.318881118881118
0.213452914798206
0.213452914798206
0.242713528029808
0.276189626917762
0.327312677328759
0.327312677328759
0.327312677328759
0.290009478784944
0.309814603286178
0.163176751681673
0.256353787244762
0.256353787244762
0.335213032581454
0.168699895433949
0.213728467459029
0.232731784453773
0.372581027818387
0.357472584105153
0.22039709762196
0.299256590417197
0.196763911939788
0.297849076189875
0.154955680772512
0.268237485631362
0.213836282567154
0.213836282567154
0.213836282567154
0.138975277981702
0.253044421494927
0.326220797840938
0.201801331418874
0.199891231087969
0.255267175572519
0.272475384679088
0.301075268817204
0.226908018590442
0.255474274217709
0.257353566130103
0.259427514525833
0.119376453167009
0.176846252870931
0.186317466495967
0.219617834394904
0.219072274496564
0.183941966163744
0.308263573621644
0.127355656914006
0.27344695368197
0.239970151018089
0.266666666666667
0.103741836140044
0.28036822424548
0.246272091044871
0.377358490566038
0.295182615102641
0.295182615102641
0.128436101928641
0.291845493562232
0.291845493562232
0.15063544548665
0.15063544548665
0.15063544548665
0.251532031192604
0.168968846385161
0.191928588690987
0.280602958594184
0.280602958594184
0.280602958594184
0.352391775515038
0.352391775515038
0.218909703070417
0.187043023227102
0.273110245608457
0.277019753654785
0.277019753654785
0.298595829474909
0.183046445428508
0.310820507738654
0.233534656312913
0.291164712511067
0.299997668073596
0.25
0.170690022573407
0.170690022573407
0.271218081205414
0.271218081205414
0.271218081205414
0.214553600644366
0.282578875171468
0.156006315170216
0.152512238101419
0.296296296296296
0.0907711833993156
0.249090349632738
0.0990066923190163
0.15178126468591
0.15178126468591
0.264372540815197
0.198510820365286
0.120819448938104
0.194033142196313
0.248847695690671
0.257163948442501
0.257163948442501
0.332791327913279
0.195197841792322
0.207060927032303
0.22390480595033
0.289855072463768
0.108873144110415
0.14483537158143
0.0868541671047606
0.241405946547595
0.170843959780728
0.170843959780728
0.234977580847001
0.264441740541167
0.253483410968371
0.202013762411432
0.202013762411432
0.0943884709786165
0.223127376324807
0.223127376324807
0.2148664713128
0.223402089042918
0.228735938340324
0.236571019435854
0.0852996245977188
0.296296296296296
0.0820156783459533
0.334160463192721
0.187226586932449
0.296296296296296
0.286405717582061
0.192004021865783
0.234642022372537
0.228464791092341
0.245700245700246
0.269097014030459
0.289855072463768
0.317460317460318
0.317460317460318
0.20371894543499
0.218897954841555
0.218897954841555
0.23297875143946
0.20207967997481
0.20207967997481
0.20207967997481
0.241372177708366
0.176285078608554
0.227343730767223
0.120852797131893
0.218749654586476
0.217051281885677
0.217051281885677
0.197914204634106
0.260377591639672
0.266666666666667
0.277227722772277
0.183962606863481
0.219135460458362
0.232416120944528
0.148401955195864
0.303149160194895
0.16658948482033
0.163438138084418
0.280038327784739
0.231488543815553
0.231488543815553
0.171459200959978
0.171459200959978
0.120899772557388
0.0846406384422014
0.171065719938377
0.18878307652324
0.18878307652324
0.381504485852312
0.381504485852312
0.381504485852312
0.27274925368132
0.264716596046257
0.209264557969676
0.214128023085989
0.234174376584923
0.234174376584923
0.234174376584923
0.199977635740599
0.228049142098458
0.159596920706222
0.180769499265135
0.226811757800837
0.284697593097512
0.288708656872323
0.288708656872323
0.287850983275608
0.287850983275608
0.214932913009638
0.308126414735033
0.0287850997249883
0.208154595823754
0.219082928168456
0.26295652173913
0.258769175664617
0.300882397887706
0.28169014084507
0.13979153893317
0.13979153893317
0.254854961932873
0.108487236130693
0.108487236130693
0.275862068965517
0.242351104443913
0.198308261431796
0.268325024270754
0.156596955281476
0.117910340491949
0.226594018561063
0.288290051155899
0.285106382978723
0.242107099249957
0.20957665200468
0.21687405424685
0.161069665508158
0.100974239449183
0.241251653625282
0.241251653625282
0.178923049643264
0.0524241148977365
0.170607698096347
0.129863125381869
0.129863125381869
0.0975815772283187
0.174458503659556
0.213285731651222
0.217793443701336
0.217793443701336
0.225694793501031
0.159372889100906
0.284393001173889
0.195494591804991
0.196380154371267
0.184748801867737
0.184748801867737
0.107154610823383
0.168834326232342
0.188042055073533
0.0320709954571355
0.175662447271282
0.208850580434995
0.187251899798065
0.253989813242784
0.282247870411163
0.258293437387335
0.185404444392838
0.234995019627317
0.246838996998742
0.138705795865305
0.145849444534821
0.120147624492611
0.0644774218645341
0.314322944903995
0.225124682303391
0.0849159243057094
0.0907782488093369
0.101872175328024
0.184454307191027
0.223676562168415
0.264648889358356
0.200447315740737
0.200447315740737
0.200447315740737
0.177263190883687
0.15751170162992
0.243423236424547
0.28617384896386
0.284212024556537
0.228353680050808
0.0516309904755409
0.22896607635004
0.233264984224225
0.233264984224225
0.234038925117295
0.203960652680369
0.203960652680369
0.28169014084507
0.169404402726562
0.129257851340728
0.155701180674575
0.219682659903097
0.0542383788642397
0.160438153132736
0.13243595637723
0.303448275862069
0.217824594068368
0.279283462450207
0.256880733944955
0.20532201608351
0.25531348007067
0.0591083141877266
0.225441932278162
0.182059436803639
0.0628968694007268
0.160305682094922
0.191587623070772
0.191587623070772
0.16027106292593
0.18586014113603
0.194789725858826
0.210320890457249
0.152814025436437
0.154318394263331
0.0246906809010543
0.226393646443887
0.181324240257445
0.181324240257445
0.181324240257445
0.216695887977184
0.202593640165968
0.25531914893617
0.25531914893617
0.192094184123096
0.192094184123096
0.197150788577348
0.233774991758617
0.238167956990001
0.228784493620198
0.148139154892528
0.150016184292216
0.0488243308984293
0.0971901723903895
0.0370120466305498
0.152746749160694
0.221370461258235
0.177418676226467
0.134486842176788
0.130637445148637
0.18870102225803
0.146115779593333
0.211259505345915
0.211259505345915
0.116808958541243
0.116808958541243
0.241920844347984
0.158187665218145
0.158187665218145
0.158187665218145
0.186807796566413
0.186807796566413
0.140822636128271
0.227649599356849
0.200758533927698
0.200758533927698
0.228158844765343
0.219329388560158
0.219329388560158
0.216425863484687
0.150193618287006
0.216641064552022
0.266666666666667
0.0426853728996548
0.186836985202541
0.191094031594159
0.164700178828623
0.17310990833388
0.142567940361572
0.2
0.239570728720668
0.0932933541004849
0.220702814437908
0.146049447570765
0.173963109992131
0.216919263053475
0.183810083835472
0.153044995748937
0.159573374170393
0.237799810363842
0.173864576704618
0.0833611646755571
0.202213873607943
0.133227290695388
0.130581794920166
0.130581794920166
0.0675503082189992
0.0726101022268944
0.079767742240515
0.175814971624083
0.134550042668594
0.195317725752508
0.179615944341463
0.0542245316888889
0.331721014081621
0.131238331926618
0.173634504069287
0.0981153087137556
0.0501916682984043
0.179515117901509
0.166333728766381
0.244897959183674
0.184574238599222
0.184574238599222
0.127190743817022
0.232477723101476
0.107470648612823
0.22990891271763
0.133803755441008
0.129695440442867
0.0479270401170051
0.0479270401170051
0.174934919454198
0.0800020465108484
0.134165885462579
0.0980099110270959
0.149488752423289
0.13632168020597
0.158830743718356
0.192225167234633
0.133027178371805
0.181647686838795
0.061242480286608
0.154284365183752
0.19202579487999
0.256037528837562
0.256037528837562
0.170327074133731
0.170327074133731
0.146795762712935
0.0573394144267619
0.0845353115513532
0.139659757467796
0.139659757467796
0.237123073486709
0.119053149072891
0.105808867415962
0.188868902903805
0.246886446886447
0.125478716966333
0.159731024781455
0.159731024781455
0.159731024781455
0.133184955477272
0.239434582462212
0.160642670455031
0.145762445590253
0.145762445590253
0.164396750202615
0.230985518870331
0.126447393836221
0.166816681668167
0.202857016298132
0.202857016298132
0.202857016298132
0.181660221947812
0.0410402725869998
0.138685491779748
0.18775277825271
0.232686764059217
0.0273404601740262
0.124837742628068
0.124837742628068
0.124837742628068
0.113931147985768
0.113931147985768
0.146191646191646
0.154528486480813
0.0786685132942415
0.177313125025424
0.177313125025424
0.179111414609631
0.0103572247972124
0.219077568134172
0.0589419162308784
0.280792943842781
0.106134204514674
0.176386026782237
0.101519739324742
0.171566203050298
0.171566203050298
0.171566203050298
0.23841059602649
0.0886851969452149
0.168476835054884
0.172917881298922
0.14706449930403
0.0455943739968108
0.182255575915156
0.039113808943743
0.1517636552826
0.173288002406143
0.206462035499142
0.117671975582593
0.117671975582593
0.218447108587068
0.123851401624885
0.0559229279369934
0.147119291440998
0.128544202811256
0.128535888896008
0.267476145093069
0.204457213853082
0.16679199453909
0.156844822153582
0.156844822153582
0.195086351236632
0.090555566026957
0.202020202020202
0.197005468568686
0.12897615469397
0.0680665631543421
0.217852065018798
0.0173432583838539
0.0924749127776763
0.178912144005158
0.0945165014602233
0.0945165014602233
0.175837120199596
0.137782558644813
0.206781772446969
0.206781772446969
0.13680221764741
0.121656662842234
0.189398254079688
0.213392017838535
0.114294649690956
0.120226978945483
0.120226978945483
0.17766331651945
0.17766331651945
0.17766331651945
0.152099477383312
0.185770237139381
0.0718083503128655
0.122878757681644
0.0811850787382388
0.223384795377111
0.223384795377111
0.223384795377111
0.137825464202818
0.18028034686555
0.0763052559507751
0.0646783349736225
0.17133950525358
0.00943982114023104
0.232258064516129
0.137625918571607
0.189465344097769
0.156910456062291
0.151549299046286
0.148130277807428
0.190947445179436
0.194600293482481
0.152407999899159
0.192051516777676
0.152897952348923
0.189843870313138
0.143374143374143
0.105890762068487
0.217054263565891
0.102621583736016
0.138763221902262
0.107699663127956
0.183069911049033
0.232258064516129
0.062123918891401
0.131155325534826
0.150030484902269
0.10509111985195
0.15688338655787
0.150067476383266
0.145641686320532
0.0873149475114614
0.0726007578271018
0.0726007578271018
0.0726007578271018
0.147656542941324
0.147691006874802
0.149658578970732
0.0851038961180981
0.0304264442864224
0.198269615991135
0.198269615991135
0.198269615991135
0.176643220810545
0.222222222222223
0.133823572546395
0.142592092072151
0.111390428749994
0.123016683639688
0.193266897486076
0.182369803099361
0.119445308366382
0.161983349836799
0.165156930681211
0.226512399358039
0.226512399358039
0.226512399358039
0.0625119828485888
0.209685205602435
0.115849357033428
0.0649641551039531
0.182829139572142
0.182829139572142
0.120403042414395
0.137369624335485
0.101408288871858
0.076279728283651
0.198581560283688
0.142770719903207
0.142770719903207
0.0249176496435165
0.168336163247824
0.135102168281028
0.098455661562674
0.098455661562674
0.032005544994693
0.0764146372838019
0.0139160458724029
0.0139160458724029
0.0139160458724029
0.0255245275304998
0.0880237108750536
0.0261491838978226
0.0935246191960203
0.0921063917718704
0.101836502046705
0.129904346620364
0.113241232757104
0.0447631230985888
0.053148476393346
0.172132431959231
0.0647236614689633
0.0839182227384413
0.103092342848468
0.110624475359236
0.19672131147541
0.19672131147541
0.181803445124402
0.118127097785293
0.148049305240173
0.0913645488184155
0.156461070288726
0.061386267297678
0.061386267297678
0.159857422261454
0.140156140350659
0.118420254770534
0.0696172786196232
0.147525804091573
0.136147235861431
0.169932523616734
0.139834643444028
0.122476082813836
0.112261955970041
0.156246937638582
0.126022172328541
0.190476190476191
0.158112456691084
0.143358830038005
0.143358830038005
0.105580507233226
0.164462858090234
0.132280911941929
0.0398829400354725
0.121743047172203
0.115212632916221
0.115212632916221
0.145703410517196
0.0355060904457282
0.137331682883774
0.173913043478261
0.161626655477557
0.161626655477557
0.161626655477557
0.06037041954783
0.16440861326013
0.0845401258393484
0.0830847891134797
0.212018880949271
0.0812408087644021
0.120889958890137
0.180083596566798
0.0805071109104839
0.0905444471291289
0.133489796146219
0.0327529105958861
0.1621841351491
0.0261240009645076
0.0796608137949811
0.205617996913053
0.0500585749291538
0.0500585749291538
0.0500585749291538
0.0904368263762534
0.145731178766189
0.136443847049493
0.0810473275612484
0.0270720338866805
0.109097782778729
0.0587723069704393
0.0891947177902535
0.0891947177902535
0.0891947177902535
0.136197825328028
0.0406769379450305
0.134429346957899
0.0791035870255216
0.0348560668541768
0.192151738775711
0.121513154352121
0.0933084985268935
0.155829966759321
0.0710906897761255
0.151423625796352
0.143283238673207
0.184879488859795
0.184879488859795
0.0173901129574063
0.151141044494542
0.140956082533483
0.140956082533483
0.10583231899487
0.0865650632328659
0.147256793186419
0.0882461847535922
0.0882461847535922
0.0909685692601609
0.189385485064269
0.189385485064269
0.181031608755849
0.0390411991686161
0.147629276508653
0.126332907615476
0.119719479830577
0.139675801646883
0.141202118573313
0.156340198354999
0.0487178552038869
0.0487178552038869
0.15313925222291
0.14504877700073
0.154658130906884
0.0659294771674576
0.173065575330732
0.153489975863258
0.112603148395691
0.132587529620207
0.134396261110279
0.12872338414993
0.0299548082140643
0.141002658496257
0.131235920067341
0.0720892482927757
0.113266005419266
0.123056409107152
0.089961726909234
0.0372460816361637
0.0996005995206432
0.0447690569090683
0.0570758140521272
0.0570758140521272
0.091118519120796
0.106790873152736
0.025726636006038
0.038348784798368
0.0753537134372234
0.0785757223119749
0.100452633789248
0.0687792679971594
0.132033720102707
0.132033720102707
0.175309468049515
0.0951835677601212
0.100258377456872
0.136780650542118
0.118699063471841
0.082567915457366
0.00635361523779501
0.117522588290061
0.0432683829661049
0.0371338492688551
0.133317852172822
0.0815949101103625
0.113780668519511
0.151748836722957
0.0322367029626425
0.120302237366772
0.120302237366772
0.114558295284095
0.0480501121537118
0.0480501121537118
0.146767726685903
0.1229925771699
0.0817886657740172
0.145393187935052
0.131857023038554
0.110099465810776
0.0783236001374097
0.119074885621056
0.0783028337302361
0.104775434396212
0.104967077942906
0.130237698132124
0.151829218220291
0.0867588376695558
0.129312078629579
0.121294060494581
0.12840551455229
0.12840551455229
0.0712090274455665
0.116112605014427
0.116112605014427
0.116112605014427
0.0555905853653495
0.0852028894969104
0.110328011412222
0.13764240290214
0.111673469387755
0.0566686841281435
0.0566686841281435
0.123275708599708
0.0853140622679798
0.0374537881486105
0.089975329170781
0.0218758293352118
0.0527897687243952
0.159291499921208
0.0569342510604287
0.0228224319272131
0.0817684252958449
0.0905449904452066
0.106962865139773
0.0960046486079144
0.0927395897186417
0.081842800031507
0.0938238097022646
0.121700422916312
0.108964872908071
0.0131141347066259
0.0380061573547066
0.130341906174042
0.136199072529424
0.136199072529424
0.0249234588539667
0.047657560193403
0.0879617957177479
0.0254196702537153
0.0096763374539435
0.0453748618915393
0.0294780648517427
0.102115097026937
0.0306076911245681
0.0454928952939513
0.13481449234604
0.0660554467210646
0.0660554467210646
0.115849572652867
0.105710091152063
0.12243433120272
0.0709132458124203
0.0225724066365297
0.118856896542877
0.118856896542877
0.118856896542877
0.101946136733345
0.0299324843396306
0.0971145345529242
0.120634922862282
0.0700835114657435
0.0700835114657435
0.0700835114657435
0.100714972055407
0.0673718542463091
0.0358379856934006
0.0637587234353526
0.0799505388659132
0.108565124919892
0.0478855454746726
0.11299373193815
0.11299373193815
0.0682679831784877
0.0332244384774364
0.114008373428481
0.0916312653615933
0.0916312653615933
0.0916312653615933
0.0348003750731489
0.0916703312811492
0.0485052465513517
0.0913569802879627
0.0753634827294503
0.0769173371055612
0.0414631085194447
0.0316615435697271
0.0418802602052078
0.102377842098033
0.135622450922529
0.0140309119685214
0.130000238158407
0.0180983066971238
0.0134951819469896
0.0134951819469896
0.0140285476658535
0.0246042495870911
0.0620027950989077
0.0588817066490873
0.0842274620473068
0.0715224190234597
0.0144094959520922
0.0693550994711115
0.0693550994711115
0.0144477851810688
0.112643767526808
0.059982100426603
0.0174349539233063
0.0834285457276153
0.0416050471446897
0.0677183270788404
0.0207463474148738
0.0519386894224878
0.00764186419688487
0.00775309378261509
0.0865168163182773
0.0681599270835848
0.0885720157987513
0.0463627975787605
0.00711653642786645
0.0217087634291673
0.0336298537496399
0.0502951383694667
0.0373069480341159
0.018234069225787
0.0438003201068032
0.000801669948727524
0.0165617192314017
0.0446012876054478
0.0475091957429896
0.0234989570796933
0.035358551410812
0.0452994988659048
0.116959459887928
0.0345594066032908
0.0378886685981846
0.0464056953358086
0.0464056953358086
0.0400212169556432
0.0386764305352074
0.00505329558533439
0.00505329558533439
0.0514115393714218
0.0134830210392369
0.0111872607082403
