1
1
1
1
1
1
1
1
1
1
1
1
1
1
1
1
1
1
1
1
1
1
1
1
1
1
1
1
1
1
1
1
1
1
1
1
1
1
1
1
1
1
1
1
1
1
1
1
1
1
1
1
1
1
1
1
1
1
1
1
1
1
1
1
1
1
1
1
1
1
1
1
1
1
1
1
1
1
1
1
1
1
1
1
1
1
1
1
1
1
1
1
1
1
1
1
1
1
1
1
1
1
1
1
1
1
1
1
1
1
1
1
1
1
1
1
1
1
1
1
1
1
1
1
1
1
1
1
1
1
1
1
1
1
1
1
1
1
1
1
1
1
1
1
1
1
1
1
1
1
1
1
1
1
1
1
1
1
1
1
1
1
1
1
1
1
1
1
1
1
1
1
1
1
1
1
1
1
1
1
1
1
1
1
1
1
1
1
1
1
1
1
1
1
1
1
1
1
1
1
1
1
1
1
1
1
1
1
1
1
1
1
1
0.977777777777778
1
1
1
1
1
1
1
1
1
1
1
1
1
1
1
1
1
0.996063915752157
1
1
1
1
1
1
1
1
1
1
1
1
1
1
1
1
1
1
1
1
1
1
1
1
1
1
1
1
1
1
1
1
1
1
1
1
1
1
1
1
1
1
1
1
1
1
0.977777777777778
1
1
1
1
1
1
1
1
1
1
1
1
1
1
1
1
1
1
1
1
1
0.84585970464135
1
1
1
0.994071296185904
0.981168989973099
1
1
0.967077063383493
1
1
1
1
1
1
0.936543394288873
0.987629886194953
1
1
0.976124031007752
1
1
1
1
1
1
1
1
1
1
1
1
1
1
0.962508520790729
0.973541620456922
0.976076555023923
1
1
1
1
1
1
0.939726176839579
0.939726176839579
1
0.987012987012987
1
0.916666666666667
1
1
1
1
1
0.976124031007752
1
1
0.952912546093123
0.952912546093123
1
1
0.960923169281053
0.960923169281053
1
0.968344889960808
1
1
1
1
0.944096122940248
0.945857398588172
0.963017685645878
1
0.926477384612293
0.99608551641072
1
1
1
0.995781726705109
1
1
1
1
0.976190476190476
1
1
1
1
1
0.983829787234043
0.984749455337691
0.984749455337691
0.977777777777778
0.980769230769231
0.980769230769231
1
1
0.872397794880192
1
1
1
0.852809324690496
1
0.917704961443462
1
1
0.980769230769231
1
0.864
0.921705300697033
0.923311679209287
1
1
1
0.973751930005146
0.984352366816288
0.984352366816288
1
1
1
1
0.904661983395676
0.928031658831052
0.980451127819549
1
0.980451127819549
0.987012987012987
1
0.929951984851559
0.980968301935319
0.976112412177986
0.838163730073115
0.838163730073115
0.901234567901235
0.902499988214274
1
0.976190476190476
0.899749496859682
0.980769230769231
0.992644212156407
0.992644212156407
1
1
0.976076555023924
1
1
1
0.977777777777778
1
1
0.915483815377546
0.976190476190476
0.989417989417989
0.994555353901996
0.994555353901996
0.881583250152439
1
1
0.887940935192782
0.978584026203074
1
0.867905856030292
1
1
0.804946798394938
0.804946798394938
0.739555281988151
0.739555281988151
0.789693065555134
0.825120259701934
0.894073318556541
0.805984104721833
0.785129181707074
0.991087344028521
1
0.883205456095482
0.883205456095482
0.807892882311487
0.838401589716521
0.903264948650327
0.833650268706078
1
1
0.815236657478484
1
0.868852459016393
0.830476757957546
0.859168757499727
0.918265144939291
0.977777777777778
1
0.824875436343135
0.733253416392584
0.923611111111111
0.824575926229436
0.977777777777778
1
0.976112412177986
0.809694221025404
0.768316468185677
0.792387434225037
0.792387434225037
0.819720993296592
0.808179588249485
0.85075540832204
0.775385103605397
0.761565720071199
0.788182651355868
0.78438597936957
0.78438597936957
0.808343628035116
0.863242135398029
0.859345928483491
0.727272727272727
0.883490535499462
0.883490535499462
0.883490535499462
0.913131313131313
0.911292593635596
0.842704111507859
0.987012987012987
0.671294506535854
0.887542384783612
0.700644103726018
0.680651540170836
0.632651268990954
0.977777777777778
0.704585537918871
0.660992419888668
0.979978157990535
0.823615085592377
0.704340435643259
0.675598800468487
0.798646954188902
0.726482159853811
0.696567229909835
0.75
0.898875540067737
0.684190640686565
0.82009376588654
0.641613193288565
0.705235166132963
0.762695661323193
0.688215490134339
0.62019315188762
0.576339405387545
0.843089824221899
0.696669022769416
0.744711158005803
0.633100823254176
0.642614023144996
0.665447880667433
0.665447880667433
0.599497278961369
0.62505176681471
0.717444717444717
0.717444717444717
0.673906513316328
0.673906513316328
0.758641450166874
0.548603783296873
0.795126563932962
0.696774193548387
0.637366916140077
0.637366916140077
0.522010928971978
0.522010928971978
0.405797101449276
0.626246635432148
0.630144167758846
0.658981834492039
0.761558374874307
0.571428571428571
0.571428571428572
0.521739130434783
0.506923076923077
0.510935471879779
0.628216503992902
0.659565266375197
0.571054547834696
0.592991070901027
0.426089614279601
0.598935066891473
0.52997111218103
0.586413623156424
0.505748697360553
0.531973030263531
0.531973030263531
0.531973030263531
0.549669366856724
0.601416692331383
0.49208733974359
0.400036400036399
0.516922654021922
0.488448844884488
0.583142464498396
0.52600372919098
0.37467870481015
0.443446365745939
0.591965087921961
0.49036580119049
0.49036580119049
0.462165326672391
0.496562414161094
0.531702607016414
0.485790127546027
0.51147092750032
0.540285172138999
0.507256009748532
0.440326874836485
0.427023898122881
0.427023898122881
0.441669217426793
0.474899751281661
0.2958622532037
0.441616766467066
0.427584131601385
0.444483593922044
0.48780487804878
0.369892473118279
0.361668325215175
0.465876924026034
0.323847587661958
0.406722689075631
0.432966743876889
0.432966743876889
0.445163881844397
0.423494201271979
0.422413355445746
0.374384236453202
0.35349222103209
0.35349222103209
0.395262920186993
0.423291139240507
0.413662594614151
0.349661921677447
0.364197530864197
0.399886460403066
0.357412935323383
0.448918832872988
0.132975391861724
0.132975391861724
0.430063694267516
0.356321545858227
0.339490296937106
0.374123781365419
0.329103377855921
0.389977673033987
0.364296116504854
0.302964219675182
0.410577821760405
0.286200469978122
0.31958712604416
0.335526017329765
0.355341918465731
0.324694771974191
0.206643436333815
0.318174468269712
0.355069476885311
0.322958427484996
0.341754840567193
0.363624970133361
0.344976248976248
0.307581256339589
0.317081564758518
0.268518865029527
0.287904822347046
0.332978669503978
0.356912148407567
0.250600433055507
0.356001901101399
0.278252664921878
0.378947368421053
0.354098360655738
0.195306619643215
0.269674797056106
0.282409254088552
0.285714285714286
0.318854220287687
0.294668033837477
0.232331578183999
0.256514704482726
0.329101111233359
0.277566233179515
0.234829022922029
0.119777010217751
0.212317539555344
0.195815183180159
0.229751624288777
0.132370132424994
0.250565788440564
0.251923343477623
0.253918495297806
0.209637152700103
0.260042095277622
0.174198986113366
0.174198986113366
0.195350009262667
0.176263479372849
0.176263479372849
0.136281210487293
0.266666666666667
0.216957190537277
0.109199252863737
0.111100671542508
0.140847660200423
0.169897771941184
0.158980791117737
0.103010716342854
0.154321433041227
0.144143683291088
0.102927675404619
0.114338390628001
0.0739343956457629
0.0268901890461227
0.0146580247620516
0.00619359796049291
