0.13125
0.238815706437519
0.238264105173999
0.0187879217506266
0.240753415711058
0.240753415711058
0.240753415711058
0.254684825121184
0.242153426264914
0.136141852922659
0.083487487476936
0.0874278197515275
0.161160503561681
0.143166745040508
0.0286555018260939
0.0286555018260939
0.223728340368761
0.24094887720166
0.220902618907191
0.145409444569571
0.146025503776853
0.218114235925836
0.101029536216582
0.0513944773476043
0.0783916624093898
0.193582175745446
0.127459136163344
0.120068979711324
0.120068979711324
0.200117381145881
0.121535951627141
0.149810452156948
0.0821222091138091
0.152270318112091
0.134605361689363
0.106991662145811
0.109185071831607
0.109185071831607
0.145458020172272
0.0714485139639935
0.122377838786085
0.0804728282862562
0.156501135688039
0.0710976475047481
0.131095502599366
0.131095502599366
0.11255118263523
0.12969027435008
0.0715921258545425
0.0939774549887553
0.147514086747333
0.081185082206517
0.129278704077111
0.0876955660197256
0.0574166887998021
0.0734169404055264
0.0642423202101059
0.0383016415889307
0.0591901115591385
0.133476700958346
0.100964709123675
0.0847506543149534
0.0584055083368621
0.15025701685141
0.099202080547699
0.104738720271897
0.0366111335786429
0.0366111335786429
0.0636528046783777
0.0636528046783777
0.0711612604655527
0.0916583347570893
0.0920993049975571
0.0900773113145083
0.184843424667112
0.0894928130875199
0.11125629881633
0.0947251067485865
0.0628368021884584
0.0996597020302892
0.0604022985760453
0.0825906012845836
0.0825906012845836
0.174274439254919
0.0849481597956673
0.0320402149882085
0.0664602355271551
0.0462730032272225
0.140058887346869
0.124620939758779
0.0611912993477425
0.0820584046102406
0.0275948990040993
0.0275948990040993
0.0275948990040993
0.0515434105171693
0.0525024394046835
0.0868949761521046
0.0393370528240406
0.0803702551686503
0.0536697047357103
0.0358632672388602
0.0946705376644626
0.0610768023608902
0.0456546763954395
0.0456546763954395
0.0470877063033841
0.102586466962021
0.0358042251554592
0.0489441841068713
0.106787904027607
0.0710287992742243
0.0465486420208153
0.0650844320581367
0.0650844320581367
0.0378958902402283
0.0493032200096279
0.0586589221153164
0.0592893479786473
0.0255629236285855
0.0533465359047986
0.0495365648699588
0.0587614720793126
0.0587614720793126
0.0658115791584884
0.0476376302455603
0.0453225906051894
0.0157084706720242
0.0848272248640452
0.0848272248640452
0.0768762297015108
0.0826020852252244
0.046438282065758
0.0204207409220964
0.0291027992948226
0.0254491314603097
