1
1
1
1
1
1
1
1
1
1
1
1
1
1
1
1
1
1
1
1
1
1
1
1
1
1
1
1
1
1
1
1
1
1
1
1
1
1
1
1
1
1
1
1
1
1
1
1
1
1
1
1
1
1
1
1
1
1
1
1
1
1
1
1
1
1
1
1
1
1
1
1
1
1
1
1
1
1
1
1
1
1
1
1
1
1
1
1
1
1
1
1
1
1
1
1
1
1
1
1
1
1
1
1
1
1
1
1
1
1
1
1
1
1
1
1
1
1
1
1
1
1
1
1
1
1
1
1
1
1
1
1
1
1
1
1
1
1
1
1
1
1
1
1
1
1
1
1
1
1
1
1
1
1
1
1
1
1
1
1
1
1
1
1
1
1
1
1
1
1
1
1
1
1
1
1
1
1
1
1
1
1
1
1
1
1
1
1
1
1
1
1
1
1
1
1
1
1
1
1
1
1
1
1
1
1
1
1
1
1
1
1
1
1
1
1
1
1
1
1
1
1
1
1
1
1
1
1
1
1
1
1
1
1
1
1
1
1
1
1
1
1
1
1
1
1
1
1
1
1
1
1
0.987012987012987
1
1
1
1
1
1
1
1
1
1
1
1
1
1
1
1
1
1
1
1
1
1
1
1
1
1
1
1
1
1
1
1
1
1
1
1
1
1
1
1
1
0.96002205679625
0.96002205679625
0.96002205679625
1
1
1
1
1
1
1
1
1
1
0.965596283334356
1
1
1
1
1
1
1
1
1
1
1
1
1
1
1
1
1
1
1
0.977777777777778
0.935104596121545
1
1
0.99754884795854
1
1
0.0930232558139539
0.0930232558139539
1
1
0.882759922997434
1
1
1
1
1
1
1
1
1
1
1
0.988918042907856
0.988918042907856
1
0.953255941985416
1
1
1
1
1
1
1
1
1
0.894651223955035
0.894651223955035
1
1
1
0.830188679245283
1
1
1
1
1
1
1
1
1
1
0.837528604118993
0.931506849315068
1
1
1
1
1
1
1
1
0.830546606607482
0.999055037054611
1
0.928865373309818
1
0.888821696032346
0.888821696032346
1
1
1
1
0.969295596294221
1
0.977777777777778
0.0272108843537412
0.0272108843537412
0.0272108843537412
0.042105263157895
0.042105263157895
0.425531914893618
0.855248413886276
0.992531936606297
0.905329153605016
0.780698756438122
0.96671371206676
1
1
1
0.981841191923453
0.952380952380952
1
0.848484848484848
1
1
1
0.203389830508474
0.839879701726198
0.66839314342089
1
0.857193879109233
0.880022872067545
1
0.976076555023924
0.0602038893889599
0.890738968160334
1
0.888888888888889
0.958825199789056
1
1
0.833812341504649
0.92723915987017
0.992178292081861
0.941176470588236
1
0.897959183673469
0.807347421746445
1
1
0.986124152321335
0.977399001789246
0.924370650647793
0.924370650647793
0.836778332145403
0.17910447761194
0.17910447761194
1
0.827083818244308
0.117034195863677
1
0.666416427969081
0.912280701754386
0.920541643761176
0.819019624071298
0.852879213483147
0.709970899778838
0.685366969664092
0.607595013540207
0.784734321029779
0.689995258416311
1
0.959380077490314
0.721698113207547
1
0.90491016504096
0.8
1
0.753173091705796
0.860759493670886
0.636261572409048
0.880987899462766
0.880987899462766
0.857142857142856
0.731711600918887
0.765957446808511
0.8
0.670443950369361
0.906134581895424
1
0.829195764811894
0.862131476004198
1
0.781757895137872
0.807892882311487
0.783135627456021
0.754285714285714
0.731124916260017
0.731124916260017
0.731124916260017
0.668405727733237
1
0.70679494696688
0.597584525612168
0.990825688073395
0.813338166002174
0.881355932203389
0.555623754293408
0.8
0.556807568095228
0.4
0.714511384682427
0.865034048132639
0.857554514305086
0.720126955560963
0.705882352941176
0.702771421306891
0.717948717948718
0.912800106381111
0.740740740740741
0.762497617988947
0.976112412177986
0.7830884401761
0.777675601026023
0.995182595182595
0.654543240600159
0.780578898225957
0.774799759196639
0.737385894544329
0.774809480440338
0.957091638879888
0.728667452379529
0.677888328583081
0.592273461964395
0.802693499816379
0.715652728643507
0.931026440240951
0.898053152144531
0.873553749597289
0.85673639146554
0.755913808545387
0.655126646827891
0.732739459239318
0.732394366197183
0.544216391256727
0.82223330712433
0.565161290322581
0.705882352941176
0.823678142241413
0.619920290389306
0.72977253345864
0.542622906505713
0.582934968179896
0.496891313572165
0.494727506494188
0.847059961123855
0.592592592592593
0.830960022434799
0.787415803142927
0.705882352941176
0.645161290322581
0.688989213119298
0.571428571428571
0.544338624338624
0.590618132901014
0.590618132901014
0.571428571428571
0.688010118438824
0.562998598813287
0.521739130434783
0.651162790697674
0.571428571428571
0.683292524618904
0.552187877454909
0.427705256790431
0.328632378507258
0.667275641469049
0.592218988583611
0.544456087412116
0.544456087412116
0.544456087412116
0.519536290124004
0.514127389248188
0.44526593040987
0.529089861965195
0.571428571428571
0.482050439497248
0.724176231025546
0.610617640983268
0.380704041720991
0.591615325714152
0.394709594551556
0.37107049431123
0.548872180451128
0.514413619329011
0.0360360360360364
0.0360360360360364
0.491228070175439
0.86450049280485
0.536598835474809
0.4
0.383339568524753
0.500623961613764
0.468265639116414
0.428092154419452
0.571428571428571
0.571428571428571
0.329426466376819
0.635514018691589
0.452423232621892
0.228774211188198
0.438625533272564
0.349346416896955
0.419224986662787
0.426421293181309
0.406134014156165
0.233470102303189
0.380704041720991
0.198106528229562
0.481868586976838
0.60935205907474
0.451295973170948
0.304616292508638
0.43378462152856
0.213450292397661
0.444444444444444
0.460705629928157
0.433734939759036
0.240922499329579
0.302501052926719
0.443944251783026
0.450331125827815
0.233733256783906
0.376306620209059
0.371390979635606
0.371390979635606
0.317403027080446
0.0752299664368487
0.175377485059154
0.287850530100644
0.287850530100644
0.378030758090734
0.34008751129595
0.333333333333334
0.389380530973451
0.214539908490087
0.195892854571479
0.358581747482815
0.19047619047619
0.194399098813253
0.293381037567084
0.223173262929724
0.266666666666667
0.34239439714046
0.258710056384579
0.35955185201617
0.302767063947091
0.353889507305675
0.165304901569587
0.244806591600107
0.304267161410018
0.249061607842492
0.313043478260869
0.281692468081205
0.122994983017007
0.059087178644611
0.343069535814273
0.185372368438628
0.317460317460317
0.317460317460317
0.199892985277559
0.194305350728461
0.154223466301531
0.259636094591737
0.257377117204393
0.224481662564228
0.209570154095701
0.0762912432131421
0.124673118344811
0.204007608262928
0.0406941956749951
0.164209736601531
0.117954652626574
0.093220338983051
0.0592567739367907
0.13835322926232
0.181818181818182
0.143629311481325
0.2004036149864
0.136111843840675
0.135268417472354
0.136093071064804
0.0971357409713575
0.084045510456822
0.0530176871407414
0.0929742967161322
