TARA_146	TARA_147	TARA_148	TARA_149
2102542	0	0	0	0
2964889	0.1	0.0163934426229508	0	0
6696150	0	0	0	0
3737703	1	0.967391304347826	1	0.981132075471698
968163	1	0.987179487179487	1	1
2997525	0	0.0222222222222222	0	0
3103539	0.5	0	0.0769230769230769	0
3516360	0.846153846153846	0.871794871794872	0.923076923076923	0.942857142857143
1092035	0.857142857142857	0.754385964912281	1	0.923076923076923
5364515	0.866666666666667	0.818181818181818	0.615384615384615	0.765957446808511
1736064	0.466666666666667	0.80952380952381	0.833333333333333	0.780487804878049
3558321	0.789473684210526	0.784810126582278	0.95	0.875
7008126	1	0.909090909090909	0.833333333333333	0.816326530612245
2212781	0.666666666666667	0.866666666666667	0.944444444444444	0.592592592592593
2571025	0.2	0.254901960784314	0	0.166666666666667
3778151	0	0.0740740740740741	0.238095238095238	0.388888888888889
3164581	0	0.015625	0	0.222222222222222
6719115	0.916666666666667	0.625	0.705882352941177	0.766666666666667
2167969_1	0.882352941176471	0.939759036144578	0.933333333333333	0.705882352941177
2167969_2	0.882352941176471	0.939759036144578	0.933333333333333	0.705882352941177
133979	0.8	0.785714285714286	0.875	0.892857142857143
2950072	0.823529411764706	0.769230769230769	1	0.9375
6544370	0.538461538461538	0.688888888888889	0.666666666666667	0.80952380952381
6152670	1	0.845070422535211	1	0.971428571428571
1531500	0.857142857142857	0.835820895522388	0.375	0.714285714285714
1695121	0	0.1	0.0714285714285714	0.0769230769230769
1726304	0.866666666666667	0.781818181818182	0.916666666666667	0.8125
2043670_1	0	0.202380952380952	0.0526315789473684	0.0816326530612245
2043670_2	0	0.202380952380952	0.0526315789473684	0.0816326530612245
2416105	0.0588235294117647	0.0161290322580645	0.142857142857143	0.2
634522	0	0.111111111111111	0.15	0
445848	1	0.586206896551724	0.6875	0.8
5793133	0.2	0.193548387096774	0.125	0.225806451612903
3546701	0	0.131578947368421	0.1	0.169811320754717
3103147	1	0.708333333333333	0.928571428571429	0.704545454545455
6943642	0.692307692307692	0.692307692307692	0.272727272727273	0.59375
4744527	0.684210526315789	0.619718309859155	0.166666666666667	0.825
6516645	0.833333333333333	0.883116883116883	0.9	0.956521739130435
4679159	0.666666666666667	0.88135593220339	0.772727272727273	0.867924528301887
6984002	0.555555555555556	0.565217391304348	0.695652173913043	0.365853658536585
1484161	0.0769230769230769	0.136363636363636	0.105263157894737	0.0740740740740741
222865	0.04	0.0379746835443038	0	0.175438596491228
3634272	0.111111111111111	0.116666666666667	0	0.319148936170213
6308609_1	0.857142857142857	0.892857142857143	0.944444444444444	0.653061224489796
6308609_2	0.857142857142857	0.892857142857143	0.944444444444444	0.653061224489796
6966719	0.888888888888889	0.786885245901639	0.8125	0.861111111111111
4894347	0.1	0.147540983606557	0	0.0645161290322581
5545471	1	0.766233766233766	0.909090909090909	0.939393939393939
2124893	0.0555555555555556	0.0947368421052632	0.133333333333333	0.0625
5189463	0.611111111111111	0.459016393442623	0.75	0.452380952380952
4060015	0.222222222222222	0.514285714285714	0.882352941176471	0.636363636363636
2808041	0.909090909090909	0.804597701149425	0.631578947368421	0.932203389830508
1091540	1	0.880952380952381	0.958333333333333	0.896551724137931
2997495	1	0.705882352941177	0.714285714285714	0.612903225806452
2455150	0.0666666666666667	0.0303030303030303	0	0.27906976744186
7106498	0.266666666666667	0.375	0.105263157894737	0.434782608695652
2078508	0.454545454545455	0.386666666666667	0.84	0.40625
3542756	0.75	0.78125	0.807692307692308	0.794117647058823
180582_1	0.8	0.55	1	0.7
180582_2	0.8	0.55	1	0.7
1172485	0.2	0.254901960784314	0	0.435897435897436
4867985	0.1	0.262295081967213	0.0666666666666667	0.3125
273201	0.05	0.166666666666667	0.0909090909090909	0.178571428571429
2997200	0.363636363636364	0.608108108108108	0.705882352941177	0.742857142857143
6815614	0.384615384615385	0.536231884057971	0.588235294117647	0.333333333333333
5201537	0.4	0.103092783505155	0	0.0588235294117647
3003053	0.3	0.819444444444444	0.833333333333333	0.58
4292836	0.857142857142857	0.706666666666667	0.823529411764706	0.977272727272727
5218944	0.777777777777778	0.84375	0.733333333333333	0.931034482758621
2262007	0.1	0.164179104477612	0.0454545454545455	0.185185185185185
102098	0.352941176470588	0.485294117647059	1	0.516129032258065
6816681	0.681818181818182	0.793650793650794	0.9375	0.804878048780488
656320	0.9375	0.828125	0.88	0.837209302325581
5044997	0.0909090909090909	0.307692307692308	0.222222222222222	0.394736842105263
2850642	0.0434782608695652	0.291666666666667	0.157894736842105	0.407407407407407
3735964	0.555555555555556	0.636363636363636	0.333333333333333	0.413793103448276
6539219	0.583333333333333	0.647058823529412	0.333333333333333	0.391304347826087
230973	0.55	0.5	0.833333333333333	0.409090909090909
1195342	0.230769230769231	0.0882352941176471	0.235294117647059	0.25
3465506	1	0.861538461538462	0.962962962962963	0.833333333333333
3719814	0.0909090909090909	0.178571428571429	0.25	0.0357142857142857
4483317	0.1875	0.447368421052632	0.666666666666667	0.633333333333333
7128523	0	0.194029850746269	0.307692307692308	0.372093023255814
401991	0.153846153846154	0.260869565217391	0.333333333333333	0.571428571428571
1166347	0.05	0.181818181818182	0.277777777777778	0.444444444444444
246406	0.789473684210526	0.892307692307692	0.84	0.695652173913043
3156140	0.652173913043478	0.516666666666667	0.448275862068966	0.6
3205182	0.117647058823529	0.136842105263158	0.28	0.0434782608695652
4038037	0.285714285714286	0.186440677966102	0.363636363636364	0.170731707317073
3314470	1	0.91358024691358	0.892857142857143	0.958333333333333
6039185	0.461538461538462	0.397058823529412	0.291666666666667	0.6
118303	0.6	0.196078431372549	0.181818181818182	0.333333333333333
747701_1	0.9	0.655172413793103	0.8125	0.851851851851852
747701_2	0.9	0.655172413793103	0.8125	0.851851851851852
3692292	0.833333333333333	0.905882352941176	0.961538461538462	0.9375
4471425	0.916666666666667	0.850746268656716	0.578947368421053	0.769230769230769
815159	0.384615384615385	0.490909090909091	0.545454545454545	0.326086956521739
3436209	0.333333333333333	0.192307692307692	0.0869565217391304	0.1
6479328	0.538461538461538	0.421052631578947	0.272727272727273	0.425925925925926
2913378	0.176470588235294	0.215384615384615	0.3125	0.105263157894737
3298713	0.0833333333333333	0.19047619047619	0	0.225806451612903
2168186	0.0909090909090909	0.168674698795181	0.0952380952380952	0.0566037735849057
459736	0.0714285714285714	0.381578947368421	0.473684210526316	0.156862745098039
2724427	1	0.813559322033898	0.833333333333333	0.861111111111111
4385042	0.75	0.744186046511628	0.333333333333333	0.773584905660377
5041343	0.692307692307692	0.709090909090909	0.866666666666667	0.770833333333333
3385419	0.5	0.419354838709677	0.277777777777778	0.348837209302326
2003235	0.904761904761905	0.844444444444444	1	0.866666666666667
4287065	0.428571428571429	0.307692307692308	0.529411764705882	0.27906976744186
2863201	1	0.829787234042553	0.758620689655172	0.941176470588235
3087362	0.0588235294117647	0.185714285714286	0	0
2777408	0.619047619047619	0.72	1	0.645833333333333
5620016	0.882352941176471	0.716666666666667	0.384615384615385	0.555555555555556
7013905	0.0625	0.155844155844156	0.454545454545455	0.215686274509804
4811661	0.416666666666667	0.441176470588235	0.583333333333333	0.341463414634146
3061111	1	0.854166666666667	1	0.962264150943396
2453242	0.0555555555555556	0.0422535211267606	0.0526315789473684	0.112903225806452
5619305	0	0.202702702702703	0.333333333333333	0.357142857142857
1931808	0.1	0.3	0.315789473684211	0.173076923076923
4240905	0.15	0.236111111111111	0.266666666666667	0.0697674418604651
5554806	0.727272727272727	0.616666666666667	0.826086956521739	0.815789473684211
6014919	0.0833333333333333	0.227848101265823	0.347826086956522	0.295454545454545
3459558	0	0.155172413793103	0	0.0217391304347826
3286825	0.0833333333333333	0.357142857142857	0.166666666666667	0.326530612244898
3592391_1	0.4	0.628571428571429	0.428571428571429	0.568181818181818
3592391_2	0.4	0.628571428571429	0.428571428571429	0.568181818181818
5355603	0.75	0.869047619047619	1	0.714285714285714
2479523	1	0.779661016949153	0.821428571428571	0.848484848484849
6728381	0.333333333333333	0.757142857142857	0.736842105263158	0.744186046511628
5790444	0.222222222222222	0.173333333333333	0.0625	0.113207547169811
118563	0	0.0810810810810811	0.233333333333333	0.0196078431372549
1088014_1	0.458333333333333	0.425742574257426	0.416666666666667	0.439024390243902
1088014_2	0.458333333333333	0.425742574257426	0.416666666666667	0.439024390243902
4918076	0.666666666666667	0.574074074074074	0.642857142857143	0.428571428571429
3823494	0.1	0.0394736842105263	0	0.261904761904762
6221173	0.714285714285714	0.523076923076923	0.904761904761905	0.694444444444444
1136681	0.85	0.558441558441558	0.55	0.684210526315789
2815639	0.9375	0.901234567901235	1	0.88
2735674	0.111111111111111	0.142857142857143	0	0.183673469387755
3030391	0.478260869565217	0.784090909090909	0.48	0.854545454545454
647434	0.142857142857143	0.268817204301075	0.588235294117647	0.461538461538462
1899640	0.5	0.647727272727273	0.363636363636364	0.468085106382979
6078964	0.157894736842105	0.491803278688525	0.294117647058824	0.459459459459459
413853	0.263157894736842	0.263157894736842	0	0.181818181818182
6350534	1	0.754098360655738	0.904761904761905	0.857142857142857
6927942_1	0.1875	0.2	0.318181818181818	0.25
6927942_2	0.1875	0.2	0.318181818181818	0.25
4058731_1	0.733333333333333	0.723684210526316	0.933333333333333	0.844444444444444
4058731_2	0.733333333333333	0.723684210526316	0.933333333333333	0.844444444444444
4058731_3	0.733333333333333	0.723684210526316	0.933333333333333	0.844444444444444
4597189	0.4	0.136363636363636	0.210526315789474	0.259259259259259
3511041_1	0.833333333333333	0.673076923076923	0.833333333333333	0.888888888888889
3511041_2	0.833333333333333	0.673076923076923	0.833333333333333	0.888888888888889
5955477	0.0769230769230769	0.112244897959184	0	0.1
2575169_1	0.307692307692308	0.707317073170732	0.380952380952381	0.4375
2575169_2	0.307692307692308	0.707317073170732	0.380952380952381	0.4375
2575169_3	0.307692307692308	0.707317073170732	0.380952380952381	0.4375
396810	0.2	0.275862068965517	0.0952380952380952	0.28125
3950452	1	0.695652173913043	0.789473684210526	0.722222222222222
4748980	0.166666666666667	0.425925925925926	0.3	0.526315789473684
4521461_1	0	0.0923076923076923	0.428571428571429	0.166666666666667
4521461_2	0	0.0923076923076923	0.428571428571429	0.166666666666667
2442854	0.833333333333333	0.8	0.9	0.925
6368016	0.222222222222222	0.157142857142857	0.0555555555555556	0.322033898305085
1435519	0.2	0.236842105263158	0.3	0.5
5768632_1	0.882352941176471	0.655172413793103	0.533333333333333	0.807692307692308
5768632_2	0.882352941176471	0.655172413793103	0.533333333333333	0.807692307692308
62303	0.8125	0.791044776119403	0.583333333333333	0.727272727272727
1367166_1	1	0.787878787878788	0.894736842105263	0.903225806451613
1367166_2	1	0.787878787878788	0.894736842105263	0.903225806451613
1433173	0.260869565217391	0.184782608695652	0.0833333333333333	0.181818181818182
3116574	0.695652173913043	0.788235294117647	0.928571428571429	0.894736842105263
2465839_1	0.176470588235294	0.290909090909091	0.142857142857143	0.323529411764706
2465839_2	0.176470588235294	0.290909090909091	0.142857142857143	0.323529411764706
3989956	0.235294117647059	0.223529411764706	0.1	0.145454545454545
5079234	0.785714285714286	0.76271186440678	1	0.939393939393939
5260344	0.6	0.816666666666667	0.722222222222222	0.516129032258065
3602416	0.75	0.634146341463415	0.321428571428571	0.589285714285714
1327016	0.857142857142857	0.850574712643678	0.791666666666667	0.918367346938776
3233585_1	0.304347826086957	0.283333333333333	0	0.365384615384615
3233585_2	0.304347826086957	0.283333333333333	0	0.365384615384615
3233585_3	0.304347826086957	0.283333333333333	0	0.365384615384615
295914	0.5	0.68	1	0.688888888888889
6527338	0.368421052631579	0.516666666666667	0.285714285714286	0.421052631578947
3471118	0.833333333333333	0.765432098765432	0.722222222222222	0.854166666666667
2997318	0.611111111111111	0.424242424242424	0.428571428571429	0.38
1036376	0.882352941176471	0.712328767123288	0.8	0.682926829268293
96084	0.2	0.419753086419753	0.166666666666667	0.355555555555556
2170858	0.523809523809524	0.764705882352941	0.5	0.86046511627907
263794	0.5	0.602409638554217	0.4	0.452380952380952
642957	0	0.287671232876712	0.428571428571429	0.270833333333333
2142413	0	0.109375	0	0.027027027027027
2778654	1	0.576923076923077	0.733333333333333	0.67741935483871
2585819	0.647058823529412	0.662162162162162	0.681818181818182	0.684210526315789
546148_1	0.75	0.808510638297872	0.941176470588235	0.829787234042553
546148_2	0.75	0.808510638297872	0.941176470588235	0.829787234042553
3102601	0.0909090909090909	0.184615384615385	0.0384615384615385	0.216216216216216
461123_1	0.6	0.441176470588235	0.65	0.472222222222222
461123_2	0.6	0.441176470588235	0.65	0.472222222222222
5126886	0.722222222222222	0.463917525773196	0.578947368421053	0.666666666666667
3684821_1	1	0.63768115942029	0.736842105263158	0.619047619047619
3684821_2	1	0.63768115942029	0.736842105263158	0.619047619047619
5679897	0.357142857142857	0.32183908045977	0.210526315789474	0.571428571428571
5153571	0.523809523809524	0.625	0.789473684210526	0.571428571428571
6066309	0.916666666666667	0.803030303030303	0.928571428571429	0.870967741935484
5396264	0.285714285714286	0.526315789473684	0.5	0.205882352941176
1911622	0.526315789473684	0.191780821917808	0.3	0.342105263157895
7035174	0.538461538461538	0.655913978494624	0.65	0.36
1090711	0.166666666666667	0.194805194805195	0.142857142857143	0.24
2793472	0.222222222222222	0.209876543209877	0.136363636363636	0.211538461538462
149743_1	1	0.875	0.962962962962963	0.974358974358974
149743_2	1	0.875	0.962962962962963	0.974358974358974
1742683	0.181818181818182	0.181818181818182	0	0
3402782	0.142857142857143	0.181818181818182	0.0769230769230769	0.133333333333333
107174	0.722222222222222	0.721518987341772	0.375	0.653061224489796
5935138	0.05	0.160919540229885	0.125	0.142857142857143
1126859	0.933333333333333	0.628571428571429	0.9	0.588235294117647
5529094	0.266666666666667	0.209677419354839	0.0714285714285714	0.166666666666667
2085786	0.428571428571429	0.605263157894737	0.5	0.741935483870968
4937886	0	0.287671232876712	0.0769230769230769	0.114285714285714
3723887	0.05	0.0777777777777778	0	0.0217391304347826
372388	0.454545454545455	0.808823529411765	0.823529411764706	0.818181818181818
2381495_1	0.857142857142857	0.851351351351351	0.736842105263158	0.837209302325581
2381495_2	0.857142857142857	0.851351351351351	0.736842105263158	0.837209302325581
2381495_3	0.857142857142857	0.851351351351351	0.736842105263158	0.837209302325581
1099396	0.529411764705882	0.515625	0.347826086956522	0.571428571428571
1515224	0.888888888888889	0.813559322033898	0.5625	0.678571428571429
4081092	0.352941176470588	0.212121212121212	0.307692307692308	0.0857142857142857
5585508	0	0.046875	0.1	0.24390243902439
1688433	0.0909090909090909	0.136363636363636	0.0833333333333333	0.122448979591837
2601489	0.578947368421053	0.53125	0.535714285714286	0.542857142857143
6861795	0.294117647058824	0.238095238095238	0.1875	0.4
2605649	0.166666666666667	0.171875	0	0.166666666666667
1205473	0.866666666666667	0.875	1	0.933333333333333
1752327	1	0.890909090909091	1	1
430482_1	0.764705882352941	0.621621621621622	0.65	0.557377049180328
430482_2	0.764705882352941	0.621621621621622	0.65	0.557377049180328
430482_3	0.764705882352941	0.621621621621622	0.65	0.557377049180328
1504675	0.181818181818182	0.118421052631579	0.0588235294117647	0.268292682926829
1213626	0	0.391304347826087	0.318181818181818	0.378378378378378
3665633	0.666666666666667	0.69811320754717	0.764705882352941	0.459459459459459
334163	0.357142857142857	0.403225806451613	0.173913043478261	0.41025641025641
821732	0.7	0.767441860465116	0.846153846153846	0.654545454545455
4478244	0.3	0.483870967741935	0.368421052631579	0.51219512195122
3202923	0.833333333333333	0.8	1	0.909090909090909
5627592	0.652173913043478	0.579710144927536	0.75	0.774193548387097
1283377	0.6	0.734177215189873	0.733333333333333	0.696969696969697
1893168	0.0454545454545455	0.168539325842697	0.0555555555555556	0.0816326530612245
6380487	0.4	0.414285714285714	0.208333333333333	0.363636363636364
4435438	0.0555555555555556	0.13265306122449	0.0625	0.125
2578080	0.85	0.844155844155844	1	0.891304347826087
3268030_1	1	0.784810126582278	0.777777777777778	0.543859649122807
3268030_2	1	0.784810126582278	0.777777777777778	0.543859649122807
7015780	0.2	0.474358974358974	0.1875	0.297297297297297
1387112	0.318181818181818	0.579545454545455	0.739130434782609	0.448979591836735
3128486	0.105263157894737	0.406593406593407	0.555555555555556	0.378378378378378
1846472	0.1	0.173076923076923	0.166666666666667	0.19047619047619
630166	1	0.943820224719101	0.923076923076923	0.8
5039816_1	0.956521739130435	0.746666666666667	0.882352941176471	0.862745098039216
5039816_2	0.956521739130435	0.746666666666667	0.882352941176471	0.862745098039216
2826299	0	0.205479452054795	0.111111111111111	0.137254901960784
6398946	0.263157894736842	0.15625	0.125	0.14
465205	0.133333333333333	0.253521126760563	0.2	0.0909090909090909
4197583	0.285714285714286	0.316666666666667	0.4	0.147058823529412
5112449	0	0.102941176470588	0	0.0952380952380952
194615	0.714285714285714	0.703703703703704	0.714285714285714	0.870967741935484
2375053	0.875	0.69811320754717	0.777777777777778	0.80952380952381
1718147	0.315789473684211	0.24	0.466666666666667	0.4
1716575	0.8	0.888888888888889	0.578947368421053	0.871794871794872
3515980	0.8	0.646153846153846	0.608695652173913	0.810810810810811
5934077_1	0.5	0.26865671641791	0.409090909090909	0.457142857142857
5934077_2	0.5	0.26865671641791	0.409090909090909	0.457142857142857
3218683	0.176470588235294	0.126315789473684	0	0.0681818181818182
6869060	1	0.85	0.909090909090909	0.918918918918919
38614	1	0.833333333333333	0.75	0.710526315789474
1537331	0.0588235294117647	0.0845070422535211	0	0.19047619047619
6218731	0.692307692307692	0.557692307692308	0.444444444444444	0.717948717948718
60082	0.1875	0.169014084507042	0	0.179487179487179
3617421	0.8	0.632183908045977	0.5	0.836734693877551
3196512	0.5625	0.32	0.28	0.282608695652174
6940372	0	0.131578947368421	0.304347826086957	0.05
6384854	0.222222222222222	0.584269662921348	0.625	0.488372093023256
147569	0.8	0.896907216494845	0.9375	0.891891891891892
6289998	0.818181818181818	0.451219512195122	0.25	0.571428571428571
275881	0.8	0.875	0.875	0.978723404255319
1312894	0.111111111111111	0.151515151515152	0	0.317073170731707
3085145	0.8	0.858823529411765	1	0.944444444444444
1457002	0	0.2125	0.0416666666666667	0.0645161290322581
4261837	1	1	0.875	1
168639	0.625	0.734177215189873	0.923076923076923	0.722222222222222
3463194	0.111111111111111	0.261904761904762	0.307692307692308	0.381818181818182
1270155	0.6875	0.686046511627907	0.866666666666667	0.5
770688	0.0714285714285714	0.133333333333333	0.142857142857143	0.272727272727273
4322489	0.785714285714286	0.924242424242424	0.714285714285714	0.666666666666667
2212787	1	0.838235294117647	0.928571428571429	0.941176470588235
188558	0.928571428571429	0.855263157894737	0.8	0.846153846153846
5169715	0.823529411764706	0.714285714285714	0.863636363636364	0.826086956521739
67740	0.0714285714285714	0.140845070422535	0.0714285714285714	0.0697674418604651
1378141	0.857142857142857	0.873239436619718	0.933333333333333	0.923076923076923
3610899	0.555555555555556	0.754716981132076	0.541666666666667	0.627906976744186
3485281	1	0.884615384615385	0.730769230769231	0.775510204081633
3027970	1	0.908045977011494	1	0.872340425531915
238570	0.947368421052632	0.75609756097561	1	0.892857142857143
4035088	0.75	0.716049382716049	0.478260869565217	0.793103448275862
1886063	0.785714285714286	0.7	0.76	0.838709677419355
2526177_1	0.333333333333333	0.454545454545455	0.545454545454545	0.297872340425532
2526177_2	0.333333333333333	0.454545454545455	0.545454545454545	0.297872340425532
1749616	0.608695652173913	0.566666666666667	0.470588235294118	0.32258064516129
705521	0	0.126436781609195	0	0.0689655172413793
1478052	1	0.880952380952381	0.842105263157895	0.788461538461538
2394606	0.818181818181818	0.804878048780488	0.823529411764706	0.615384615384615
1670983	0.642857142857143	0.89873417721519	0.8	0.825
650528	0.7	0.756410256410256	0.727272727272727	0.906976744186046
3622331	0.625	0.561643835616438	0.666666666666667	0.428571428571429
636308	0.818181818181818	0.903225806451613	1	1
6572958	0.4	0.177215189873418	0.0666666666666667	0.303571428571429
848100	0.0769230769230769	0.0952380952380952	0.0666666666666667	0.222222222222222
1183460	0.476190476190476	0.24468085106383	0.294117647058824	0.25
2586055	0.214285714285714	0.183333333333333	0	0.212121212121212
3792296	0.842105263157895	0.619718309859155	0.482758620689655	0.622222222222222
2242027	0.916666666666667	0.738095238095238	0.705882352941177	0.826923076923077
1474841_1	0.0833333333333333	0.128205128205128	0.1	0
1474841_2	0.0833333333333333	0.128205128205128	0.1	0
3700313	1	0.880597014925373	0.95	0.878787878787879
3328609	0.789473684210526	0.538461538461538	0.724137931034483	0.576923076923077
4579806	0.529411764705882	0.556962025316456	0.260869565217391	0.378378378378378
6837146	0.416666666666667	0.313725490196078	0.238095238095238	0.206896551724138
1483429	0.5	0.627118644067797	0.571428571428571	0.743589743589744
3140528	0	0.240963855421687	0.148148148148148	0.0588235294117647
5510385	0.941176470588235	0.881578947368421	1	0.833333333333333
6001471	0.736842105263158	0.868421052631579	0.769230769230769	0.851063829787234
174125	0.866666666666667	0.821428571428571	0.84	0.8
4279702	0.3	0.352112676056338	0.185185185185185	0.155555555555556
30631	0.857142857142857	0.840579710144927	0.642857142857143	0.903225806451613
3026855	0.136363636363636	0.393939393939394	0.423076923076923	0.594594594594595
2459801	0.818181818181818	0.711864406779661	0.869565217391304	0.641025641025641
1187416	0.272727272727273	0.162790697674419	0.125	0.196428571428571
1092149	0.9375	0.690140845070423	0.894736842105263	0.891891891891892
2208539	0.636363636363636	0.421686746987952	0.642857142857143	0.585365853658537
6627777	0.652173913043478	0.590163934426229	0.666666666666667	0.568181818181818
3108088	0.0588235294117647	0.186046511627907	0.1875	0.129032258064516
1203537	1	0.908045977011494	1	0.981481481481482
5619045	0.791666666666667	0.771084337349398	0.91304347826087	0.765957446808511
3354279	0.0952380952380952	0.193548387096774	0.0909090909090909	0.102564102564103
2775279	0.176470588235294	0.277777777777778	0.333333333333333	0.0975609756097561
2061944	0.625	0.434210526315789	0.722222222222222	0.446428571428571
594574	0.642857142857143	0.533333333333333	0.4	0.613636363636364
2194231	0.0909090909090909	0.168831168831169	0.111111111111111	0.115384615384615
4287303	0.357142857142857	0.469135802469136	0.409090909090909	0.607843137254902
6004546	0.470588235294118	0.648351648351648	0.736842105263158	0.686274509803922
4813865	0.142857142857143	0.397435897435897	0.125	0.32258064516129
2762566	0.818181818181818	0.607142857142857	0.647058823529412	0.676470588235294
4891613	1	0.911392405063291	1	1
1965705	0.45	0.697674418604651	0.523809523809524	0.395833333333333
1532393	0.105263157894737	0.206349206349206	0.352941176470588	0.147058823529412
6798175	0.5	0.645161290322581	0.705882352941177	0.677966101694915
3022378	0.826086956521739	0.926315789473684	0.909090909090909	0.910714285714286
4478801	0.642857142857143	0.481012658227848	0.75	0.447368421052632
120373	0.818181818181818	0.773584905660377	0.894736842105263	0.72972972972973
1439520	0.142857142857143	0.220338983050847	0.176470588235294	0.285714285714286
744857	0.928571428571429	0.880597014925373	1	0.942857142857143
6634580	1	0.758620689655172	0.666666666666667	0.59375
2556585	0.8	0.766666666666667	0.857142857142857	0.666666666666667
197841	0.833333333333333	0.715909090909091	0.478260869565217	0.642857142857143
1395044_1	0.222222222222222	0.228915662650602	0.571428571428571	0.363636363636364
1395044_2	0.222222222222222	0.228915662650602	0.571428571428571	0.363636363636364
2928936_1	0.5625	0.706521739130435	0.869565217391304	0.717948717948718
2928936_2	0.5625	0.706521739130435	0.869565217391304	0.717948717948718
2253097	0.117647058823529	0.205479452054795	0.208333333333333	0.314285714285714
3440358	0.8	0.662162162162162	0.761904761904762	0.511627906976744
2843357	0.166666666666667	0.133333333333333	0.0555555555555556	0.145833333333333
3684254	0.941176470588235	0.837837837837838	0.764705882352941	0.846153846153846
6339186_1	0.0454545454545455	0.2875	0.153846153846154	0.352941176470588
6339186_2	0.0454545454545455	0.2875	0.153846153846154	0.352941176470588
3047164	0.75	0.884057971014493	1	0.914285714285714
3822570	0.7	0.711111111111111	0.961538461538462	0.714285714285714
69030	0.0526315789473684	0.0266666666666667	0.142857142857143	0.210526315789474
5784888	0.357142857142857	0.180327868852459	0.25	0.166666666666667
6886101	0.0666666666666667	0.211764705882353	0.222222222222222	0.163934426229508
218151	0.0434782608695652	0.111111111111111	0.0588235294117647	0
6836694	0.5	0.262626262626263	0.434782608695652	0.418604651162791
6386274_1	0.7	0.625	0.56	0.377777777777778
6386274_2	0.7	0.625	0.56	0.377777777777778
3087065	0.882352941176471	0.8	1	0.888888888888889
267784	0.25	0.164383561643836	0.0625	0.340425531914894
3533018	0.666666666666667	0.555555555555556	0.636363636363636	0.833333333333333
5421001	0.0714285714285714	0.244444444444444	0.24	0.185185185185185
587309	0.291666666666667	0.263736263736264	0.0769230769230769	0.0677966101694915
3711671	0.857142857142857	0.855555555555556	0.857142857142857	0.930232558139535
279884	0.454545454545455	0.51219512195122	0.5	0.666666666666667
3988546	0.8	0.888888888888889	0.615384615384615	0.918918918918919
5953305	0.666666666666667	0.839080459770115	1	0.754385964912281
5877654_1	0.684210526315789	0.6	0.478260869565217	0.576923076923077
5877654_2	0.684210526315789	0.6	0.478260869565217	0.576923076923077
366020	0.833333333333333	0.861111111111111	0.933333333333333	0.825
3840749	0.666666666666667	0.696969696969697	0.818181818181818	0.806451612903226
1540364	0.9375	0.861111111111111	0.666666666666667	0.957446808510638
5088379	1	0.615384615384615	0.470588235294118	0.757575757575758
6729249	0.888888888888889	0.722222222222222	0.75	0.571428571428571
6545196	0.105263157894737	0.108433734939759	0.2	0.30188679245283
1556298	0.173913043478261	0.3375	0.388888888888889	0.258064516129032
2731732	0.6875	0.379310344827586	0.266666666666667	0.333333333333333
6392330	0.25	0.157142857142857	0.15	0.119047619047619
3462398	0.0714285714285714	0.186666666666667	0.133333333333333	0.0576923076923077
4471117_1	0.782608695652174	0.728260869565217	0.642857142857143	0.843137254901961
4471117_2	0.782608695652174	0.728260869565217	0.642857142857143	0.843137254901961
4331892	0.666666666666667	0.680555555555556	0.894736842105263	0.823529411764706
1729818	0	0.139784946236559	0.142857142857143	0.0677966101694915
2822097	0.375	0.605633802816901	0.434782608695652	0.483870967741935
4069789	0.944444444444444	0.813333333333333	0.954545454545455	0.925
1758084_1	0.272727272727273	0.315217391304348	0.304347826086957	0.125
1758084_2	0.272727272727273	0.315217391304348	0.304347826086957	0.125
4920686_1	0.722222222222222	0.666666666666667	0.947368421052632	0.790697674418605
4920686_2	0.722222222222222	0.666666666666667	0.947368421052632	0.790697674418605
6506184	0.0555555555555556	0.16304347826087	0.111111111111111	0.340909090909091
7033903	0.9	0.723684210526316	1	0.785714285714286
721478	0.2	0.235294117647059	0.3125	0.0789473684210526
823974	0.0714285714285714	0.0641025641025641	0.0769230769230769	0.169811320754717
3129971_1	0.291666666666667	0.472527472527473	0.346153846153846	0.522727272727273
3129971_2	0.291666666666667	0.472527472527473	0.346153846153846	0.522727272727273
240192	0	0.246753246753247	0.333333333333333	0.2
4911252	0.277777777777778	0.264705882352941	0.166666666666667	0.19047619047619
1039258	1	0.716216216216216	0.761904761904762	0.864864864864865
5605485	0.333333333333333	0.365853658536585	0.304347826086957	0.339622641509434
1305893	1	0.839506172839506	1	0.893617021276596
747490	0.363636363636364	0.44578313253012	0.8125	0.526315789473684
1643813	0.142857142857143	0.217391304347826	0	0.148936170212766
7085636_1	0.411764705882353	0.371794871794872	0.5	0.375
7085636_2	0.411764705882353	0.371794871794872	0.5	0.375
7016851	1	0.80327868852459	0.833333333333333	0.717948717948718
1998700	0.611111111111111	0.831168831168831	0.777777777777778	0.724137931034483
7037795	0.421052631578947	0.285714285714286	0.423076923076923	0.315789473684211
5763967	0.0909090909090909	0.169230769230769	0.136363636363636	0.0625
3242725	0.304347826086957	0.515789473684211	0.3	0.5
1135093	0.35	0.36986301369863	0.473684210526316	0.55
1858463	1	0.823529411764706	0.96	0.742857142857143
3156133	0.521739130434783	0.623529411764706	0.526315789473684	0.595238095238095
1754085	1	0.96875	0.857142857142857	1
5993020	0.642857142857143	0.806451612903226	0.708333333333333	0.581395348837209
5628278	0.909090909090909	0.710144927536232	0.625	0.613636363636364
1777000	0.583333333333333	0.428571428571429	0.2	0.212765957446809
6508368	0.9375	0.843373493975904	0.75	0.821428571428571
4801543	0.136363636363636	0.121621621621622	0.1	0.163636363636364
2985546	0.3	0.384615384615385	0.235294117647059	0.435897435897436
618974	0.333333333333333	0.129032258064516	0.0666666666666667	0.0869565217391304
5933788	0.4375	0.650602409638554	0.736842105263158	0.707317073170732
655646	0.866666666666667	0.842105263157895	0.857142857142857	0.702702702702703
2840694	0	0.12	0.0588235294117647	0.0344827586206897
5503816	0.684210526315789	0.75	0.727272727272727	0.887096774193548
492417	0.9	0.845238095238095	0.888888888888889	0.8
5666480_1	0.9375	0.868131868131868	0.961538461538462	0.795454545454545
5666480_2	0.9375	0.868131868131868	0.961538461538462	0.795454545454545
1328064	0.157894736842105	0.180555555555556	0.142857142857143	0.148936170212766
3388548	0.388888888888889	0.428571428571429	0.857142857142857	0.51219512195122
4900017	0.705882352941177	0.819444444444444	0.52	0.680851063829787
1220535	0.0833333333333333	0.0963855421686747	0	0.166666666666667
1958300	0.714285714285714	0.901408450704225	1	0.961538461538462
334836	0.153846153846154	0.191176470588235	0.32	0.195652173913043
6890867	0.875	0.782608695652174	0.9	0.780487804878049
2786430	1	0.85	0.916666666666667	0.9
3033192	0.214285714285714	0.178082191780822	0	0.125
2905250	0.4	0.22	0.2	0.36
4815337	0.0714285714285714	0.119402985074627	0.133333333333333	0.111111111111111
2350848	0.285714285714286	0.25	0.0909090909090909	0.195121951219512
77031	0.8	0.869565217391304	0.9	0.947368421052632
6478542_1	0.111111111111111	0.127272727272727	0	0.241379310344828
6478542_2	0.111111111111111	0.127272727272727	0	0.241379310344828
5700989	0.777777777777778	0.861386138613861	0.941176470588235	0.9
1837951_1	0.133333333333333	0.173913043478261	0.222222222222222	0.214285714285714
1837951_2	0.133333333333333	0.173913043478261	0.222222222222222	0.214285714285714
5760771	0.368421052631579	0.407894736842105	0.294117647058824	0.380952380952381
4465188	0.842105263157895	0.615384615384615	0.4375	0.68
6014793	0.8	0.813333333333333	0.625	0.765957446808511
220596	0.181818181818182	0.228571428571429	0.4	0.137931034482759
215290	0.80952380952381	0.72463768115942	0.705882352941177	0.729166666666667
1618830	0.666666666666667	0.410714285714286	0.529411764705882	0.592592592592593
265768	0.0625	0.197530864197531	0	0.102040816326531
4866095	0.391304347826087	0.463768115942029	0.75	0.45
3896271	0.117647058823529	0.383333333333333	0.130434782608696	0.318181818181818
4404056	0.947368421052632	0.645569620253165	0.590909090909091	0.731707317073171
1430839	0.1	0.195652173913043	0.16	0.0576923076923077
4291400	0.818181818181818	0.840579710144927	1	0.828571428571429
5707097	0.826086956521739	0.662790697674419	0.545454545454545	0.685714285714286
83508	0.142857142857143	0.148514851485149	0.1875	0.1875
3035487_1	0.384615384615385	0.314814814814815	0.0869565217391304	0.344827586206897
3035487_2	0.384615384615385	0.314814814814815	0.0869565217391304	0.344827586206897
3930318	0.846153846153846	0.80327868852459	0.75	0.811320754716981
6894406	0.2	0.352112676056338	0	0.212121212121212
1493716	0.761904761904762	0.74025974025974	0.857142857142857	0.866666666666667
4905141	0.833333333333333	0.78	0.846153846153846	0.74468085106383
610883	0.166666666666667	0.3	0.1	0.228571428571429
4845476	0	0.0792079207920792	0.0869565217391304	0.0444444444444444
798354	0.9	0.9	0.928571428571429	0.868421052631579
2567422	0.166666666666667	0.386666666666667	0	0.305555555555556
442388	0.111111111111111	0.2375	0.347826086956522	0.191489361702128
1529699	0.8125	0.779661016949153	0.909090909090909	0.837837837837838
2466834	0.111111111111111	0.09375	0	0.153846153846154
2526118	0.8	0.605263157894737	0.733333333333333	0.607142857142857
3237879	0	0.191011235955056	0.4	0.259259259259259
4351314	0.5	0.790123456790123	0.85	0.772727272727273
86205	0.444444444444444	0.51063829787234	0.518518518518518	0.62962962962963
5277761	0.238095238095238	0.48	0.407407407407407	0.351851851851852
32464	0.3	0.279411764705882	0.241379310344828	0.152173913043478
3085761	0.625	0.578313253012048	0.566666666666667	0.416666666666667
1490172	0.8125	0.831325301204819	0.766666666666667	0.867924528301887
1409325	0.7	0.816901408450704	0.944444444444444	0.853658536585366
2372119	0.782608695652174	0.87012987012987	0.904761904761905	0.717948717948718
2656772_1	0.736842105263158	0.863013698630137	0.884615384615385	0.743589743589744
2656772_2	0.736842105263158	0.863013698630137	0.884615384615385	0.743589743589744
804813_1	0.2	0.195402298850575	0.111111111111111	0.03125
804813_2	0.2	0.195402298850575	0.111111111111111	0.03125
450542	0.8	0.806451612903226	0.814814814814815	0.711111111111111
1800305	0.1	0.210526315789474	0.321428571428571	0.368421052631579
5015525	0.52	0.633333333333333	0.230769230769231	0.586206896551724
2773356	0.789473684210526	0.769230769230769	0.862068965517241	0.854166666666667
6465384	0.0714285714285714	0.253012048192771	0.0952380952380952	0.296296296296296
1614903	0.0526315789473684	0.126984126984127	0.25	0.264705882352941
660421	0.5	0.641791044776119	0.461538461538462	0.40625
2993019	1	0.855421686746988	1	0.944444444444444
3525474	0.272727272727273	0.157142857142857	0.2	0.21875
1231615	0.866666666666667	0.880434782608696	1	0.9
5927725	0.416666666666667	0.392156862745098	0.181818181818182	0.325
365525	0.133333333333333	0.270588235294118	0.571428571428571	0.12962962962963
6447660	0.142857142857143	0.288135593220339	0.2	0.272727272727273
324021	0	0.147368421052632	0.346153846153846	0.163636363636364
7128786	0.692307692307692	0.691489361702128	0.869565217391304	0.829268292682927
493773_1	0.214285714285714	0.229508196721311	0.333333333333333	0.162790697674419
493773_2	0.214285714285714	0.229508196721311	0.333333333333333	0.162790697674419
1476021	0.916666666666667	0.8125	0.571428571428571	0.897435897435897
1013309	0.285714285714286	0.197368421052632	0.111111111111111	0.219512195121951
4159703	0.636363636363636	0.393939393939394	0.368421052631579	0.351351351351351
2937885	0.818181818181818	0.844827586206897	0.7	0.829268292682927
5175908_1	0.928571428571429	0.759493670886076	0.588235294117647	0.888888888888889
5175908_2	0.928571428571429	0.759493670886076	0.588235294117647	0.888888888888889
2930743	0.0833333333333333	0.147727272727273	0.0714285714285714	0.0238095238095238
3427899	0	0.123456790123457	0.227272727272727	0.142857142857143
6989889	0.684210526315789	0.74468085106383	0.555555555555556	0.613636363636364
3817968	0.578947368421053	0.476190476190476	0.619047619047619	0.567567567567568
5769601	0.25	0.325581395348837	0.3	0.333333333333333
2507605	0.9375	0.710526315789474	0.869565217391304	0.673913043478261
4999828	0.590909090909091	0.771084337349398	0.666666666666667	0.833333333333333
4055479	0.153846153846154	0.0447761194029851	0.111111111111111	0.228571428571429
528801	0.9375	0.717948717948718	0.8	0.758620689655172
5596232	0.9375	0.884057971014493	0.8	0.914285714285714
5021295	0.421052631578947	0.218390804597701	0.210526315789474	0.27906976744186
5220598	0.5	0.732558139534884	0.8	0.733333333333333
6548384	0.866666666666667	0.761904761904762	0.642857142857143	0.63265306122449
4394577	0.923076923076923	0.746835443037975	0.785714285714286	0.822222222222222
4699279_1	0.428571428571429	0.508771929824561	0.352941176470588	0.53125
4699279_2	0.428571428571429	0.508771929824561	0.352941176470588	0.53125
3654014	0.857142857142857	0.728395061728395	0.928571428571429	0.909090909090909
149088	0.388888888888889	0.265625	0.2	0.2
6689361	0.357142857142857	0.392857142857143	0.1875	0.285714285714286
3021289	0.928571428571429	0.836065573770492	1	0.827586206896552
1283539	0.142857142857143	0.149253731343284	0.346153846153846	0.131147540983607
26577	0.789473684210526	0.746835443037975	0.8	0.637931034482759
6350418_1	0.333333333333333	0.527272727272727	0.611111111111111	0.613636363636364
6350418_2	0.333333333333333	0.527272727272727	0.611111111111111	0.613636363636364
4943704	0.375	0.414285714285714	0.8	0.448979591836735
5984043	1	0.857142857142857	1	0.851063829787234
1827080	0.842105263157895	0.848101265822785	0.91304347826087	0.857142857142857
1353539	0.111111111111111	0.152173913043478	0.181818181818182	0.155555555555556
6143584	0.909090909090909	0.767857142857143	1	0.894736842105263
6216107	0.181818181818182	0.166666666666667	0.24	0.256410256410256
6826380	1	0.805970149253731	0.761904761904762	0.8
6661754	0.285714285714286	0.159090909090909	0.210526315789474	0.170731707317073
5340007	0.85	0.804347826086957	0.863636363636364	0.74468085106383
6650112	0.736842105263158	0.893617021276596	0.833333333333333	0.891304347826087
5656287	0.4375	0.137931034482759	0.1	0.224489795918367
2360747	0.416666666666667	0.547945205479452	0.470588235294118	0.486486486486487
4166368	0.727272727272727	0.78125	0.85	0.8
5522568	0.315789473684211	0.486111111111111	0.333333333333333	0.357142857142857
3437136	0.176470588235294	0.154929577464789	0.0625	0.0769230769230769
281268	0	0.126315789473684	0	0.0727272727272727
5987567	0.333333333333333	0.280898876404494	0.5	0.132075471698113
4280884	0.894736842105263	0.833333333333333	0.7	0.849056603773585
1622783_1	0.277777777777778	0.524752475247525	0.529411764705882	0.653061224489796
1622783_2	0.277777777777778	0.524752475247525	0.529411764705882	0.653061224489796
3826356	0.388888888888889	0.25	0.4	0.297297297297297
1194892	0.2	0.1625	0.15	0.184210526315789
774201_1	0.238095238095238	0.26984126984127	0.5	0.285714285714286
774201_2	0.238095238095238	0.26984126984127	0.5	0.285714285714286
4541356	0.764705882352941	0.736842105263158	0.842105263157895	0.934782608695652
3896926	0.0625	0.149425287356322	0.0476190476190476	0.0555555555555556
4668417	0.266666666666667	0.468085106382979	0.458333333333333	0.533333333333333
2244197	0.923076923076923	0.888888888888889	0.8	0.86
3618269	0.0833333333333333	0.147540983606557	0.19047619047619	0.108108108108108
627622	0.0769230769230769	0.189189189189189	0.0476190476190476	0.133333333333333
776785	0.133333333333333	0.184210526315789	0.117647058823529	0.183673469387755
5799859	0.777777777777778	0.810810810810811	0.92	0.905660377358491
3632739	1	0.810344827586207	0.736842105263158	0.880952380952381
4421785	0.6	0.441558441558442	0.576923076923077	0.452380952380952
1407573	0.933333333333333	0.846938775510204	0.72	0.926829268292683
2969532_1	0.117647058823529	0.272727272727273	0.0384615384615385	0.25
2969532_2	0.117647058823529	0.272727272727273	0.0384615384615385	0.25
1090455	0.875	0.742424242424242	0.85	0.593220338983051
227020	0.238095238095238	0.26	0.44	0.209302325581395
2875130	0.8	0.790123456790123	0.791666666666667	0.813953488372093
1770316	1	0.833333333333333	0.75	0.92156862745098
4278995	0.368421052631579	0.448275862068966	0.529411764705882	0.361702127659574
841933	0.222222222222222	0.159420289855072	0.263157894736842	0.119047619047619
6196274	0.4	0.571428571428571	0.75	0.463414634146341
2150551	0	0.166666666666667	0.142857142857143	0.148936170212766
33906	0.416666666666667	0.317073170731707	0.181818181818182	0.18
2884665	0.4	0.609195402298851	0.409090909090909	0.513513513513513
998954	0.882352941176471	0.696629213483146	0.7	0.781818181818182
2987286	0.0625	0.1	0.142857142857143	0.0222222222222222
848721_1	0.523809523809524	0.548780487804878	0.466666666666667	0.563636363636364
848721_2	0.523809523809524	0.548780487804878	0.466666666666667	0.563636363636364
779715	0.6875	0.844155844155844	0.964285714285714	0.693877551020408
2159366	0.928571428571429	0.859154929577465	0.789473684210526	0.897435897435897
100370	0.888888888888889	0.875	0.892857142857143	0.923076923076923
2479904	1	0.67816091954023	0.791666666666667	0.814814814814815
2845572	0.9375	0.8875	0.821428571428571	0.882352941176471
3518156	0.588235294117647	0.78125	0.615384615384615	0.789473684210526
714503	0.285714285714286	0.338983050847458	0.25	0.145833333333333
6739415	0.933333333333333	0.855072463768116	0.846153846153846	0.857142857142857
1844845	0.307692307692308	0.305882352941176	0.222222222222222	0.148936170212766
4959194	0.333333333333333	0.277227722772277	0.44	0.333333333333333
834797	0.3125	0.387096774193548	0.304347826086957	0.125
4293152	0.692307692307692	0.620253164556962	0.545454545454545	0.551020408163265
1960226	0.0526315789473684	0.146067415730337	0.0434782608695652	0.109090909090909
1850769	0.6	0.753623188405797	0.764705882352941	0.538461538461538
5601757	0	0.0597014925373134	0.0952380952380952	0.189655172413793
4575760	0.214285714285714	0.25609756097561	0.28	0.302325581395349
247592	0.941176470588235	0.873015873015873	1	0.933333333333333
324340	0.764705882352941	0.7625	0.964285714285714	0.8125
84201	0.111111111111111	0.195121951219512	0.0555555555555556	0.193548387096774
3811164	0.08	0.153846153846154	0.238095238095238	0.235294117647059
576877	1	0.802631578947368	1	0.857142857142857
3334961	0.764705882352941	0.843137254901961	0.888888888888889	0.878048780487805
608059	0.136363636363636	0.142857142857143	0.0869565217391304	0.136363636363636
5928954	0.208333333333333	0.245901639344262	0.133333333333333	0.229166666666667
777641	0.0714285714285714	0.217948717948718	0.1	0.195121951219512
362460	0.6	0.67816091954023	0.6	0.777777777777778
6672694	0.692307692307692	0.606060606060606	0.941176470588235	0.759259259259259
6403894	0.888888888888889	0.887323943661972	0.947368421052632	0.913793103448276
257325	0.636363636363636	0.772727272727273	0.625	0.789473684210526
1525269	0.9	0.863013698630137	1	1
12211	0.105263157894737	0.174603174603175	0.0714285714285714	0.0606060606060606
1415565_1	0.375	0.271604938271605	0.391304347826087	0.372093023255814
1415565_2	0.375	0.271604938271605	0.391304347826087	0.372093023255814
6484595	0.166666666666667	0.266666666666667	0.285714285714286	0.242424242424242
1862090	0.777777777777778	0.828282828282828	0.833333333333333	0.923076923076923
38480	0.727272727272727	0.827586206896552	0.75	0.942857142857143
4527858	0.0476190476190476	0.2	0.133333333333333	0.0277777777777778
4861138	0.888888888888889	0.87012987012987	0.875	0.938775510204082
7108279	0.333333333333333	0.546511627906977	0.571428571428571	0.528301886792453
646161	0.388888888888889	0.435897435897436	0.304347826086957	0.26530612244898
136857_1	0.4	0.354838709677419	0.333333333333333	0.255813953488372
136857_2	0.4	0.354838709677419	0.333333333333333	0.255813953488372
4637681	0.666666666666667	0.65625	0.678571428571429	0.625
4704769	0.666666666666667	0.632352941176471	0.681818181818182	0.741935483870968
4088422	1	0.825396825396825	1	0.923076923076923
706778	0.3	0.166666666666667	0.05	0.0740740740740741
134373	0.266666666666667	0.130952380952381	0.25	0.145161290322581
6999751	0.210526315789474	0.158536585365854	0.0833333333333333	0.181818181818182
3433102	0.545454545454545	0.493506493506494	0.347826086956522	0.372549019607843
3463188	0.117647058823529	0.476744186046512	0.45	0.362068965517241
3122874	0.928571428571429	0.85	1	0.893617021276596
220834	0.19047619047619	0.372881355932203	0.4375	0.413793103448276
3240048_1	0.0625	0.204819277108434	0.107142857142857	0.207547169811321
3240048_2	0.0625	0.204819277108434	0.107142857142857	0.207547169811321
1942023	0.916666666666667	0.813559322033898	0.807692307692308	0.90625
3548208	0.0625	0.234375	0.25	0.25531914893617
6600800	0.12	0.148648648648649	0.344827586206897	0.276595744680851
689280	0.0588235294117647	0.135135135135135	0.0526315789473684	0.117647058823529
3086393_1	0	0.174418604651163	0.275862068965517	0.285714285714286
3086393_2	0	0.174418604651163	0.275862068965517	0.285714285714286
743050	1	0.857142857142857	0.75	0.934782608695652
5163516	0.238095238095238	0.130434782608696	0.05	0.0555555555555556
1048720	0.230769230769231	0.0967741935483871	0.0869565217391304	0.0175438596491228
6184420_1	0.833333333333333	0.69620253164557	0.736842105263158	0.775510204081633
6184420_2	0.833333333333333	0.69620253164557	0.736842105263158	0.775510204081633
128612	0.708333333333333	0.842857142857143	0.785714285714286	0.763636363636364
3346535	0.235294117647059	0.25	0.263157894736842	0.333333333333333
3858540	0.619047619047619	0.469387755102041	0.523809523809524	0.589285714285714
1038196	0.952380952380952	0.863013698630137	1	1
83992	1	0.767123287671233	0.96	0.837209302325581
6580951	0.875	0.839080459770115	0.952380952380952	0.791666666666667
2582456	0.1	0.139240506329114	0.272727272727273	0.178571428571429
4700535	0.263157894736842	0.170454545454545	0.307692307692308	0.338983050847458
261197	1	0.882352941176471	0.928571428571429	0.962264150943396
6401236	0.166666666666667	0.181818181818182	0.0769230769230769	0.217391304347826
1707492	1	0.833333333333333	1	0.931034482758621
4976425	0.733333333333333	0.5	0.421052631578947	0.444444444444444
1712613	1	0.857142857142857	0.9	0.854545454545454
1371348	0.1	0.333333333333333	0.176470588235294	0.206896551724138
777744	0.285714285714286	0.220588235294118	0.2	0.243243243243243
1456663	0.125	0.30379746835443	0.266666666666667	0.266666666666667
492113	0.0909090909090909	0.197183098591549	0.210526315789474	0.358974358974359
3865455	0.875	0.855421686746988	0.882352941176471	0.818181818181818
3293455	0.2	0.263157894736842	0.368421052631579	0.208333333333333
3737579	0	0.140845070422535	0.0588235294117647	0.0555555555555556
5221652_1	0.333333333333333	0.524590163934426	0.454545454545455	0.524590163934426
5221652_2	0.333333333333333	0.524590163934426	0.454545454545455	0.524590163934426
1087846	0.785714285714286	0.785714285714286	0.882352941176471	0.769230769230769
3505507	0.130434782608696	0.171428571428571	0.230769230769231	0.0909090909090909
2223911	0.2	0.306451612903226	0.304347826086957	0.2
6567888	0.117647058823529	0.126582278481013	0.0909090909090909	0.148936170212766
7118504	0.785714285714286	0.784090909090909	0.933333333333333	0.706896551724138
2994726	0.428571428571429	0.698795180722892	0.6	0.596774193548387
66809_1	0.380952380952381	0.527777777777778	0.529411764705882	0.490566037735849
66809_2	0.380952380952381	0.527777777777778	0.529411764705882	0.490566037735849
2709545	0.823529411764706	0.721311475409836	0.692307692307692	0.724137931034483
271087	0.681818181818182	0.746835443037975	0.884615384615385	0.704545454545455
1168502	0.866666666666667	0.803030303030303	1	0.729166666666667
4349234	0.454545454545455	0.511111111111111	0.625	0.369565217391304
30837	0.0588235294117647	0.16	0.2	0.181818181818182
6434497	0.8	0.64	0.75	0.666666666666667
4237101	0.6	0.56140350877193	0.473684210526316	0.5625
4249908	0.214285714285714	0.344086021505376	0.230769230769231	0.344827586206897
4358297	1	0.867647058823529	1	0.948717948717949
1826888	0.08	0.220779220779221	0.0909090909090909	0.292682926829268
3789241	0.636363636363636	0.75	0.941176470588235	0.833333333333333
592175	0.708333333333333	0.789473684210526	0.733333333333333	0.75
4611781	0.214285714285714	0.363636363636364	0.4	0.316666666666667
3393062	1	0.88135593220339	0.882352941176471	0.944444444444444
135529	0.684210526315789	0.767441860465116	0.888888888888889	0.675
176741	0.1	0.25	0.333333333333333	0.297297297297297
6667763	0.944444444444444	0.830508474576271	0.666666666666667	0.829268292682927
2339179	0.777777777777778	0.757894736842105	0.782608695652174	0.791666666666667
634299	0.866666666666667	0.842857142857143	0.966666666666667	0.96875
5805159	0.8125	0.876404494382023	0.923076923076923	0.852941176470588
7027530	0.166666666666667	0.152777777777778	0.05	0.15
2429294	0.111111111111111	0.1375	0.0869565217391304	0.204081632653061
2783801	0.666666666666667	0.779411764705882	0.625	0.790322580645161
3841768	0.4	0.253012048192771	0.0714285714285714	0.219512195121951
579643	0.5	0.481481481481481	0.590909090909091	0.3
5452425_1	0.875	0.727272727272727	0.916666666666667	0.807017543859649
5452425_2	0.875	0.727272727272727	0.916666666666667	0.807017543859649
5600637	0.705882352941177	0.791208791208791	0.85	0.75
5268946	0.555555555555556	0.494623655913978	0.4375	0.622641509433962
5629384	1	0.962025316455696	1	0.852459016393443
747344	0.785714285714286	0.666666666666667	0.714285714285714	0.848484848484849
751368	0.0952380952380952	0.168831168831169	0.0454545454545455	0.0638297872340425
5923635	0	0.125	0	0.132075471698113
4261523	0.75	0.82089552238806	0.65	0.863636363636364
3189112	0.263157894736842	0.309090909090909	0.416666666666667	0.230769230769231
5030367	0.625	0.567901234567901	0.44	0.477272727272727
2050018	0.1	0.161764705882353	0	0.195652173913043
4551104	0.15	0.267605633802817	0.277777777777778	0.189189189189189
1468362	0.565217391304348	0.739130434782609	0.666666666666667	0.794871794871795
1759811	0.0952380952380952	0.240963855421687	0.0909090909090909	0.16
171691	0.307692307692308	0.210526315789474	0.368421052631579	0.170212765957447
5531551	0.875	0.843373493975904	0.923076923076923	0.933333333333333
5698560_1	0.625	0.728260869565217	0.772727272727273	0.642857142857143
5698560_2	0.625	0.728260869565217	0.772727272727273	0.642857142857143
5698560_3	0.625	0.728260869565217	0.772727272727273	0.642857142857143
1070593	0.1875	0.16	0.272727272727273	0.25
5648846	0.133333333333333	0.214285714285714	0.0588235294117647	0.0851063829787234
5858961	0.782608695652174	0.77027027027027	0.941176470588235	0.7
1531110	0.722222222222222	0.602941176470588	0.8	0.75
2934749	0	0.121621621621622	0	0.115384615384615
4003469	0.19047619047619	0.0967741935483871	0.12	0.131578947368421
6080857	0.818181818181818	0.768115942028985	0.714285714285714	0.925
1765795_1	0.8	0.830769230769231	0.888888888888889	0.787878787878788
1765795_2	0.8	0.830769230769231	0.888888888888889	0.787878787878788
632283	0.714285714285714	0.825581395348837	0.833333333333333	0.951219512195122
4559542	1	0.890909090909091	1	0.851851851851852
5944996	0.6	0.804878048780488	0.76	0.705882352941177
1994898	0.333333333333333	0.0967741935483871	0.0952380952380952	0.142857142857143
443235	0.4	0.19672131147541	0.136363636363636	0.233333333333333
2369614	0.2	0.317460317460317	0.379310344827586	0.320754716981132
3729393	0.0952380952380952	0.177215189873418	0.185185185185185	0.142857142857143
3514068	0.833333333333333	0.831683168316832	0.928571428571429	0.875
1478288	0.5	0.476190476190476	0.275862068965517	0.405405405405405
4243211	0.75	0.816901408450704	0.823529411764706	0.780487804878049
2862092	0.8	0.867647058823529	0.941176470588235	0.829787234042553
6809273	0.214285714285714	0.306818181818182	0.416666666666667	0.175438596491228
2287838	0.222222222222222	0.212765957446809	0	0.15
4248563	0.181818181818182	0.272727272727273	0.470588235294118	0.160714285714286
3947837	0.652173913043478	0.611111111111111	0.388888888888889	0.717391304347826
5790969	0.533333333333333	0.615384615384615	0.44	0.604166666666667
2936273	0.2	0.272727272727273	0.115384615384615	0.222222222222222
1025408	1	0.860759493670886	1	0.926829268292683
505120	0	0.137931034482759	0.181818181818182	0.179487179487179
6285649	0.260869565217391	0.253521126760563	0.363636363636364	0.341463414634146
4979661	0.857142857142857	0.822784810126582	0.894736842105263	0.906976744186046
6554937	0.363636363636364	0.54320987654321	0.5	0.485714285714286
3851668	0.833333333333333	0.803030303030303	0.928571428571429	0.885714285714286
6388536	0.952380952380952	0.8375	1	0.833333333333333
5549506	0.888888888888889	0.859375	1	0.818181818181818
95426	0.928571428571429	0.816326530612245	1	0.924528301886792
1261794	0.1	0.105882352941176	0.148148148148148	0.119047619047619
3513801	0.181818181818182	0.186813186813187	0.363636363636364	0.195121951219512
6728946	0.3	0.13265306122449	0.210526315789474	0.107142857142857
4709925	0.222222222222222	0.171052631578947	0.130434782608696	0.163265306122449
3319810	0.0588235294117647	0.08	0.0909090909090909	0.0512820512820513
3390476	0.947368421052632	0.853932584269663	0.916666666666667	0.893617021276596
3542070	0	0.0714285714285714	0	0.0638297872340425
6768495	0.727272727272727	0.5875	0.642857142857143	0.610169491525424
5940194	0.166666666666667	0.134020618556701	0.0526315789473684	0.0238095238095238
2336114	0.272727272727273	0.339622641509434	0.5	0.32258064516129
1483095	0	0.148648648648649	0.0555555555555556	0.176470588235294
5940145	1	0.884210526315789	0.958333333333333	0.864406779661017
111729	0	0.107142857142857	0.0769230769230769	0.137254901960784
1607892	0.75	0.808219178082192	0.944444444444444	0.738095238095238
4040974_1	0.294117647058824	0.142857142857143	0	0.147058823529412
4040974_2	0.294117647058824	0.142857142857143	0	0.147058823529412
1656701	0.411764705882353	0.468354430379747	0.523809523809524	0.314285714285714
1922678	0.0833333333333333	0.142857142857143	0	0.146341463414634
254941	1	0.910714285714286	1	0.951219512195122
550155	1	0.875	1	0.8
1266016	0.277777777777778	0.271428571428571	0.294117647058824	0.361111111111111
844537	0.157894736842105	0.08	0.25	0.18
66842	0.333333333333333	0.202127659574468	0.153846153846154	0.293103448275862
5893101	0.909090909090909	0.824324324324324	0.857142857142857	0.849056603773585
5140895	0.294117647058824	0.36144578313253	0.142857142857143	0.181818181818182
6281759	0	0.245283018867925	0.176470588235294	0.186046511627907
5483209_1	1	0.75	0.75	0.666666666666667
5483209_2	1	0.75	0.75	0.666666666666667
6224281	0.25	0.303370786516854	0.3	0.2
1607379	0.714285714285714	0.719101123595506	0.724137931034483	0.851063829787234
5823097_1	1	0.786516853932584	0.857142857142857	0.805555555555556
5823097_2	1	0.786516853932584	0.857142857142857	0.805555555555556
1471594	0.8125	0.867647058823529	0.785714285714286	0.88
334907	0	0.247311827956989	0.2	0.120689655172414
1178140	0.214285714285714	0.230769230769231	0.222222222222222	0.305555555555556
2566144	0.388888888888889	0.320512820512821	0.222222222222222	0.254545454545455
1737434	0.666666666666667	0.773809523809524	0.96	0.807692307692308
102710	0.944444444444444	0.867469879518072	0.928571428571429	0.979591836734694
3791061	0.692307692307692	0.662337662337662	0.6	0.685714285714286
334347	0.117647058823529	0.206349206349206	0.0666666666666667	0.222222222222222
6042224	0.769230769230769	0.772727272727273	0.769230769230769	0.804878048780488
1708755	0.2	0.227272727272727	0.0769230769230769	0.142857142857143
6705895	1	0.917647058823529	1	0.964285714285714
6617203	0.923076923076923	0.707865168539326	0.571428571428571	0.782608695652174
166597	0.25	0.129032258064516	0.0526315789473684	0.0862068965517241
4505214	0.888888888888889	0.876404494382023	0.96	0.792452830188679
803933	0.166666666666667	0.159090909090909	0.222222222222222	0.0869565217391304
6589008	0.866666666666667	0.666666666666667	0.777777777777778	0.642857142857143
3909623	0.714285714285714	0.777777777777778	0.892857142857143	0.80327868852459
1492586	0.590909090909091	0.725	0.75	0.75
4728	0.909090909090909	0.816901408450704	0.888888888888889	0.916666666666667
2070823	0.25	0.186666666666667	0.16	0.169491525423729
3163051	0.208333333333333	0.207920792079208	0.208333333333333	0.25
6256940	0	0.222222222222222	0.272727272727273	0.111111111111111
333724	0.769230769230769	0.772151898734177	0.8	0.771929824561403
3843180	0.0555555555555556	0.285714285714286	0.25	0.210526315789474
2022465	0.733333333333333	0.584269662921348	0.529411764705882	0.69811320754717
5565659	0.0909090909090909	0.141176470588235	0.266666666666667	0.116279069767442
4650762	0.277777777777778	0.204301075268817	0.176470588235294	0.146341463414634
450270	0.944444444444444	0.894117647058824	0.95	0.977272727272727
31861	0.928571428571429	0.855555555555556	1	0.840909090909091
5674577	0.956521739130435	0.876543209876543	0.846153846153846	0.75
2858701	0.166666666666667	0.25	0.3125	0.465116279069767
101740	0.166666666666667	0.216867469879518	0.227272727272727	0.215686274509804
5872966	0.2	0.120689655172414	0	0.145833333333333
5687442	0.142857142857143	0.192307692307692	0.125	0.119047619047619
5424409	0.1	0.0833333333333333	0	0.145833333333333
4997509	0	0.125	0.153846153846154	0.146341463414634
2769199	0.823529411764706	0.714285714285714	0.923076923076923	0.731707317073171
1890649	0.0476190476190476	0.149425287356322	0.25	0.166666666666667
5878542	0.125	0.219178082191781	0.0454545454545455	0.108108108108108
5034837	0.235294117647059	0.34375	0.25	0.39622641509434
6593962	0.285714285714286	0.476190476190476	0.428571428571429	0.431818181818182
1605264	1	0.865853658536585	1	0.897435897435897
6428291	0.666666666666667	0.783132530120482	0.941176470588235	0.694444444444444
1010886	0.04	0.209302325581395	0.117647058823529	0.16
5631740	0.833333333333333	0.914634146341463	0.80952380952381	0.85
2776833	0.227272727272727	0.178571428571429	0	0.125
4198173	0	0.0649350649350649	0.125	0.181818181818182
306657	0.625	0.77027027027027	0.758620689655172	0.633333333333333
4619195	1	0.894736842105263	0.941176470588235	0.944444444444444
5698584_1	0.833333333333333	0.866666666666667	0.933333333333333	0.865384615384615
5698584_2	0.833333333333333	0.866666666666667	0.933333333333333	0.865384615384615
7017294	0.277777777777778	0.226666666666667	0.222222222222222	0.317073170731707
5591	0.9	0.791666666666667	0.896551724137931	0.787878787878788
2081008	0.230769230769231	0.0833333333333333	0.12	0.2
7060113	0.176470588235294	0.155844155844156	0.285714285714286	0.119047619047619
1651497	0.117647058823529	0.304347826086957	0.153846153846154	0.258620689655172
3251173	0	0.168674698795181	0.037037037037037	0.075
2006729	0.944444444444444	0.833333333333333	0.84	0.836734693877551
5941263	0.590909090909091	0.724137931034483	0.642857142857143	0.638297872340426
3518232	0.923076923076923	0.861702127659574	0.941176470588235	0.759259259259259
6375082	0.05	0.103092783505155	0.222222222222222	0.136363636363636
5579096_1	0.05	0.152941176470588	0.157894736842105	0.0666666666666667
5579096_2	0.05	0.152941176470588	0.157894736842105	0.0666666666666667
2895708	0.842105263157895	0.833333333333333	0.842105263157895	0.854838709677419
4643384	0.739130434782609	0.769230769230769	0.8	0.791666666666667
1735850	0.0625	0.12	0.05	0.0227272727272727
5910362	0.142857142857143	0.2	0.318181818181818	0.232558139534884
316491	0.785714285714286	0.880952380952381	0.925925925925926	0.82258064516129
497745	0.529411764705882	0.48	0.571428571428571	0.581818181818182
6161447	0.117647058823529	0.101449275362319	0.0588235294117647	0.0697674418604651
87940	0.285714285714286	0.327586206896552	0.25	0.189189189189189
3118068	0.842105263157895	0.825	0.842105263157895	0.872340425531915
1423792_1	0.307692307692308	0.2125	0.166666666666667	0.105263157894737
1423792_2	0.307692307692308	0.2125	0.166666666666667	0.105263157894737
173345	0	0.106060606060606	0.176470588235294	0.146341463414634
1380705	0	0.11340206185567	0.0416666666666667	0.117647058823529
4112959	0.545454545454545	0.690140845070423	0.68	0.7
5789495	0.15	0.28169014084507	0.19047619047619	0.242424242424242
3851090	1	0.80952380952381	0.857142857142857	0.851851851851852
6337149	0.428571428571429	0.358208955223881	0.571428571428571	0.461538461538462
6826602	0.176470588235294	0.246913580246914	0.3125	0.25
330982	0.0588235294117647	0.137931034482759	0.181818181818182	0.161290322580645
856998	0.866666666666667	0.818181818181818	0.736842105263158	0.827586206896552
1929008	0.222222222222222	0.155555555555556	0.0952380952380952	0.215686274509804
1090690	0.3	0.0987654320987654	0.272727272727273	0.204081632653061
784303	0.125	0.140625	0	0.111111111111111
654004	0.55	0.592592592592593	0.823529411764706	0.633333333333333
3031952	0.125	0.206896551724138	0.1	0.186046511627907
4464160	0.96	0.888888888888889	1	0.882352941176471
3155182	0.916666666666667	0.914285714285714	0.947368421052632	0.82
5255885	0.952380952380952	0.858823529411765	0.888888888888889	0.977272727272727
3808519	0.733333333333333	0.785714285714286	0.666666666666667	0.8125
5364020	0.85	0.869565217391304	1	0.872340425531915
46391	0.142857142857143	0.147727272727273	0.0434782608695652	0.152173913043478
3314595	0.727272727272727	0.663366336633663	0.666666666666667	0.622222222222222
4758876	0.882352941176471	0.890243902439024	0.933333333333333	0.822222222222222
2939856	0.318181818181818	0.157894736842105	0.208333333333333	0.173913043478261
5028062	0.95	0.794117647058823	0.80952380952381	0.891891891891892
3397876	0.904761904761905	0.763157894736842	0.772727272727273	0.810810810810811
2197657_1	0.181818181818182	0.121951219512195	0.0740740740740741	0.196428571428571
2197657_2	0.181818181818182	0.121951219512195	0.0740740740740741	0.196428571428571
2197657_3	0.181818181818182	0.121951219512195	0.0740740740740741	0.196428571428571
5663898	0.947368421052632	0.909090909090909	0.954545454545455	0.96551724137931
4522662	0.818181818181818	0.716417910447761	0.7	0.651162790697674
272029	0.769230769230769	0.864864864864865	0.933333333333333	0.870967741935484
4666433	0.95	0.835616438356164	0.958333333333333	0.857142857142857
5414306	0.8125	0.85	0.909090909090909	0.96551724137931
4309557	0.304347826086957	0.209876543209877	0.142857142857143	0.258064516129032
290670	0	0.1	0.1875	0.0625
966286	0.823529411764706	0.728260869565217	0.7	0.763157894736842
2010511	0.2	0.1	0.05	0.103448275862069
2427647	0.272727272727273	0.202702702702703	0.217391304347826	0.277777777777778
4393497	0.722222222222222	0.758620689655172	0.708333333333333	0.781818181818182
605951_1	0.909090909090909	0.791044776119403	0.863636363636364	0.8
605951_2	0.909090909090909	0.791044776119403	0.863636363636364	0.8
1286153	0.866666666666667	0.84	0.961538461538462	0.782608695652174
2227069	0.0625	0.132352941176471	0.142857142857143	0.111111111111111
5996995	0.157894736842105	0.138297872340426	0	0.125
5907765	1	0.958333333333333	0.933333333333333	0.866666666666667
3789717	0.136363636363636	0.153846153846154	0.0434782608695652	0.116279069767442
933450	0.133333333333333	0.125	0.0909090909090909	0.153846153846154
5909188	1	0.829545454545455	0.733333333333333	0.82051282051282
2825297	0.863636363636364	0.873239436619718	0.772727272727273	0.92
6110662	0.133333333333333	0.123076923076923	0.136363636363636	0.243243243243243
5152903	0	0.1	0.103448275862069	0.178571428571429
533713_1	0.708333333333333	0.654761904761905	0.62962962962963	0.653061224489796
533713_2	0.708333333333333	0.654761904761905	0.62962962962963	0.653061224489796
533713_3	0.708333333333333	0.654761904761905	0.62962962962963	0.653061224489796
89322	0.473684210526316	0.477777777777778	0.565217391304348	0.565217391304348
1259491	0.2	0.189189189189189	0.0833333333333333	0.147058823529412
1307351	0.695652173913043	0.744186046511628	0.625	0.7
4585565	0.4	0.252747252747253	0.269230769230769	0.245283018867925
3326726	0.0555555555555556	0.121951219512195	0	0.0697674418604651
3358952	0.529411764705882	0.473684210526316	0.407407407407407	0.448275862068966
3152143	0.923076923076923	0.855555555555556	0.916666666666667	0.857142857142857
6260811	0.928571428571429	0.796875	0.944444444444444	0.829787234042553
5221480	0.1	0.266666666666667	0.4	0.229166666666667
1531790	0.12	0.185185185185185	0.166666666666667	0.177777777777778
4465459	0.111111111111111	0.147727272727273	0.19047619047619	0.18
6750786	0.9	0.876288659793814	0.888888888888889	0.904761904761905
301797	0.176470588235294	0.262295081967213	0.25	0.270833333333333
153360	0.125	0.130952380952381	0.0833333333333333	0.0769230769230769
6753705	0.166666666666667	0.189873417721519	0	0.2
6136322	0.05	0.155844155844156	0.0952380952380952	0.166666666666667
309039	0.944444444444444	0.89010989010989	1	0.938775510204082
1800455	0.166666666666667	0.275862068965517	0.272727272727273	0.23728813559322
3649907	0	0.0921052631578947	0	0.0526315789473684
4912587	0.857142857142857	0.91578947368421	0.923076923076923	0.977272727272727
489183	0.9	0.828947368421053	0.931034482758621	0.85
5631849	0.789473684210526	0.872093023255814	0.894736842105263	0.879310344827586
552063_1	0	0.1125	0.15	0.101694915254237
552063_2	0	0.1125	0.15	0.101694915254237
75202	0.25	0.220779220779221	0.178571428571429	0.185185185185185
3674894	0.153846153846154	0.147058823529412	0.05	0.119047619047619
2830232	0.133333333333333	0.129411764705882	0.166666666666667	0.0810810810810811
60211	0	0.0735294117647059	0.0769230769230769	0.120689655172414
3151100	0.0434782608695652	0.121212121212121	0.0526315789473684	0.087719298245614
1626414	0.904761904761905	0.848837209302326	0.866666666666667	0.862745098039216
6598090	1	0.917525773195876	1	0.956521739130435
6608670	0	0.102272727272727	0	0.102564102564103
3618345	0.869565217391304	0.863636363636364	0.947368421052632	0.833333333333333
4950560	0.111111111111111	0.0833333333333333	0	0.032258064516129
1321161	0.777777777777778	0.842857142857143	0.888888888888889	0.833333333333333
4357910	0.952380952380952	0.886363636363636	0.954545454545455	0.868421052631579
2683158	1	0.923076923076923	1	0.962962962962963
4427909	0.166666666666667	0.139240506329114	0.210526315789474	0.108695652173913
4445990	0.0869565217391304	0.130952380952381	0.12	0.0344827586206897
2083765	0.928571428571429	0.841269841269841	0.944444444444444	0.844444444444444
6327052	0.0769230769230769	0.104166666666667	0.0526315789473684	0.0566037735849057
636851	0.833333333333333	0.865853658536585	0.642857142857143	0.852459016393443
4174353	0.111111111111111	0.164383561643836	0.176470588235294	0.105263157894737
1526779	0.0769230769230769	0.0958904109589041	0	0.113207547169811
1796443_1	0.9	0.90625	0.833333333333333	0.867924528301887
1796443_2	0.9	0.90625	0.833333333333333	0.867924528301887
6949911	1	0.929411764705882	0.96551724137931	0.98
1414716	0.1	0.117647058823529	0.0384615384615385	0.0384615384615385
1390544	1	0.91025641025641	0.964285714285714	0.950819672131147
3855276	0.8	0.808988764044944	0.785714285714286	0.755555555555556
2942945	1	0.907894736842105	1	0.935483870967742
5786119	0.789473684210526	0.88	0.894736842105263	0.84
6215567_1	0.0833333333333333	0.0823529411764706	0	0.075
6215567_2	0.0833333333333333	0.0823529411764706	0	0.075
3871299	0.142857142857143	0.125	0.0588235294117647	0.0666666666666667
5708993	0.923076923076923	0.922077922077922	1	0.934782608695652
5075178	0.222222222222222	0.219512195121951	0.2	0.272727272727273
4914627	0.882352941176471	0.756756756756757	0.789473684210526	0.833333333333333
4425724	0.0952380952380952	0.104651162790698	0.0344827586206897	0.0740740740740741
4659695	0.0769230769230769	0.0833333333333333	0	0.05
604029	0.9375	0.839080459770115	0.92	0.833333333333333
572021	0.117647058823529	0.0842105263157895	0.0625	0.0652173913043478
4365647	0.142857142857143	0.119565217391304	0.1	0.116666666666667
