0.0811974704566218
0.0198596876194386
0.0128617363344055
0.0223463687150838
0.466416978776529
0.0214549767945367
0.105382505183889
0.066201076690391
0.14742109181324
0.048417845350208
0.0716738364412166
0.15303802882559
0.0918530941251932
0.208790909503563
0.211493571455037
0.0818055042148113
0.102624988290741
0.102624988290741
0.0210482135887675
0.106578565150833
0.05629793511253
0.124903500139354
0.234376600093147
0.0320526445851111
0.0270269132662842
0.0953989407681187
0.0953989407681187
0.0730055435970085
0.0972463722297746
0.176787103943252
0.0122331775246539
0.0585981782959846
0.167337882028883
0.160726107672733
0.331450840276142
0.0270608438217603
0.0612734039565359
0.0743621524094134
0.0095687282921544
0.0997994711509306
0.14975817858697
0.1194099156129
0.1194099156129
0.0156269704132967
0.053691442448883
0.112870887438606
0.016002790277421
0.0818226469334097
0.306143513222679
0.1267191452095
0.0495278620656345
0.153200613739736
0.187429465105655
0.100474319467771
0.18353394734027
0.00358365454541882
0.19672131147541
0.19672131147541
0.186016004671924
0.0959305913903248
0.0354209709709657
0.121989262036443
0.0590082225694883
0.26267775059545
0.270664257317434
0.0927578170940374
0.0504083897519476
0.0372165436292711
0.331347755072944
0.0696271160223381
0.0221570125356325
0.0885079203776467
0.143643736953543
0.0746853842079064
0.090255879111123
0.136923943979155
0.0356464989690037
0.0811850394162924
0.0749228816097213
0.193433619633215
0.155970055118117
0.141906984220677
0.151781292801146
0.044575498690667
0.032820353110964
0.0791317457991392
0.0433699601695229
0.041258626852441
0.0675694512429287
0.170614710482154
0.0715804399729027
0.0715804399729027
0.0377125090708311
0.124293671206664
0.0402629098938842
0.0881210370803981
0.0489491906682083
0.0462482051863142
0.0970090801778564
0.0241018262031664
0.179173543546918
0.0658598216481653
0.19702668471115
0.0340902487565366
0.0382382368387783
0.0543611548480254
0.056170836255689
0.113625502965819
0.133574372724717
0.160777623666715
0.196777626413186
0.161913472373375
0.0413842581954456
0.108610677790072
0.0165388735586107
0.154349388413887
0.0620196294957899
0.0533965565375393
0.0499514278853166
0.0722635369857396
0.131897640412097
0.0949304959924782
0.04816916132158
0.04816916132158
0.120408163265306
0.0776708108396711
0.185793406631294
0.0396559492457696
0.145952751398967
0.00133247606698358
0.00133247606698358
0.0470291170204371
0.14723847435965
0.11818417833969
0.0878706979504824
0.0422367569801224
0.063653723742839
0.173026601565386
0.169276458927057
0.0551142998662107
0.105548080070174
0.105698721977792
0.0983555835672949
0.0193652514078392
0.0193652514078392
0.0640335818020187
0.0640335818020187
0.0640335818020187
0.0655944583177136
0.0557389852072795
0.0557389852072795
0.0378312070251815
0.122324777970789
0.122324777970789
0.122324777970789
0.0450190246933466
0.119650013891996
0.106123599427893
0.23837545012991
0.23837545012991
0.0286190917516219
0.0817407457783334
0.0837230665315771
0.120762658917117
0.120762658917117
0.0540065515887442
0.0810147060369947
0.0810147060369947
0.0362464818679422
0.0783502087007245
0.0426003562902734
0.0426003562902734
0.02868483068161
0.120361995980051
0.0786472287684012
0.134413896360481
0.0215732583402253
0.145692650809683
0.145692650809683
0.145692650809683
0.212570325922702
0.0390894973298717
0.0226754884989209
0.0422534183472678
0.0458969656415734
0.0724936080789212
0.141986694339426
0.0296742762079922
0.172516715887813
0.0813857859013617
0.172746548723595
0.00139004746734044
0.0458669585963739
0.0458669585963739
0.0588429401049274
0.040345335497952
0.040345335497952
0.0532723678274374
0.163615376899573
0.163615376899573
0.0983433850744491
0.0572340003275398
0.0306062990784426
0.106188398597522
0.0865756479262631
0.0774030968287672
0.0115074135593344
0.00992536147090928
0.0659572261804632
0.0659572261804632
0.133333333333333
0.0161790755024035
0.115573927282019
0.0225290379892737
0.177449726671371
0.0462360904996755
0.0757099097696365
0.140439680887296
0.0318042734116789
0.165250780989391
0.0216774808750435
0.0216774808750435
0.0216774808750435
0.0387448276252184
0.107687586721805
0.0766895195438457
0.126711470435685
0.00660686534439706
0.0019010415317161
0.0411961810654742
0.0643036755931805
0.0510882415644318
0.11214953271028
0.0329457182142152
0.0329457182142152
0.0329457182142152
0.0608206671754011
0.171155482464418
0.0759532065521902
0.0548999397982844
0.0364081123961803
0.040581612174364
0.0779746089656071
0.0377703886483889
0.0186955037174021
0.0390810902814405
0.0395082777377853
0.0192909631576224
0.0561256433351674
0.200101652418867
0.200101652418867
0.0852682977490727
0.130012507038031
0.152558751239288
0.0118543563155735
0.0931521553696355
0.0634990848739085
0.0634990848739085
0.0726146621768186
0.0277043492968244
0.0366523851807362
0.0540956085131545
0.0697132986246482
0.0344299918723746
0.0325589256837125
0.0425559063720632
0.120456055001149
0.0532197745710752
0.0417854484779226
0.0417854484779226
0.0687019997922993
0.0514254859228645
0.113306481626982
0.0829158876295689
0.0673734304348708
0.0692647373585635
0.114299699755881
0.0794333186746186
0.16681491705033
0.131433185666838
0.0323229071277471
0.226011123240612
0.0518813064376618
0.139402759978901
0.0883016957671709
0.11667513790836
0.129032258064516
0.0830886489051622
0.0669137658667573
0.103875576338454
0.0545930517917833
0.0717264683651236
0.0660593338360474
0.0231626492569676
0.0266139349697379
0.0152009904410049
0.0149443391499316
0.040321534628424
0.112177039582538
0.0815521100209462
0.121230288711345
0.0919922885679339
0.0188158237121833
0.0535036287468182
0.0535036287468182
0.0644883618257731
0.0803269948462766
0.0752384283818398
0.0561296573880601
0.0703042618275235
0.048664886787132
0.04413052488245
0.118418978889304
0.11726168964854
0.0512299012430001
0.0548508412025491
0.0814742758131452
0.0961015139554797
0.0555798122922249
0.0423146920398429
0.0423146920398429
0.0511323917239925
0.0629166409633437
0.0778166421944886
0.0420054593083833
0.0444747103915993
0.111655036623112
0.0665634618378679
0.0257513341514256
0.00572774124449291
0.0465067118207283
0.0864956191289446
0.150717306643941
0.0582528707533491
0.0257412548038223
0.0984520923959713
0.0434711581581959
0.0095945515512207
0.0306278211454317
0.0713380776906711
0.0312604759457629
0.022545815597729
0.0639557232564811
0.0800060590328121
0.0476612796843948
0.0103679884382518
0.0471025425167841
0.0578628262855387
0.0969182560172423
0.0392210394710061
0.0906148867313918
0.0692249048124173
0.0724967461721159
0.0360823559801017
0.0214985894958782
0.0824473740502902
0.0314727052699156
0.0232413762304328
0.0415680302472154
0.16899584844595
0.0363453507476933
0.0995324821443096
0.117989808425741
0.117989808425741
0.0771083408881711
0.0771083408881711
0.0388240763820234
0.0766583125557615
0.0214700684768062
0.0405503818780478
0.113883188688726
0.113883188688726
0.107460359674636
0.0911041875036594
0.0739691610937387
0.041754632733923
0.0363947838116923
0.041644536490433
0.0420339620549564
0.0771996764202017
0.0771996764202017
0.0704567367782024
0.0867671795520592
0.0619209399697202
0.0429677573693582
0.0983342077560988
0.0123946373422318
0.0342098675958026
0.119266832478021
0.133731527953761
0.0295525156441408
0.0295525156441408
0.0205332603697456
0.0309730788660116
0.142538231450841
0.247543565140185
0.0865699822091211
0.0589067930171654
0.042986551514535
0.142886486199768
0.0226804955809355
0.0355336441212155
0.0384754160980363
0.0384754160980363
0.06897694806975
0.0577247741027073
0.0384457506038812
0.0515004435527825
0.0409080595729498
0.0409080595729498
0.0865400703689034
0.0865400703689034
0.109406030385192
0.119365225891406
0.0576883745832712
0.0286636308738325
0.0478564315212484
0.0478564315212484
0.12711041688614
0.0171265495666359
0.115503964389778
0.00285928120940925
0.103155589930656
0.153362292030908
0.0751086693674407
0.0146971975994532
0.0146971975994532
0.103165690836844
0.0455361649855797
0.0219116543033877
0.0220960448670907
0.0587253368100826
0.0354985330171322
0.136632981367178
0.0104477807645828
0.110542640297599
0.0429354499973842
0.091613329909233
0.147977163740422
0.0440851383842831
0.0062946611998126
0.0353259704743486
0.11489372115275
0.0786881886840209
0.0396490833338078
0.0506731515070938
0.0423843503347873
0.0171362763119212
0.0574656208294982
0.0574656208294982
0.00205785765201373
0.183499486703706
0.0701951923789164
0.0590691555385632
0.169800481868932
0.0310030849377397
0.027856761765767
0.050909090909091
0.0779641588059569
0.0479224265737068
0.00727410250952108
0.0442178682249839
0.0359289896361499
0.0924157368756594
0.0924157368756594
0.0428921360717595
0.0110813247106969
0.0110813247106969
0.0102540927641029
0.122094927488612
0.0399120114189791
0.0727944902649761
0.0110299303819273
0.0474711731828454
0.083260201864205
0.103237279264471
0.0986969994255752
0.124355672812187
0.033753301016597
0.0660866073634796
0.0609274747863706
0.00423609567618817
0.08807793530892
0.08807793530892
0.00997639662282499
0.135799192112993
0.0268296265875405
0.0140072323523818
0.0458755594309153
0.0315531776166871
0.00666400439275207
0.170466729298106
0.0565503088407148
0.0219099835782376
0.0515941810198514
0.0433195628931451
0.165211642040021
0.122487284039537
0.0236392657878451
0.0446859672189693
0.0232271130483911
0.0328697604523392
0.0120053546207236
0.0721580311634642
0.0483279164045084
0.0387493703656982
0.0387493703656982
0.055018489108698
0.055018489108698
0.0137745550153714
0.0767518305638734
0.130527741781974
0.0144649202152923
0.0857946898645806
0.0719033028737528
0.0404677431792178
0.0980144607443163
0.0137337098896538
0.0453303882262079
0.0503676246007907
0.215213289503599
0.0259845716785742
0.146523573734436
0.0483263629464934
0.028449998903628
0.028449998903628
0.157012597412916
0.0320671034218983
0.0726515102038658
0.0272653587822954
0.14252844717677
0.14252844717677
0.0347881710577733
0.0813401885963127
0.0298360818488393
0.0147842278594684
0.00671079891249826
0.0984498986147302
0.0571196429632831
0.0510053959565498
0.0576427337134605
0.035211881473992
0.0468905583289554
0.0810611352727764
0.0615048111733977
0.0386569890271401
0.0266379267549214
0.0266379267549214
0.0658243556260978
0.0408515029244994
0.0386477965279571
0.0733013950032337
0.0680345645376077
0.0287774907366945
0.0694053084516051
0.0694053084516051
0.153668201419959
0.105009107468124
0.00908174348984814
0.00668735085532208
0.0954252002230269
0.0114438362226047
0.0862820511810571
0.0199716931551768
0.0191701474850469
0.0398990910500678
0.130689188297171
0.0116947399038737
0.0154727566545474
0.0254986669382834
0.0306522702393447
0.0799442249593306
0.107442984779576
0.047290984077879
0.0989815196234675
0.0989815196234675
0.0236325762613958
0.00344915848243795
0.0651278268535343
0.0651278268535343
0.0532876466476998
0.0310790662997054
0.0538047928448207
0.023732035160155
0.0191555721353617
0.0395817067525293
0.00902231050761236
0.0391997261037182
0.102392678989112
0.0271604655244615
0.0803319604671347
0.0875176112514431
0.0875176112514431
0.0915334405569539
0.0530658131772604
0.000741133639297512
0.108029264464908
0.0253900874818205
0.0266588237049676
0.0946737156616493
0.0585396693934033
0.0662773176988222
0.0389892009586292
0.0425856791603152
0.0353831827160615
0.00729983116643845
0.00729983116643845
0.109030113202743
0.0314903388830467
0.00436210245012455
0.121076992285234
0.0217440763474836
0.0534740742458081
0.0349730091748276
0.0148255871168607
0.0312151944866086
0.020456611041364
0.0610853074553008
0.0198776975833387
0.0293348706459045
0.0568356765223861
0.0800963575585892
0.00731609507556496
0.0456235780594498
0.0628383786484468
0.0386582369908723
0.0391070199382026
0.130315232103789
0.0239175013374888
0.00613811360274953
0.0151833017282789
0.0407847298272423
0.0318796505687109
0.107791033718048
0.00957871600889882
0.0366563729051772
0.0880610341777647
0.0286024329322182
0.0130560980096796
0.0130560980096796
0.0149405153315874
0.0272518917264638
0.0619715322539119
0.0692231936920023
0.0103401198838705
0.047658111703559
0.0266280230891736
0.0162672507568682
0.0162672507568682
0.00233994948115369
0.00963945917650139
0.116454255083647
0.10200943674131
0.0308474824927607
0.0222377182551263
0.0365683829811074
0.117242058429263
0.0534060727120186
0.054893495108368
0.0421692841701566
0.0421692841701566
0.0285242490869581
0.0533214491320872
0.0652214404148194
0.0208029370014968
0.117070986251106
0.117070986251106
0.114076242702551
0.0737015751244453
0.0824244330268237
0.0187091514362171
0.0187091514362171
0.0177717736989004
0.00956492672964094
0.0181774075382878
0.0947496687845524
0.119798811367696
0.0392320642320639
0.0383778064643476
0.0272835345978199
0.04677717297917
0.0264789012310042
0.112157884937628
0.0819623925218714
0.0527404264564812
0.0580746676634719
0.00745680505374889
0.0341517774598893
0.0721621763423773
0.00675810928596837
0.031246580479705
0.0563552796552955
0.0327719386983194
0.0327719386983194
0.0170473999411331
0.0271530957772274
0.0196130029954991
0.00541582563833868
0.0565299573554617
0.0516500067941294
0.0195279508183455
0.0195279508183455
0.0170826199918068
0.0445639309098461
0.103327275111057
0.0459278057946577
0.0311501973554159
0.0267935812431323
0.0115917177407187
0.0246202064026834
0.0891658569907816
0.0751661994313912
0.100410306317277
0.00611607431156534
0.0295988634783812
0.0478528119490978
0.052974843212077
0.056897716357199
0.0876045615868259
0.00117771208340613
0.0537487520821825
0.0184065948581003
0.0255557784312304
0.021869824123982
0.0331623650693652
0.100835064151977
0.0596245431020566
0.0490272091764744
0.0490272091764744
0.0215284316588811
0.0254371959416006
0.110084347176512
0.0343717541133192
0.0349236754068878
0.0917161416632462
0.0493955199195145
0.0310571039326266
0.028509890232865
0.0728693586102755
0.0221565312390782
0.0461213139159024
0.0394554396259907
0.0419538764308936
0.0186528263878086
0.0230544511769854
0.0230544511769854
0.0230544511769854
0.0162774705610862
0.0432782195634317
0.0644506122603788
0.0346341457615626
0.0840942134341379
0.0136557110924534
0.0515740855823377
0.0142135240706432
0.0142135240706432
0.0667517277764523
0.0958648351793272
0.0384682079632606
0.0918254258455524
0.0695797822054553
0.026682881543639
0.0131374413413068
0.0180425637083984
0.0417844676704447
0.00711784413153586
0.030834178719203
0.0574838546460796
0.0843599977812524
0.101049727344048
0.0841570078403241
0.0263440912669181
0.0266515476345177
0.0892433330047544
0.0671026412214694
0.0147305179418485
0.0129233012789613
0.0237758208207538
0.0261419144266633
0.0818834292611442
0.0627293644988876
0.075686664230353
0.00441289687331638
0.0435127277154066
0.0495467419925634
0.0101392730211171
0.00516553066853236
0.0176825789920783
0.0469586041435622
0.0163230832081336
0.0527749265564351
0.0420580525219572
0.077791999532543
0.0592059217094364
0.0470324647262
0.0581961723283481
0.115662451588545
0.115662451588545
0.0326383146129258
0.0555432476325479
0.0558727601735043
0.130472701901273
0.00803768471417386
0.035251841155696
0.0364531351509797
0.0105436372990238
0.054768218717914
0.0868212762595256
0.126315789473684
0.126315789473684
0.0122621586696325
0.0234138443310322
0.0784679635143761
0.0784679635143761
0.0146636592312733
0.0959558627462831
0.00963254925936537
0.0261893509074439
0.0925994733455348
0.0337006355033193
0.00788937158946191
0.0419823311861863
0.00174246654825326
0.0327169118039023
0.0532083486925624
0.113759426942219
0.0659638075463304
0.0445014214710739
0.0230791858960633
0.0557110695621899
0.033875306319469
0.0279320464102011
0.0200450607708275
0.0105955429569426
0.00255756344098878
0.114814814814815
0.00122008427138093
0.0641028321297741
0.039420010160854
0.046782018936317
0.0196906759608331
0.0218073716653697
0.0632763752193587
0.0595443540202981
0.0759045914080144
0.00449380941242648
0.0693093979596704
0.0089257910561152
0.0491003223226386
0.0544339752032276
0.0573092325367007
0.0531561070271955
0.0473639240018329
0.0277676202762566
0.0284419623703011
0.0868523609309925
0.0866622177697233
0.0449642344172543
0.0160600649507476
0.0831655454572773
0.0725548619455599
0.0290357757822178
0.0357532139937235
0.0161181237674224
0.0161181237674224
0.0105578386011474
0.0298424931580461
0.0351770785949365
0.0341812419657503
0.0463170319130978
0.0804465108043434
0.0247099046892997
0.0134228400766112
0.0600736494161558
0.0467690074498844
0.0334424887137336
0.0334424887137336
0.000592567395083712
0.00424895802258148
0.028110241836156
0.030937397289652
0.030841107077086
0.00865304744195932
0.00940311118076736
0.0177151051860303
0.00296758843348336
0.0458072287729353
0.0458072287729353
0.0620669767705047
0.0516470143464081
0.0233895607220389
0.0197150064387978
0.0651078245063206
0.0318121669108085
0.0166422267491883
0.024823878664591
0.0194981913215897
0.0247745863168156
0.0470359083174567
0.0479156684235745
0.0639969693480281
0.0193464125195092
0.0517418122175497
0.0336704296576806
0.0406252706481334
0.0220239115473207
0.0515744618911267
0.0255106173713061
0.00846814903922524
0.0201081598792564
0.0309318536226381
0.044660774269945
0.0274595458891692
0.025900834142592
0.025900834142592
0.025900834142592
0.0114008610866875
0.0245197432097832
0.0380045998928984
0.0441236791905555
0.044113502276301
0.0270307078386647
0.0769732550554468
0.0152579575679655
0.0391257279079812
0.00793087555371588
0.00590367067436743
0.0232392276935715
0.0232392276935715
0.0470387469312286
0.0127733998479806
0.0542446748315394
0.054948135688253
0.0235625146196921
0.00624915702766838
0.0954323042981594
0.0310201597465754
0.02382699368772
0.0621434008003494
0.00495037211567055
0.00495037211567055
0.00495037211567055
0.0107062104176425
0.0213721735478604
0.0113806533644989
0.0256550598884208
0.0433348757802296
0.0104796120431594
0.0136087851430767
0.0482480081448499
0.081484533529868
0.00630150572104417
0.00965732109213917
0.00167595188330855
0.010207068094008
0.00832281175394062
0.0734576020736581
0.0288526010279191
0.0378243603459038
0.0141992567237061
0.0575033612576275
0.0322059082345668
0.0201115324217703
0.0184146785133923
0.049697083966008
0.049697083966008
0.00668714012524919
0.0217113761168625
0.0111565637013571
0.0396166766117063
0.0179098145384638
0.00508765816418073
0.0516598227653975
0.0719644626948396
0.0221178513636187
0.0466498902272703
0.0151518627095653
0.0256182914202406
0.0486803519061585
0.0141696736081847
0.0222278407916308
0.030231657671187
0.00826860271002137
0.0681622268261258
0.0110201183396885
0.0375348555104245
0.0104159770363565
0.0104159770363565
0.0292843019014471
0.0249514838164441
0.0329194890792572
0.00327071545877281
0.0577065678626602
0.0175141477514017
0.028699668753962
0.028699668753962
0.0197642142290862
0.0265148635613378
0.00545965931450333
0.0197499134544633
0.0136463537041581
0.028845836496254
0.0280713714574005
0.00853949104306151
0.00295162488281375
