0.0530973451327431
0.0402684563758389
0.041958041958042
0.260869565217391
0.260869565217391
0.0674157303370787
0.146341463414634
0.146341463414634
0.0402684563758387
0.0635577649576383
0.0117878192534381
0.0636681043335387
0.0455859639380109
0.0455859639380109
0.205890876874216
0.0980455968796352
0.072289156626506
0.0923076923076923
0.0581789349640105
0.151197148358126
0.0266355560740655
0.680842317681571
0.0865874741575434
0.0865874741575434
0.113159056875044
0.0213523131672597
0.0893397129186604
0.0107719928186717
0.0107719928186717
0.0107719928186717
0.0530973451327431
0.0530973451327431
0.0437956204379562
0.0696044684085331
0.106260944980646
0.11387973113492
0.0914306317883352
0.127940983187168
0.0845632841077679
0.209085803719879
0.209085803719879
0.330316095539799
0.390349402667271
0.105301573180386
0.0923557896271288
0.420435481829111
0.612075098066628
0.0442413584380412
0.0752819171254038
0.180174524179392
0.0763976605824411
0.394596343506828
0.394596343506828
0.119541326746475
0.11517258084829
0.592934941674864
0.056138037563359
0.188547967409778
0.108132355539558
0.241040135265456
0.308208297480492
0.308208297480492
0.0593730655015781
0.317863913004326
0.317863913004326
0.428411888355909
0.0834803098252554
0.320686487662539
0.320686487662539
0.0795684225595524
0.301307668243713
0.138230492581293
0.113136654715776
0.102491355493389
0.102491355493389
0.104647378381371
0.572643290117279
0.0684760010581427
0.119708728885424
0.385295818822664
0.490729856486122
0.243829325288246
0.243829325288246
0.0291555456332314
0.245638169778343
0.0330743138996875
0.211279672467844
0.136391426688269
0.358909222559223
0.161512636428263
0.306878204461688
0.306878204461688
0.078967641716731
0.244444444444444
0.199530465798528
0.453437259470915
0.108465199077216
0.255963460811633
0.100903372073544
0.198829065092381
0.166982515883381
0.172268315894537
0.0834700683039352
0.248481248169737
0.0111882465142308
0.0995458627871753
0.324696985604666
0.116363636740891
0.113910213693386
0.147091195645228
0.285519979925819
0.222007044241171
0.12706952509128
0.0929730382681244
0.19016605265722
0.358647967639316
0.177536050163565
0.0383679416490199
0.24935676153387
0.0291787198817582
0.244897959183674
0.205264530880578
0.107551716447161
0.199908990198755
0.186161596310365
0.282308260425688
0.144928316958354
0.305513747725531
0.110860112947027
0.144928211711178
0.0996998953055425
0.281472136262106
0.11598993891484
0.11598993891484
0.11598993891484
0.205009771669079
0.205536488521439
0.0917490689405695
0.107638869197548
0.139708805363705
0.139708805363705
0.0554323600937689
0.243926357119308
0.185436156717058
0.167049040522286
0.167049040522286
0.305302503343358
0.100723173547328
0.0186406275228441
0.143387136173079
0.119137204905568
0.218071531691162
0.202791452472666
0.171545145300531
0.175160368681314
0.0660799485531139
0.0756939194638685
0.163259312063119
0.119668754078734
0.21391887047991
0.0973163088651857
0.119248990530589
0.114532678023231
0.096417918544193
0.149362908705328
0.149362908705328
0.240406773193665
0.210792264428678
0.0404081412497855
0.201945549725764
0.0591591863496557
0.146180779373104
0.0330381590557306
0.0963764196478448
0.0842352508874933
0.190567420545158
0.156895675094816
0.227038476542941
0.32583197562828
0.0753405218913142
0.172636382463277
0.0882038942882131
0.2123581540417
0.2123581540417
0.210248869511469
0.19508787608656
0.16107089399534
0.0800484101934956
0.110901052301716
0.208672559019865
0.0739953307654654
0.0689457533984128
0.122701046667101
0.0870545466665278
0.178478212900035
0.178478212900035
0.195787536645165
0.183274403834358
0.24738428427903
0.178273076889646
0.0761083137537925
0.177639900742679
0.124179996701089
0.124179996701089
0.0365853870697281
0.196736824796209
0.108835875206331
0.144603006373535
0.144603006373535
0.280538583315042
0.0551336858721681
0.182974225845627
0.182974225845627
0.182974225845627
0.181831277595363
0.14869969375078
0.0772766899371965
0.0518011304349631
0.0234007636610738
0.261993260278886
0.131684872462391
0.208461888793956
0.118885255540745
0.180800178249056
0.230890079224285
0.053196771531328
0.053196771531328
0.145792101649319
0.145792101649319
0.0825190227752765
0.185008343454541
0.0529264326180311
0.188890174476048
0.0282075997726968
0.1658
0.162766339891747
0.0496338527574736
0.144199241540168
0.162684276392628
0.0629318456999275
0.176673127909509
0.0620908006411618
0.146121893678932
0.129625135842277
0.141069170078891
0.198656870755989
0.156214113662702
0.203628561838064
0.106815619961688
0.140987290425778
0.0296557654401397
0.297935254643877
0.135524746259603
0.16856479996119
0.16036990706709
0.234162943609708
0.156489904806448
0.177325994140977
0.160824742268041
0.0441029127608624
0.292949205540523
0.109472788118711
0.10341038525391
0.23557391478433
0.0693279961182441
0.111472716618638
0.0943237356968581
0.0945187261817187
0.0497622602798362
0.0219170529795631
0.151364165326394
0.152447636124784
0.0833650765222724
0.0654480880692881
0.0512777298712307
0.228824949461138
0.174681897540144
0.165024539349079
0.0736995090028614
0.10293645296152
0.127823854619577
0.0452705665431869
0.0485081279278666
0.0418410549995892
0.181787115569057
0.12681469929487
0.11206938071555
0.153061224489796
0.103413774720885
0.0430039800898821
0.10486417239526
0.10486417239526
0.157235276083432
0.149948890896736
0.111945609577588
0.0384106429843074
0.207034274297403
0.105085189152957
0.152329663862498
0.0664301707829363
0.0988670749736333
0.10617932318637
0.0993634235885587
0.232538733547722
0.136569342556513
0.174344425729429
0.163744048365191
0.0900968779854956
0.0781699435317311
0.0781699435317311
0.10849935728369
0.139211314339904
0.047487202364942
0.0554257263908165
0.095986081140441
0.0733070683939749
0.145672291780076
0.144858702389553
0.0902697001259955
0.0954656697285441
0.0402877434865554
0.0886447543418982
0.0886447543418982
0.0886447543418982
0.227190537201023
0.0984486921410846
0.097296503811907
0.097296503811907
0.097296503811907
0.0802072304759745
0.0744730335647955
0.0744730335647955
0.0744730335647955
0.158622200572731
0.179095769922382
0.165271416050383
0.101421131291049
0.0670562833830573
0.0670562833830573
0.0923221326751665
0.196118825426448
0.0961160624303882
0.116511991385061
0.114130053881368
0.0291949051076836
0.0620364765337049
0.0824009565409766
0.0910541776158946
0.135249943353234
0.155689845139585
0.176328919151891
0.251768002196632
0.155822677101185
0.0506642486536496
0.195932014463275
0.110384128362026
0.112943167196007
0.143316311751742
0.0787641205638671
0.162378759186575
0.1200709306844
0.175450220912512
0.150753768844221
0.173904459617995
0.14245168735561
0.122225900331645
0.0861162002008555
0.0816269803264486
0.137312101867712
0.133607269095141
0.144870767789579
0.100087078171319
0.0463962985979854
0.120334958278442
0.147516518523137
0.0616184328605624
0.135051797490874
0.128064599381759
0.044355756837674
0.0495416751269797
0.102855739772656
0.140839005085421
0.0945876765473363
0.091582935724562
0.111582167832168
0.105038786431672
0.151093352723456
0.0199832140206009
0.105424629119935
0.105424629119935
0.152706219268032
0.150314168030687
0.144580917009636
0.144580917009636
0.0756853317847688
0.14395345322422
0.0408875960023641
0.135253427057649
0.0530242266833814
0.0530242266833814
0.128340959042611
0.0844542385040473
0.150812588319764
0.147224706134697
0.116840764623659
0.0994968422414322
0.141394659961353
0.099526079079402
0.137082601054482
0.0670752321394722
0.0933433056763633
0.108197581220882
0.0367479941949317
0.0761548547713233
0.176592702984676
0.063884934970402
0.144527217866832
0.144527217866832
0.144527217866832
0.0519633365406769
0.0774077124217803
0.133990069342451
0.1653077922674
0.186395215490041
0.0807330220300712
0.0700592581036468
0.120995091522739
0.120995091522739
0.0753303345066294
0.0699467306509912
0.150134837813021
0.164098518212347
0.0503887454474288
0.113525946745408
0.0691304148332337
0.0676565094224629
0.133934725238687
0.133934725238687
0.0926283296869432
0.136489452449062
0.0658516903461884
0.152278198920245
0.0845237862185541
0.0142960370068021
0.116103587117619
0.119205298013245
0.139422255398756
0.100386950969812
0.04951226847028
0.117656666161577
0.126798405641205
0.157105215669565
0.0430440967381821
0.144143972664141
0.0400133923750866
0.148836269299892
0.130869036484452
0.0599121735348611
0.0703940390971491
0.0897902984403808
0.151908965782532
0.0895370971985291
0.156842138779266
0.0964611765742138
0.121388246810733
0.121388246810733
0.148370103266039
0.102484417343742
0.102484417343742
0.131236438471914
0.0976175744469701
0.0709632138614122
0.101057239378348
0.0506482792991173
0.137834441026289
0.137834441026289
0.031363301665981
0.0483952529069922
0.122428614128613
0.157803757632916
0.157803757632916
0.132160169494316
0.0736347312563892
0.0736347312563892
0.116859703480567
0.12904389423822
0.0999670578978386
0.0206598622361123
0.0517586247493125
0.113969843273947
0.0957309714355057
0.0957309714355057
0.0957309714355057
0.0360076165228786
0.0275676249736993
0.122329476060858
0.0611089032939084
0.0470518417755328
0.0574487897278712
0.126673181666384
0.124104708683709
0.112215386455329
0.175077008005431
0.0568426269437361
0.109163832686132
0.0699872340558965
0.141330809138615
0.102962878442282
0.020280374216053
0.0987551806730791
0.0537914437040037
0.0311793439687898
0.089739391988112
0.0885784100758301
0.0317666033700719
0.0833657001912213
0.117573789782214
0.113799062093649
0.074574993322096
0.0941242022703725
0.0498806531911489
0.0369804098745983
0.0588149458137335
0.0395148401996787
0.119746780595343
0.107088523369245
0.127898411490484
0.158054728129795
0.0662597447853236
0.0892665703349781
0.0601965830470774
0.0907257701800542
0.102730152250881
0.106203147971596
0.104406466346344
0.0860955957669504
0.132213797501648
0.142434319809601
0.102045754401159
0.121909873076849
0.0696120297429042
0.0981916075371722
0.0492424285246214
0.0492424285246214
0.0514142373700729
0.138011223864959
0.0595632482177528
0.107703216034613
0.0436620031204892
0.0297747229392082
0.0932413758831719
0.105511083653571
0.0571874153443069
0.065550071078595
0.102886631533729
0.0405699480027955
0.0734066807146952
0.0252551986634436
0.110333553247832
0.0612853835651726
0.0728911002412704
0.0746655185578141
0.0766048874226403
0.0590125581161693
0.0588321613710153
0.0939446950152235
0.0160637350382002
0.187180486563636
0.0559044449880617
0.126538417069951
0.142595706099886
0.120432106955731
0.0808450427073037
0.0916802119559445
0.0900153990033494
0.149043254994552
0.0405975630810456
0.101537121590087
0.119481686811598
0.0462671562185003
0.0905093583407916
0.124041853954676
0.0910657788050236
0.0721625879198316
0.104291149477685
0.0520257059376097
0.0972721361856505
0.102807816306723
0.134794376659488
0.0754895137739387
0.0495330516728185
0.0320470346383682
0.124561888865888
0.0692180199885215
0.120159796482734
0.120159796482734
0.120159796482734
0.101916172152879
0.0472791980225572
0.07461980669866
0.0724503465376824
0.0476395730641273
0.124059832437401
0.0750572226951106
0.0182186607700456
0.141581790197559
0.0828289979249941
0.0898202890313629
0.0345113373364395
0.0369058896705782
0.0821917808219179
0.124962360076664
0.0757131797690522
0.0661475488841688
0.0370497288543066
0.0638352306713988
0.135346937474113
0.130717277469548
0.092009654432958
0.0880674263994114
0.0714749109841743
0.0841097985175296
0.0572847913704501
0.0831661575229923
0.103630003886514
0.141206588529829
0.0678470933933745
0.0854092526690399
0.0877689723224179
0.044905971410811
0.0687741324237181
0.0300086315197037
0.0274299247656546
0.0733953500769495
0.0733953500769495
0.0437201463970727
0.0321846737217972
0.0552112815243666
0.0814979432096945
0.0670337714984138
0.0875625771987857
0.0929704192674939
0.0266482759783918
0.0646545921400074
0.0568704059650741
0.0628070571625018
0.0694793196836413
0.0987329840046863
0.0333046060560215
0.0310364458113613
0.077047704830937
0.139475035240332
0.0497138360921136
0.0653917994940736
0.112986760078812
0.112986760078812
0.0270211376299088
0.0585857377163961
0.100322658762688
0.0918029668722803
0.0470589756476384
0.0805133400878082
0.0411089168835985
0.095406305469319
0.0726476423866356
0.0661339057517684
0.0504062581405066
0.165609026526478
0.0883425026351476
0.0543038546580816
0.0768083867703051
0.0768083867703051
0.0885037045192539
0.0885037045192539
0.0715346834598761
0.0802675585284281
0.0514165249353522
0.130387430234982
0.076084633546845
0.071903785032224
0.0695545084600555
0.0869201750760092
0.0743793053687157
0.0826749445458988
0.0826749445458988
0.111472298760752
0.0972179033378547
0.0649166001057351
0.0291878567879935
0.086853667062018
0.0867298511558676
0.0673438982605405
0.0896029865119519
0.0434467613624173
0.0856408733128289
0.0590330279035003
0.0351937182335118
0.107663025311207
0.072993878970604
0.0613157846745564
0.0360319117690184
0.0754039497307
0.0392650261517454
0.0917920209961494
0.050715541464592
0.0356783360946978
0.0541489295741438
0.00919718713784111
0.0609114702845433
0.0766633294219442
0.0643948063358931
0.0242848871252081
0.0808408167323705
0.123691971157474
0.0684967587157368
0.0650716435929556
0.0255697854043879
0.0587352350870389
0.0587352350870389
0.0602261521934211
0.0842814516557553
0.103620648513339
0.0505446105557428
0.0722049257847795
0.065777838451593
0.0816470103351387
0.119073689963809
0.083644164515047
0.0362136344391096
0.0457532857388197
0.0976719423486583
0.0324009455329442
0.0798159643786723
0.0218894105851677
0.0625288530473558
0.0371373493431314
0.046037644546468
0.0989135661692669
0.105917130467279
0.0747949124485593
0.0747635984923611
0.0150082715263589
0.0365940214509186
0.0634977704381765
0.0527589155798848
0.0698009439354683
0.0443182769220297
0.0443182769220297
0.0618358655217839
0.0509364440833637
0.0514370729537015
0.0843548613860248
0.0599598012718924
0.0699248222084107
0.0947572973203552
0.040334862737499
0.0701311971644756
0.0392059950424858
0.0536955943284306
0.0382304211007215
0.0343723537651584
0.0719175673772769
0.0616922781539454
0.0616922781539454
0.0616922781539454
0.0238239969802909
0.0403082560484571
0.0610155330793357
0.105357873601752
0.0709295562437325
0.0749458263851398
0.0771013264629703
0.0492187894896129
0.0407509338404494
0.0855602453019852
0.041956283524153
0.0401109608452654
0.0401109608452654
0.0857214753288731
0.015465022078067
0.110913785314805
0.0217988420334162
0.0780374312272002
0.0586942450252017
0.0916815168794577
0.0734575566659063
0.030434453474327
0.0324382087019801
0.0608268345647987
0.0893226887265046
0.0677141686022681
0.0599689612755447
0.023982103245978
0.06004155321186
0.0373849440487552
0.0373849440487552
0.0424031779116309
0.0852268750537957
0.015839611066027
0.038006799323832
0.070917342701772
0.070917342701772
0.0478431336126378
0.0541570420255458
0.0412384119423924
0.0548989074217996
0.0586819708313635
0.0537176600292314
0.0221002885910313
0.0524690211615163
0.072540357700793
0.0582662253507226
0.0282491915679261
0.0404535217813518
0.0567387585745948
0.0156368682500473
0.0376589095829289
0.057957497834921
0.0464824519038607
0.0450581390926256
0.046794839027986
0.028179308270619
0.0477797654771957
0.073791546664591
0.0657065369774109
0.0413470176625474
0.0425502016349558
0.0297255236022156
0.0231815143678938
0.0639414772942963
0.0568238125058952
0.0278646736415254
0.0122891253650134
0.0478981027467824
0.00748338262565793
0.0504555818518763
0.0205252865914667
0.0582744114947559
0.038313900542567
0.074898364665227
0.0347718579285311
0.0491092769175304
0.0156080854026944
0.0520548669283864
0.0682661418882864
0.0136958869672814
0.0319771589642714
0.00780216443513941
0.032599379233954
0.0164740670003589
0.0441117328227511
0.0367472062635035
0.0155308468020753
0.0580544036842342
0.0380790504847035
0.0453614455844325
0.0595797582259659
0.0246202437453299
0.0182538852168902
0.0525947486697859
0.0264199080432149
0.0110754718163054
0.0305832514481358
0.0159052477470614
0.0335771575665225
0.0357652595057449
0.0384338044220046
0.0273185841746534
0.0468904564133405
0.0327508200254109
0.0350344889358164
0.0169363591345122
0.0169363591345122
0.0356693260961972
0.0136728508909404
0.0245625471300417
0.0217277784583884
0.0217277784583884
0.0134881954308769
