TARA_147	TARA_149	TARA_150	TARA_20
941017	0	0	0	0
853669	1	1	1	1
1288182	1	1	1	0.5
4981029	0.961538461538462	0.916666666666667	0.95	1
845937	0.769230769230769	0.864864864864865	0.945945945945946	0.916666666666667
2716933	0.183673469387755	0.318181818181818	0.26865671641791	0.285714285714286
3745942_1	0.88135593220339	0.772727272727273	0.868852459016393	0.9375
3745942_2	0.88135593220339	0.772727272727273	0.868852459016393	0.9375
2434002	0.895833333333333	0.912280701754386	0.876712328767123	1
6079378	0.303571428571429	0.145454545454545	0.0526315789473684	0
3630978	0.909090909090909	0.926470588235294	0.806451612903226	0.9
3465123	0.113636363636364	0.0444444444444444	0.175	0
3753491	0.969230769230769	0.866666666666667	0.931818181818182	0.818181818181818
4885503	0.191489361702128	0.111111111111111	0.0769230769230769	0.181818181818182
3915936	0.837209302325581	0.933333333333333	0.916666666666667	1
6380305	0.377777777777778	0.432432432432432	0.239130434782609	0.272727272727273
4278756	0.906666666666667	1	0.796296296296296	1
237190	0.185185185185185	0	0.0952380952380952	0.142857142857143
1625776	0.222222222222222	0.0333333333333333	0.0833333333333333	0.166666666666667
2857477	0.105263157894737	0.0634920634920635	0.144927536231884	0.0909090909090909
6475434	0.314814814814815	0.377777777777778	0.697674418604651	0.615384615384615
4701170	0.928571428571429	0.911764705882353	0.90625	0.944444444444444
714418	0.690909090909091	0.854166666666667	0.847826086956522	1
2202413_1	0.23728813559322	0.304347826086957	0.259259259259259	0.2
2202413_2	0.23728813559322	0.304347826086957	0.259259259259259	0.2
3446748	0.868852459016393	0.877551020408163	0.896551724137931	0.545454545454545
294533_1	0.0833333333333333	0.136986301369863	0.0178571428571429	0
294533_2	0.0833333333333333	0.136986301369863	0.0178571428571429	0
3026623	0.661538461538462	0.810344827586207	0.736842105263158	0.647058823529412
4281810	0.925373134328358	0.712121212121212	0.681818181818182	0.933333333333333
2955769	0.772727272727273	0.745762711864407	0.813953488372093	0.333333333333333
2602325	0.951612903225806	0.804347826086957	0.959183673469388	0.833333333333333
1615261	0.314814814814815	0.106382978723404	0.30952380952381	0.111111111111111
4852493	0.223880597014925	0.205882352941176	0.152173913043478	0.538461538461538
2198419	0.854545454545454	0.928571428571429	0.863636363636364	1
2665980	0.862068965517241	0.884615384615385	0.78125	0.642857142857143
5403205	0.114754098360656	0.208333333333333	0.106382978723404	0.375
97747	0.355555555555556	0.5	0.625	0.238095238095238
1301528	0.104477611940299	0.0677966101694915	0.148148148148148	0.0833333333333333
868022	0.0909090909090909	0.19047619047619	0.0256410256410256	0.5
3450839	0.639344262295082	0.673913043478261	0.891891891891892	0.444444444444444
3523679	0.365384615384615	0.447368421052632	0.444444444444444	0.5
632445	0.528301886792453	0.302325581395349	0.526315789473684	0.416666666666667
6450199	0.274193548387097	0.265625	0.422222222222222	0.181818181818182
1996535_1	0.73015873015873	0.880952380952381	0.766666666666667	0.785714285714286
1996535_2	0.73015873015873	0.880952380952381	0.766666666666667	0.785714285714286
2853648	0.348837209302326	0.314285714285714	0.545454545454545	0.222222222222222
2675603	0.897435897435897	0.767441860465116	0.707317073170732	0.923076923076923
1091019	0.92156862745098	0.666666666666667	0.877551020408163	0.7
739734	0.903225806451613	0.703125	0.774647887323944	0.833333333333333
724377	0.101694915254237	0.112676056338028	0.0153846153846154	0.263157894736842
6180503	0.733333333333333	0.671428571428571	0.619047619047619	0.666666666666667
2600561	0.233333333333333	0.0980392156862745	0.0869565217391304	0
1545038	0.901960784313726	0.907407407407407	0.836734693877551	0.769230769230769
454359	0.360655737704918	0.295081967213115	0.375	0.75
5564251	0.3	0.196428571428571	0.204545454545455	0.5
6959010	0.826086956521739	0.782608695652174	0.680851063829787	1
6119141	0.850746268656716	0.8	0.75	0.588235294117647
6717326	0.478260869565217	0.6	0.585365853658537	0.142857142857143
6811546	1	0.823529411764706	1	1
6774128	0.921052631578947	0.722222222222222	0.73469387755102	1
4430872_1	0.673913043478261	0.417910447761194	0.796296296296296	0.764705882352941
4430872_2	0.673913043478261	0.417910447761194	0.796296296296296	0.764705882352941
3255271	0.333333333333333	0.6	0.298245614035088	0.25
5316922	0.612244897959184	0.324324324324324	0.431818181818182	0.736842105263158
719279	0.392857142857143	0.648148148148148	0.622222222222222	0.416666666666667
5363049	0.759259259259259	0.939393939393939	0.943396226415094	1
4384667	0.676470588235294	0.472222222222222	0.638297872340426	0.666666666666667
3504401	0.534246575342466	0.469387755102041	0.754098360655738	0.238095238095238
6819880	0.152542372881356	0.222222222222222	0.452830188679245	0.2
1375531	0.375	0.0263157894736842	0.25	0.1875
5870017	0.671875	0.630769230769231	0.784313725490196	0.666666666666667
5012609	0.0545454545454545	0.0731707317073171	0.111111111111111	0
6982485	0.253968253968254	0.428571428571429	0.410714285714286	0.3
3329855	0.290322580645161	0.52	0.666666666666667	0.666666666666667
6946873	0.407407407407407	0.254237288135593	0.260869565217391	0.272727272727273
234900	0.814814814814815	0.886363636363636	0.781818181818182	0.789473684210526
1871152	0.867647058823529	0.847457627118644	0.86046511627907	1
2867557	0.275862068965517	0.1875	0.175438596491228	0.352941176470588
6095199	0.204545454545455	0.0238095238095238	0.0333333333333333	0
3254012	0.867924528301887	0.629032258064516	0.843137254901961	0.866666666666667
2004806	0.722222222222222	0.897959183673469	0.811320754716981	0.866666666666667
1608323	0.4	0.426229508196721	0.659574468085106	0.333333333333333
5058348	0.303571428571429	0.277777777777778	0.333333333333333	0.0909090909090909
4939035	0.737704918032787	0.866666666666667	0.96078431372549	1
346442	0.409836065573771	0.468085106382979	0.379310344827586	0.857142857142857
3121829	0.403225806451613	0.529411764705882	0.529411764705882	0.888888888888889
5668679	0.833333333333333	0.722222222222222	0.851851851851852	1
3235974	0.339622641509434	0.108108108108108	0.0789473684210526	0.0909090909090909
5447790	0.166666666666667	0.405405405405405	0.181818181818182	0.0526315789473684
2725018	0.92156862745098	0.979166666666667	0.775862068965517	0.545454545454545
5715819	0.227272727272727	0.138888888888889	0.260869565217391	0
1191840	0.846153846153846	0.711538461538462	0.758064516129032	0.363636363636364
5480598	0.206349206349206	0.0851063829787234	0.0869565217391304	0.133333333333333
5452746_1	0.145454545454545	0.0606060606060606	0.140350877192982	0
5452746_2	0.145454545454545	0.0606060606060606	0.140350877192982	0
6974588	0.209677419354839	0.285714285714286	0.126760563380282	0.625
6815496	0.109090909090909	0.0757575757575758	0.135593220338983	0
1843689	0.612903225806452	0.694915254237288	0.631578947368421	1
4832813	0.430769230769231	0.6	0.642857142857143	0.176470588235294
6084840	0.833333333333333	0.938775510204082	0.936170212765957	1
2087301	0.48	0.553191489361702	0.711111111111111	0.333333333333333
716097	0.941176470588235	0.745454545454545	0.705882352941177	0.833333333333333
2214549	0.792207792207792	0.875	0.891304347826087	0.722222222222222
5519373	0.731707317073171	0.7	0.86046511627907	0.6875
5355905	0.22	0.0816326530612245	0.333333333333333	0.1
5634335	0.970149253731343	0.777777777777778	0.75	0.555555555555556
2603677	0.627906976744186	0.653846153846154	0.447368421052632	0.733333333333333
6169626	0.892857142857143	0.755102040816326	0.851851851851852	0.785714285714286
5851695	0.914893617021277	1	0.866666666666667	0.666666666666667
4900617	1	0.781818181818182	0.936507936507937	1
7051226	0.796296296296296	0.961538461538462	0.781818181818182	0.857142857142857
5354928	0.604651162790698	0.444444444444444	0.51219512195122	0.3
1063008	0.891891891891892	0.887096774193548	0.948275862068966	1
3880910_1	0.5625	0.738461538461539	0.730769230769231	0.8125
3880910_2	0.5625	0.738461538461539	0.730769230769231	0.8125
3448509	0.571428571428571	0.555555555555556	0.634615384615385	0.0625
824284	0.318840579710145	0.0638297872340425	0.254545454545455	0.117647058823529
6462661_1	0.389830508474576	0.416666666666667	0.25	0
6462661_2	0.389830508474576	0.416666666666667	0.25	0
2924796	0.893333333333333	0.745098039215686	0.733333333333333	1
4213941	0.0434782608695652	0.192982456140351	0.0188679245283019	0
3837038	0.0892857142857143	0.208333333333333	0.121212121212121	0
6727681	0.285714285714286	0.0714285714285714	0.203125	0.176470588235294
5348993	0.285714285714286	0.283018867924528	0.476190476190476	0.35
3660276	0.777777777777778	0.897435897435897	0.710526315789474	0.857142857142857
1161593	0.282051282051282	0.0606060606060606	0.0909090909090909	0
6596659_1	0.363636363636364	0.14	0.318181818181818	0
6596659_2	0.363636363636364	0.14	0.318181818181818	0
6372709	0.589285714285714	0.852459016393443	0.731707317073171	0.95
367112	0.928571428571429	0.96551724137931	0.945454545454545	0.954545454545455
3713150	0.854166666666667	0.879310344827586	0.833333333333333	0.769230769230769
398781	0.58974358974359	0.51219512195122	0.547619047619048	0.9
5862228	0.177777777777778	0.41025641025641	0.23728813559322	0.4
6749174	0.161764705882353	0.138461538461538	0.104477611940299	0.166666666666667
354516	0.0985915492957746	0.0208333333333333	0.0545454545454545	0
6658562	0.785714285714286	0.932203389830508	0.785714285714286	1
592889	0.291666666666667	0.244444444444444	0.254901960784314	0.181818181818182
7112820	0.245901639344262	0.39344262295082	0.142857142857143	0.0625
6982517	0.926470588235294	1	0.813559322033898	1
33128	0.74468085106383	0.852941176470588	0.673076923076923	0.941176470588235
1954696	0.921875	0.914893617021277	0.852941176470588	0.928571428571429
1692736	0.442857142857143	0.387755102040816	0.517857142857143	0.0714285714285714
1048498	0.55	0.597014925373134	0.346153846153846	0.461538461538462
6724794	0.811594202898551	0.943396226415094	0.872727272727273	0.9375
4228273	0.109375	0.166666666666667	0.2	0
2493869	0.941176470588235	0.696428571428571	0.763636363636364	0.944444444444444
6057525	0.323076923076923	0.5625	0.42	0.0555555555555556
3036591	0.181818181818182	0.17741935483871	0.228070175438596	0.0588235294117647
1346137	0.6875	0.964912280701754	0.82258064516129	0.75
3782636	0.183673469387755	0.288888888888889	0.0746268656716418	0
6103579_1	0.363636363636364	0.588235294117647	0.333333333333333	0.384615384615385
6103579_2	0.363636363636364	0.588235294117647	0.333333333333333	0.384615384615385
6103579_3	0.363636363636364	0.588235294117647	0.333333333333333	0.384615384615385
3260672	0.115942028985507	0.214285714285714	0.169811320754717	0.0909090909090909
5287761	0.661016949152542	0.627118644067797	0.64	0.909090909090909
2028465	0.725490196078431	0.491228070175439	0.533333333333333	0.769230769230769
5234664	0.792207792207792	0.883333333333333	0.786885245901639	0.533333333333333
4845310	0.701754385964912	0.590909090909091	0.58	0.642857142857143
6517335	0.144927536231884	0.111111111111111	0.0961538461538462	0.111111111111111
4324637	0.315789473684211	0.135135135135135	0.125	0
1685952	0.732142857142857	0.694915254237288	0.618181818181818	0.777777777777778
4757141	0.161290322580645	0.0704225352112676	0.0983606557377049	0.0454545454545455
850525	0.491525423728814	0.24	0.285714285714286	0.263157894736842
4261747	0.244444444444444	0.395348837209302	0.45	0.727272727272727
5079914	0.12	0.17910447761194	0.365079365079365	0.466666666666667
4970889	0.2	0.213114754098361	0.0161290322580645	0.0833333333333333
6094586_1	0.5	0.348484848484849	0.229508196721311	0.263157894736842
6094586_2	0.5	0.348484848484849	0.229508196721311	0.263157894736842
2464247	0.375	0.270833333333333	0.478260869565217	0.3
2612891	0.813953488372093	0.822222222222222	0.849056603773585	0.769230769230769
254646	0.702127659574468	0.68	0.571428571428571	0.647058823529412
3551012	0.320754716981132	0.490566037735849	0.402985074626866	0.0666666666666667
4840022	0.575757575757576	0.377049180327869	0.484375	0.266666666666667
4935706	0.921875	0.796296296296296	0.898305084745763	0.875
5004612	0.763636363636364	0.73469387755102	0.851851851851852	1
1862198	0.166666666666667	0.257575757575758	0.214285714285714	0.222222222222222
6159771	0.160714285714286	0.191176470588235	0.107142857142857	0
1217602_1	0.609756097560976	0.585365853658537	0.341463414634146	0.444444444444444
1217602_2	0.609756097560976	0.585365853658537	0.341463414634146	0.444444444444444
4192464	0.0952380952380952	0.116666666666667	0.169014084507042	0
1014235	0.753846153846154	0.720930232558139	0.672131147540984	1
897909	0.730769230769231	0.740740740740741	0.796296296296296	0.75
3825453	0.513888888888889	0.764705882352941	0.597222222222222	0.583333333333333
6539082	0.6	0.58974358974359	0.711111111111111	0.714285714285714
7121397	0.666666666666667	0.78	0.671641791044776	0.714285714285714
416552	0.235294117647059	0.277777777777778	0.361702127659574	0.5
5248281_1	0.594202898550725	0.602941176470588	0.673076923076923	0.588235294117647
5248281_2	0.594202898550725	0.602941176470588	0.673076923076923	0.588235294117647
3812685	0.551724137931034	0.595744680851064	0.593220338983051	0.666666666666667
3260196	0.150943396226415	0.125	0.166666666666667	0
5229680	0.0740740740740741	0.25	0.25	0.25
198517	0.787234042553192	0.815789473684211	0.710526315789474	0.9
5204225_1	0.4375	0.266666666666667	0.451612903225806	0.111111111111111
5204225_2	0.4375	0.266666666666667	0.451612903225806	0.111111111111111
2568525	0.46969696969697	0.508771929824561	0.596774193548387	0.166666666666667
667265	0.234042553191489	0.276923076923077	0.203389830508475	0
6993904_1	0.428571428571429	0.51219512195122	0.530612244897959	0.733333333333333
6993904_2	0.428571428571429	0.51219512195122	0.530612244897959	0.733333333333333
5275874	0.461538461538462	0.602941176470588	0.714285714285714	0.333333333333333
3396687	0.404761904761905	0.491228070175439	0.422222222222222	0.384615384615385
83205	0.439024390243902	0.186046511627907	0.181818181818182	0.230769230769231
2282090	0.703703703703704	0.775	0.625	0.3
2608034_1	0.369230769230769	0.25	0.204081632653061	0.2
2608034_2	0.369230769230769	0.25	0.204081632653061	0.2
2608034_3	0.369230769230769	0.25	0.204081632653061	0.2
1862568	0.73015873015873	0.936507936507937	0.849056603773585	0.684210526315789
1114255	0.833333333333333	0.777777777777778	0.704918032786885	0.8
3447708	0.51219512195122	0.590163934426229	0.641791044776119	0.1
874548	0.366666666666667	0.225	0.224489795918367	0.5625
4459091_1	0.134328358208955	0.269230769230769	0.257575757575758	0.2
4459091_2	0.134328358208955	0.269230769230769	0.257575757575758	0.2
1943949	0.238095238095238	0.2	0.05	0
7071265	0.025974025974026	0.142857142857143	0.0689655172413793	0
1560990	0.621212121212121	0.571428571428571	0.568627450980392	0.227272727272727
1130091	0.360655737704918	0.413793103448276	0.531914893617021	0.454545454545455
3883056_1	0.608108108108108	0.552238805970149	0.666666666666667	1
3883056_2	0.608108108108108	0.552238805970149	0.666666666666667	1
3703333_1	0.690909090909091	0.844827586206897	0.830508474576271	0.85
3703333_2	0.690909090909091	0.844827586206897	0.830508474576271	0.85
5288727	0.366666666666667	0.433333333333333	0.636363636363636	0.6875
5556982	0.365079365079365	0.423076923076923	0.28	0.0625
4321049	0.218181818181818	0.425531914893617	0.246153846153846	0.2
2552432	0.30188679245283	0.214285714285714	0.4	0.136363636363636
3523016	0.5	0.379310344827586	0.39622641509434	0.357142857142857
1380446	0.804878048780488	0.666666666666667	0.674418604651163	0.888888888888889
188161	0.454545454545455	0.568181818181818	0.388888888888889	0.357142857142857
3156567	0.366666666666667	0.423076923076923	0.309090909090909	0.615384615384615
6106936	0.314814814814815	0.305084745762712	0.476190476190476	0.333333333333333
5364593	0.214285714285714	0.169491525423729	0.121951219512195	0.05
6903964	0.538461538461538	0.462686567164179	0.416666666666667	0.555555555555556
3778323	0.89041095890411	0.666666666666667	0.779661016949153	0.941176470588235
1666666	0.280701754385965	0.307692307692308	0.16	0.214285714285714
2384268	0.169811320754717	0.2	0.04	0.105263157894737
7101315	0.980392156862745	0.851851851851852	0.758064516129032	0.789473684210526
541511_1	0.133333333333333	0.19047619047619	0.202702702702703	0.333333333333333
541511_2	0.133333333333333	0.19047619047619	0.202702702702703	0.333333333333333
6742796	0.118421052631579	0	0.0285714285714286	0
1623255_1	0.732142857142857	0.493150684931507	0.689189189189189	0.8
1623255_2	0.732142857142857	0.493150684931507	0.689189189189189	0.8
155432	0.634615384615385	0.720588235294118	0.685714285714286	0.523809523809524
17876	0.375	0.348837209302326	0.218181818181818	0.555555555555556
1263774	0.563636363636364	0.434782608695652	0.48	0.35
6975185	0.628205128205128	0.596491228070175	0.737704918032787	0.6875
982390	0.717391304347826	0.697674418604651	0.8125	0.466666666666667
6288509_1	0.415384615384615	0.473684210526316	0.5	0.538461538461538
6288509_2	0.415384615384615	0.473684210526316	0.5	0.538461538461538
76424	0.321428571428571	0.222222222222222	0.189189189189189	0.2
3489474	0.551282051282051	0.376811594202899	0.5	0.0666666666666667
5039780	0.857142857142857	0.658536585365854	0.846153846153846	1
6382534	0.363636363636364	0.428571428571429	0.408163265306122	0.2
6487756_1	0.192307692307692	0.0188679245283019	0.102040816326531	0
6487756_2	0.192307692307692	0.0188679245283019	0.102040816326531	0
6511286	0.0952380952380952	0	0.181818181818182	0
2276563	0.345454545454545	0.277777777777778	0.238095238095238	0.416666666666667
6146617	0.301369863013699	0.385964912280702	0.384615384615385	0.0769230769230769
2473664	0.714285714285714	0.583333333333333	0.540540540540541	0.583333333333333
2115646	0.163934426229508	0.0909090909090909	0.188679245283019	0.153846153846154
2861237	0.724137931034483	0.712121212121212	0.8	0.363636363636364
299847	0.264150943396226	0.25	0.132352941176471	0.428571428571429
5993625	0.409836065573771	0.523809523809524	0.530612244897959	0.611111111111111
180352	0.19047619047619	0.0535714285714286	0.105263157894737	0
660863	0.283018867924528	0.133333333333333	0.112903225806452	0.181818181818182
4872487	0.142857142857143	0.264150943396226	0.266666666666667	0.111111111111111
5518976	0.213114754098361	0.05	0.15	0.1875
5976953	0.846153846153846	0.756756756756757	0.759259259259259	0.733333333333333
1509448	0.982456140350877	0.844827586206897	0.966101694915254	1
7063829	0.743243243243243	0.796610169491525	0.887323943661972	0.941176470588235
2588688	0.0425531914893617	0.145454545454545	0	0
812523	0.529411764705882	0.480769230769231	0.362068965517241	0.411764705882353
4200977	0.208333333333333	0.253521126760563	0.292307692307692	0.476190476190476
850534	0.755102040816326	0.707317073170732	0.75	0.8
4164557	0.569444444444444	0.637931034482759	0.520547945205479	1
5846409	0.314814814814815	0.25	0.303571428571429	0.555555555555556
1534406	0.15625	0.0597014925373134	0.206896551724138	0
3318346	0.155172413793103	0.0980392156862745	0.0222222222222222	0
1838173	0.476923076923077	0.382978723404255	0.56	0.866666666666667
1243595	0.454545454545455	0.642857142857143	0.558139534883721	0.222222222222222
2446337	0.316666666666667	0.271186440677966	0.3125	0.25
6450742	0.25	0.388888888888889	0.416666666666667	0.181818181818182
4922373	0.836363636363636	0.977777777777778	0.790697674418605	0.846153846153846
6332011	0.203389830508475	0.2	0.275	0.1
1358743	0.821917808219178	0.818181818181818	0.826666666666667	0.6875
280335	0.266666666666667	0.26984126984127	0.158730158730159	0.4
5263588	0.348837209302326	0.395833333333333	0.25	0.1
3247767	0.348837209302326	0.282051282051282	0.375	0.333333333333333
7124007	0.203389830508475	0.311111111111111	0.307692307692308	0.111111111111111
4809477_1	0.380952380952381	0.407407407407407	0.5	0.285714285714286
4809477_2	0.380952380952381	0.407407407407407	0.5	0.285714285714286
6508637	0.327586206896552	0.363636363636364	0.384615384615385	0
5987964	0.358974358974359	0.170212765957447	0.4	0.461538461538462
4412195	0.755555555555556	0.857142857142857	0.8	1
6249650	0.686567164179104	0.627118644067797	0.43859649122807	0.619047619047619
4468861	0.533333333333333	0.761904761904762	0.622641509433962	0.571428571428571
2509594	0.847457627118644	1	0.971014492753623	1
5083959	0.666666666666667	0.851851851851852	0.671875	0.714285714285714
6529758	0.839285714285714	1	0.943661971830986	1
1455958	0.68	0.457627118644068	0.387096774193548	0.65
5747564	0.858974358974359	0.916666666666667	0.8125	0.888888888888889
4716770_1	0.264705882352941	0.263157894736842	0.338028169014085	0.238095238095238
4716770_2	0.264705882352941	0.263157894736842	0.338028169014085	0.238095238095238
4681545_1	0.609756097560976	0.564102564102564	0.596153846153846	0.916666666666667
4681545_2	0.609756097560976	0.564102564102564	0.596153846153846	0.916666666666667
6818082	0.138888888888889	0.101694915254237	0.0555555555555556	0.117647058823529
5332496	0.719298245614035	0.566666666666667	0.731707317073171	0.5
2916664	0.441558441558442	0.452830188679245	0.596153846153846	0.769230769230769
6753151	0.277777777777778	0.216666666666667	0.156862745098039	0.3
3281808	0.915254237288136	0.827586206896552	0.822222222222222	0.75
4680970	0.603174603174603	0.763636363636364	0.783783783783784	0.777777777777778
3239853	0.924242424242424	0.946428571428571	0.773333333333333	1
28347	0.594202898550725	0.604651162790698	0.746031746031746	0.8125
1051411	0.338709677419355	0.588235294117647	0.5625	0.454545454545455
5840886_1	0.633333333333333	0.515625	0.65625	0.866666666666667
5840886_2	0.633333333333333	0.515625	0.65625	0.866666666666667
780599	0.150943396226415	0.0980392156862745	0.262295081967213	0.333333333333333
2376078	0.732142857142857	0.5	0.692307692307692	0.888888888888889
5171644	0.296296296296296	0.26	0.15	0.272727272727273
408204	0.2	0.2	0.306122448979592	0
4712982	0.258620689655172	0.153846153846154	0.186440677966102	0.307692307692308
3136229	0.537313432835821	0.521739130434783	0.406779661016949	0.2
799674	0.142857142857143	0.184210526315789	0.311111111111111	0.166666666666667
4053710	0.714285714285714	0.916666666666667	0.774647887323944	0.636363636363636
4997076	0.810810810810811	0.658536585365854	0.631578947368421	0.571428571428571
6859542	0.0701754385964912	0.195652173913043	0.219512195121951	0
3635725	0.680851063829787	0.641509433962264	0.69047619047619	0.5
6903410	0.27906976744186	0.162162162162162	0.304347826086957	0.0909090909090909
6198256	0.532258064516129	0.455882352941176	0.655172413793103	0.714285714285714
1580653	0.708333333333333	0.782608695652174	0.909090909090909	1
5592610	0.716666666666667	0.907692307692308	0.746478873239437	0.6
6284633_1	0.430769230769231	0.379310344827586	0.5625	0.5625
6284633_2	0.430769230769231	0.379310344827586	0.5625	0.5625
6151797	0.888888888888889	0.803921568627451	0.85	0.875
1569289	0.807692307692308	0.701492537313433	0.789473684210526	0.666666666666667
3483431	0.348484848484849	0.265625	0.306451612903226	0.0625
2609077	0.309090909090909	0.39622641509434	0.357142857142857	0.545454545454545
5736364	0.229508196721311	0.348837209302326	0.333333333333333	0.117647058823529
6123385	0.291666666666667	0.109375	0.213114754098361	0.1875
6342338	0.578947368421053	0.442857142857143	0.457627118644068	0.588235294117647
5442423	0.119047619047619	0.254545454545455	0.104166666666667	0
6878440	0.213114754098361	0.258064516129032	0.183333333333333	0.153846153846154
965391	0.904761904761905	1	1	1
5453288	0.684931506849315	0.649122807017544	0.5	0.5
6082962	0.909090909090909	0.903846153846154	0.842105263157895	1
2740617	0.714285714285714	0.792452830188679	0.916666666666667	0.857142857142857
2368399	0.854166666666667	0.661290322580645	0.72	0.8
1638493	0.258064516129032	0.35	0.366666666666667	0.125
1659272	0.161764705882353	0.136363636363636	0.114285714285714	0.1
5272606	0.9375	0.775510204081633	0.928571428571429	1
6394212	0.639344262295082	0.72	0.722222222222222	0.888888888888889
3760539	0.622222222222222	0.619047619047619	0.661764705882353	0.916666666666667
835102_1	0.235294117647059	0.0851063829787234	0.0933333333333333	0
835102_2	0.235294117647059	0.0851063829787234	0.0933333333333333	0
570382	0.433962264150943	0.314814814814815	0.275	0
2947541	0.170731707317073	0.229166666666667	0.298245614035088	0.333333333333333
1312518	0.8	0.956521739130435	0.828571428571429	0.833333333333333
1594154	0.25	0.145833333333333	0.22	0
5210620	0.326923076923077	0.390625	0.402985074626866	0.538461538461538
1231844	0.5625	0.613636363636364	0.585365853658537	0.529411764705882
2826244	0.88	0.796610169491525	0.783783783783784	0.6
1498552	0.813953488372093	0.842105263157895	0.829787234042553	0.846153846153846
7002696	0.909090909090909	0.901960784313726	0.764705882352941	1
3731905	0.4	0.388888888888889	0.41304347826087	0.583333333333333
4740150	0.361702127659574	0.35	0.304347826086957	0.666666666666667
1756151	0.476190476190476	0.235294117647059	0.345454545454545	0.25
6483560_1	0.476190476190476	0.52	0.652173913043478	0.727272727272727
6483560_2	0.476190476190476	0.52	0.652173913043478	0.727272727272727
1909724	0.596774193548387	0.543478260869565	0.75	0.428571428571429
1145128	0.982456140350877	0.784313725490196	0.843137254901961	0.882352941176471
4856104	0.852459016393443	0.94	0.770491803278688	1
1141113	0.106060606060606	0.147058823529412	0.210526315789474	0.263157894736842
6292503	0.241935483870968	0.1875	0.220588235294118	0.1
2646166	0.591549295774648	0.683333333333333	0.571428571428571	0.333333333333333
3832393	0.704918032786885	0.819672131147541	0.627118644067797	0.904761904761905
6742122	0.482142857142857	0.455882352941176	0.581818181818182	0.333333333333333
3433300	0.775	0.772727272727273	0.666666666666667	1
5774430	0.0754716981132075	0.117647058823529	0.23728813559322	0
4673954	0.857142857142857	0.903846153846154	0.773584905660377	0.777777777777778
7122809	0.444444444444444	0.571428571428571	0.529411764705882	0.625
286805	0.526315789473684	0.319148936170213	0.418181818181818	0.5
2347651	0.666666666666667	0.75	0.666666666666667	1
5803290	0.204081632653061	0.24	0.19672131147541	0.111111111111111
3316391	0.888888888888889	0.838235294117647	1	0.909090909090909
262507	0.439393939393939	0.372549019607843	0.484375	0.454545454545455
6817912	0.36	0.255813953488372	0.228571428571429	0.272727272727273
429993	0.306122448979592	0.273972602739726	0.25	0
4357350	0.631578947368421	0.520833333333333	0.555555555555556	0.631578947368421
3810095	0.104477611940299	0.264150943396226	0.230769230769231	0
4211393	0.508196721311475	0.55	0.4375	0.461538461538462
2808283	0.657142857142857	0.735849056603774	0.666666666666667	0.909090909090909
7099560	0.568627450980392	0.555555555555556	0.654545454545455	0.818181818181818
1838835	0.92156862745098	0.758620689655172	0.888888888888889	0.733333333333333
695649	0.683333333333333	0.519230769230769	0.596153846153846	0.789473684210526
4106856	0.622950819672131	0.85	0.612903225806452	0.789473684210526
1396349	0.359375	0.48	0.296296296296296	0.227272727272727
2588124	0.186440677966102	0.303030303030303	0.0945945945945946	0.133333333333333
219918	0.454545454545455	0.604651162790698	0.564102564102564	0.307692307692308
1007062	0.521739130434783	0.671875	0.734375	0.75
4104479	0.660714285714286	0.583333333333333	0.604166666666667	0.722222222222222
119700	0.361702127659574	0.266666666666667	0.381818181818182	0.454545454545455
3199285	0.302325581395349	0.333333333333333	0.24	0.0714285714285714
4826256	0.22	0.116279069767442	0.195652173913043	0.272727272727273
5988220	0.378787878787879	0.228070175438596	0.236363636363636	0.363636363636364
6978188	0.416666666666667	0.48	0.524590163934426	0.714285714285714
3392016	0.753424657534247	0.728813559322034	0.785714285714286	0.666666666666667
6336906	0.644444444444444	0.791666666666667	0.631578947368421	1
6643386	0.0882352941176471	0.209677419354839	0.0983606557377049	0.125
4785658	0.234375	0.338709677419355	0.296875	0.2
6266464	0.576271186440678	0.475	0.711111111111111	0.8
1088465	0.428571428571429	0.340425531914894	0.557377049180328	0.380952380952381
4464647	0.21875	0.15625	0.157894736842105	0.285714285714286
5253682_1	0.2	0.348837209302326	0.422222222222222	0.272727272727273
5253682_2	0.2	0.348837209302326	0.422222222222222	0.272727272727273
3852986	0.1875	0.229166666666667	0.261538461538462	0.0769230769230769
1279630_1	0.15	0.163265306122449	0.142857142857143	0.266666666666667
1279630_2	0.15	0.163265306122449	0.142857142857143	0.266666666666667
1731908	0.823529411764706	0.855072463768116	0.790322580645161	0.888888888888889
5772996	0.851851851851852	0.815789473684211	0.851851851851852	0.6875
2865272	0.25	0.241379310344828	0.213114754098361	0.153846153846154
2240065	0.833333333333333	0.705882352941177	0.767857142857143	0.714285714285714
3151107	0.796296296296296	0.954545454545455	0.873015873015873	1
2137614	0.82258064516129	0.880952380952381	0.964912280701754	1
1981767_1	0.75	0.62962962962963	0.782608695652174	0.7
1981767_2	0.75	0.62962962962963	0.782608695652174	0.7
6259064	0.295081967213115	0.46875	0.293103448275862	0.384615384615385
5327604	0.878787878787879	0.839285714285714	0.953846153846154	1
3943109	0.240740740740741	0.470588235294118	0.342465753424658	0.285714285714286
7046190	0.72	0.723076923076923	0.714285714285714	0.666666666666667
3505242	0.522388059701492	0.610169491525424	0.573529411764706	0.666666666666667
5192197	0.462962962962963	0.245901639344262	0.480769230769231	0.444444444444444
4791847	0.711538461538462	0.637931034482759	0.578947368421053	0.7
5509832_1	0.938775510204082	0.825396825396825	0.880597014925373	0.909090909090909
5509832_2	0.938775510204082	0.825396825396825	0.880597014925373	0.909090909090909
6903255	0.185185185185185	0.0476190476190476	0.115384615384615	0
5135734	0.296296296296296	0.282051282051282	0.366666666666667	0.1875
6622563	0.26865671641791	0.204081632653061	0.23943661971831	0.55
2662852	0.857142857142857	0.706896551724138	0.776119402985075	1
562804	0.947368421052632	0.846153846153846	0.793103448275862	1
4078098	0.80327868852459	0.769230769230769	0.770491803278688	1
2917104	0.246153846153846	0.232142857142857	0.2	0.181818181818182
3387454	0.774647887323944	0.661016949152542	0.708333333333333	0.95
2850985	0.671875	0.86046511627907	0.82	0.666666666666667
3744093_1	0.75	0.754716981132076	0.8	0.769230769230769
3744093_2	0.75	0.754716981132076	0.8	0.769230769230769
2560889	0.546875	0.582089552238806	0.615384615384615	0.85
3993664	0.777777777777778	0.951219512195122	0.868852459016393	0.888888888888889
1376106	0.358974358974359	0.352941176470588	0.175438596491228	0.2
39172	0.153846153846154	0.0810810810810811	0.0847457627118644	0.0909090909090909
3704181	0.76	0.542372881355932	0.567164179104478	0.7
5598375	0.326530612244898	0.423728813559322	0.386363636363636	0.181818181818182
819548	0.1875	0.0714285714285714	0.0317460317460317	0.142857142857143
1815818	0.4	0.534883720930233	0.589285714285714	0.533333333333333
3445986_1	0.724137931034483	0.666666666666667	0.785714285714286	0.75
3445986_2	0.724137931034483	0.666666666666667	0.785714285714286	0.75
6086852_1	0.107142857142857	0.263157894736842	0.0789473684210526	0.181818181818182
6086852_2	0.107142857142857	0.263157894736842	0.0789473684210526	0.181818181818182
3384655	0.755555555555556	0.928571428571429	0.843137254901961	1
90113	0.865384615384615	0.730769230769231	0.82	0.785714285714286
2316052	0.507246376811594	0.466666666666667	0.5	0.6
3666608	0.2	0.301587301587302	0.232558139534884	0.461538461538462
1776054	0.0641025641025641	0.171428571428571	0.234375	0.235294117647059
1336220	0.239130434782609	0.14	0.27906976744186	0
3073070	0.648648648648649	0.603174603174603	0.578947368421053	0.733333333333333
1576362	0.714285714285714	0.777777777777778	0.818181818181818	0.666666666666667
4969108	0.767857142857143	0.578947368421053	0.649122807017544	0.846153846153846
6379171	0.705882352941177	0.774647887323944	0.656716417910448	0.846153846153846
601614	0.296296296296296	0.322033898305085	0.396825396825397	0.277777777777778
69089	0.186666666666667	0.176470588235294	0.333333333333333	0.157894736842105
1728324	0.655172413793103	0.564516129032258	0.575757575757576	0.272727272727273
3320713	0.636363636363636	0.538461538461538	0.527272727272727	0.692307692307692
3784469	0.584905660377358	0.551020408163265	0.359375	0.529411764705882
5005727	0.0980392156862745	0.238095238095238	0.244444444444444	0.0625
1403459	0.846153846153846	0.872340425531915	0.823529411764706	1
3423096	0.954545454545455	1	0.903225806451613	1
4508630	0.508771929824561	0.692307692307692	0.659574468085106	0.466666666666667
4192020	0.122448979591837	0.027027027027027	0.0196078431372549	0
3894124	0.77027027027027	0.686274509803922	0.711538461538462	0.8125
2988963	0.854545454545454	0.9	0.830769230769231	0.727272727272727
5834847	0.385714285714286	0.350877192982456	0.444444444444444	0.357142857142857
4486744	0.666666666666667	0.634615384615385	0.738461538461539	0.4375
4839449_1	0.618181818181818	0.58974358974359	0.53448275862069	0.736842105263158
4839449_2	0.618181818181818	0.58974358974359	0.53448275862069	0.736842105263158
4643707	0.586206896551724	0.638888888888889	0.733333333333333	0.75
3474880	0.679245283018868	0.728813559322034	0.650793650793651	0.6875
611061	0.111111111111111	0.12	0.136986301369863	0
2296787	0.173333333333333	0.339285714285714	0.283018867924528	0.35
4468575	0.178571428571429	0.142857142857143	0.266666666666667	0.2
2548794	0.882352941176471	1	0.830508474576271	0.823529411764706
5129508	0.727272727272727	0.696428571428571	0.849056603773585	0.777777777777778
5299433	0.222222222222222	0.24390243902439	0.381818181818182	0.166666666666667
2259031_1	0.774193548387097	0.85	0.846153846153846	1
2259031_2	0.774193548387097	0.85	0.846153846153846	1
1765318	0.106382978723404	0.117647058823529	0.173333333333333	0.222222222222222
305539	0.489795918367347	0.58695652173913	0.551020408163265	0.333333333333333
4762757	0.2	0.236842105263158	0.18	0.05
5431948	0.826666666666667	0.770491803278688	0.876923076923077	0.714285714285714
121960	0.369230769230769	0.266666666666667	0.296875	0.157894736842105
5879188	0.813953488372093	0.711111111111111	0.893617021276596	0.7
5954977	0.823529411764706	0.613636363636364	0.666666666666667	0.714285714285714
5866094	0.643835616438356	0.696969696969697	0.640625	0.444444444444444
185341_1	0.854838709677419	0.872727272727273	0.811320754716981	0.6
185341_2	0.854838709677419	0.872727272727273	0.811320754716981	0.6
3336404	0.479452054794521	0.435483870967742	0.338028169014085	0.545454545454545
3868682	0.208955223880597	0.244444444444444	0.236842105263158	0.181818181818182
5699994	0.896551724137931	0.82051282051282	0.871794871794872	0.909090909090909
6377481	0.589285714285714	0.615384615384615	0.449275362318841	0.625
2871612	0.558441558441558	0.507462686567164	0.475409836065574	0.5
6210512	0.696969696969697	0.590909090909091	0.581818181818182	0.75
1376586	0.862068965517241	0.953846153846154	0.791666666666667	1
2870200	0.0945945945945946	0.0447761194029851	0.184615384615385	0
4803171	0.19672131147541	0.377358490566038	0.264150943396226	0.272727272727273
4410001	0.540540540540541	0.476190476190476	0.618181818181818	0.545454545454545
1654590	0.805970149253731	0.745762711864407	0.806451612903226	0.9
4763673	0.775862068965517	0.830508474576271	0.634146341463415	0.769230769230769
3582378	0.42	0.372093023255814	0.263157894736842	0.416666666666667
3388096	0.74468085106383	0.690909090909091	0.833333333333333	0.8
3121325	0.63265306122449	0.684210526315789	0.756756756756757	0.727272727272727
2760888	0.229508196721311	0.172413793103448	0.131147540983607	0.230769230769231
2686645	0.672413793103448	0.636363636363636	0.666666666666667	0.769230769230769
5288286_1	0.684210526315789	0.758620689655172	0.815384615384615	0.588235294117647
5288286_2	0.684210526315789	0.758620689655172	0.815384615384615	0.588235294117647
3619071	0.155172413793103	0.0652173913043478	0.0181818181818182	0.0666666666666667
3596361	0.25	0.218181818181818	0.2	0
203694	0.390243902439024	0.411764705882353	0.390625	0.466666666666667
4088991	0.703125	0.866666666666667	0.742857142857143	0.928571428571429
4098764	0.470588235294118	0.5	0.491525423728814	0.636363636363636
4798736	0.5	0.638297872340426	0.655737704918033	0.769230769230769
3816987	0.672131147540984	0.592592592592593	0.574468085106383	0.9
715943	0.76	0.631578947368421	0.7	0.642857142857143
4996210	0.866666666666667	0.827586206896552	0.926829268292683	0.642857142857143
3645405	0.388059701492537	0.27536231884058	0.264705882352941	0.214285714285714
3578743	0.256756756756757	0.206896551724138	0.234042553191489	0.1
5106391	0.850746268656716	0.903846153846154	0.903846153846154	1
5111619	0.810344827586207	0.857142857142857	0.976744186046512	0.9375
5089726	0.2	0.19047619047619	0.333333333333333	0.444444444444444
2884976	0.0476190476190476	0.128205128205128	0.0238095238095238	0
534677	0.871428571428571	0.8	0.82089552238806	0.944444444444444
3834596	0.839285714285714	0.780821917808219	0.716981132075472	1
6427449	0.441558441558442	0.314814814814815	0.392857142857143	0.272727272727273
5874785	0.816326530612245	0.8	0.790697674418605	0.625
249649	0	0.08	0.130434782608696	0.0625
3266758	0.4375	0.387755102040816	0.377777777777778	0.352941176470588
2599148	0.612903225806452	0.565217391304348	0.64	0.666666666666667
7048079	0.894736842105263	0.75	0.779411764705882	1
2259328	0.546875	0.60377358490566	0.701754385964912	0.666666666666667
24011	0.827586206896552	0.734375	0.792452830188679	0.9
5544382	0.242424242424242	0.430555555555556	0.4	0.4375
2487625	0.186440677966102	0.315789473684211	0.160714285714286	0.142857142857143
974848	0.777777777777778	0.730769230769231	0.833333333333333	0.8
453176	0.17741935483871	0.128571428571429	0.26027397260274	0
1524836	0.82258064516129	0.811320754716981	0.82089552238806	0.941176470588235
3416186	0.362068965517241	0.317460317460317	0.265625	0.181818181818182
261015	0.450980392156863	0.311111111111111	0.518518518518518	0.461538461538462
4051596	0.763636363636364	0.724137931034483	0.818181818181818	0.818181818181818
723153	0.185714285714286	0.115942028985507	0.0714285714285714	0
3547975	0.18	0.145833333333333	0.333333333333333	0.176470588235294
6651987	0.684210526315789	0.754385964912281	0.659574468085106	0.5
5200560_1	0.434782608695652	0.540983606557377	0.595744680851064	0.6
5200560_2	0.434782608695652	0.540983606557377	0.595744680851064	0.6
2086585	0.181818181818182	0.314285714285714	0.176470588235294	0.266666666666667
6971738	0.75	0.631578947368421	0.689655172413793	0.736842105263158
6324737	0.691176470588235	0.732142857142857	0.767441860465116	0.642857142857143
1169702	0.830508474576271	0.829268292682927	0.796610169491525	0.9
5264577	0.431034482758621	0.418604651162791	0.340909090909091	0.538461538461538
153724	0.235294117647059	0.318181818181818	0.266666666666667	0.2
641060	0.448275862068966	0.346153846153846	0.428571428571429	0.277777777777778
6063851	0.0434782608695652	0.0227272727272727	0.129032258064516	0
5441556	0.208955223880597	0.144927536231884	0.318181818181818	0.166666666666667
2721589	0.0579710144927536	0.159420289855072	0.028169014084507	0.0555555555555556
5604038	0.829787234042553	0.775862068965517	0.770491803278688	0.5
5052659	0.88135593220339	0.854545454545454	0.895522388059702	0.857142857142857
4866062	0.72	0.723404255319149	0.74	0.416666666666667
1024227	0.78	0.717948717948718	0.722222222222222	1
6087353	0.644444444444444	0.76	0.710526315789474	0.727272727272727
2692995	0.553191489361702	0.45	0.425	0.388888888888889
3851935	0.852459016393443	0.830769230769231	0.873015873015873	0.8125
3014791	0.867647058823529	0.949152542372881	0.86	1
4825326	0.318181818181818	0.230769230769231	0.22972972972973	0.181818181818182
2687823	0.625	0.642857142857143	0.584905660377358	0.8
2582871	0.761194029850746	0.76056338028169	0.585714285714286	0.823529411764706
1609509	0.69047619047619	0.619047619047619	0.741379310344828	0.5
7012384	0.2	0.204081632653061	0.101694915254237	0
974684	0.215686274509804	0.275862068965517	0.184615384615385	0
5199455	0.3125	0.381818181818182	0.317073170731707	0.615384615384615
5012385	0.791666666666667	0.789473684210526	0.743589743589744	0.75
1088879	0.710144927536232	0.844444444444444	0.650793650793651	0.833333333333333
1340964	0.666666666666667	0.719298245614035	0.609375	0.769230769230769
5361114	0.534883720930233	0.545454545454545	0.619047619047619	0.555555555555556
3689110	0.938461538461538	0.875	0.984375	1
5693509	0.274509803921569	0.261904761904762	0.232142857142857	0.0909090909090909
2360289	0.26984126984127	0.276595744680851	0.261538461538462	0.25
4610224	0.54	0.442857142857143	0.43859649122807	0.375
3992426	0.80952380952381	0.651162790697674	0.629032258064516	0.625
1452878	0.816666666666667	0.684210526315789	0.794117647058823	0.6
1747576	0.73469387755102	0.859649122807018	0.842105263157895	0.6
2874600	0.8125	0.914893617021277	0.85	1
1189433	0.311475409836066	0.234042553191489	0.361111111111111	0.133333333333333
3809772	0.171875	0.160714285714286	0.238805970149254	0.333333333333333
2812913	0.754716981132076	0.727272727272727	0.725	0.714285714285714
6756485	0.754385964912281	0.836734693877551	0.790322580645161	1
2910804	0.0363636363636364	0.129032258064516	0.152173913043478	0.1
2125196	0.0625	0.169230769230769	0.123076923076923	0.0714285714285714
4659980	0.304347826086957	0.236842105263158	0.188679245283019	0.157894736842105
4247593	0.161290322580645	0.235294117647059	0.161764705882353	0.333333333333333
6250894	0.242857142857143	0.266666666666667	0.206349206349206	0.222222222222222
3822881	0.821428571428571	0.76271186440678	0.836363636363636	1
4074699	0.907894736842105	0.803030303030303	0.830188679245283	0.944444444444444
3487833	0.41025641025641	0.5	0.574074074074074	0.363636363636364
5418802	0.701492537313433	0.844827586206897	0.704225352112676	0.777777777777778
477916	0.825396825396825	0.857142857142857	0.916666666666667	0.875
5311630	0.347826086956522	0.451612903225806	0.368421052631579	0.466666666666667
1295277	0.303030303030303	0.211538461538462	0.269230769230769	0.153846153846154
4087149	0.714285714285714	0.711538461538462	0.76271186440678	0.5
491002	0.68	0.571428571428571	0.520833333333333	0.357142857142857
1869748	0.576923076923077	0.583333333333333	0.683333333333333	0.529411764705882
4311948	0.869565217391304	0.925373134328358	0.981481481481482	1
3661747	0.15	0.120689655172414	0.170212765957447	0
2555847	0.260869565217391	0.275862068965517	0.379310344827586	0.214285714285714
2761195	0.710526315789474	0.777777777777778	0.622641509433962	0.916666666666667
5356885	0.0555555555555556	0.0857142857142857	0.183098591549296	0.0588235294117647
1930753	0.854166666666667	0.914893617021277	0.82258064516129	1
2310790_1	0.254901960784314	0.319148936170213	0.23728813559322	0.0769230769230769
2310790_2	0.254901960784314	0.319148936170213	0.23728813559322	0.0769230769230769
2338420	0.912280701754386	0.871428571428571	0.774647887323944	0.9
5881281	0.313725490196078	0.396551724137931	0.403508771929825	0.5625
3490668	0.635135135135135	0.75	0.724137931034483	0.647058823529412
3752285	0.683333333333333	0.596491228070175	0.666666666666667	0.454545454545455
5770277	0.890625	0.8125	0.779411764705882	1
6542456	0.777777777777778	0.837837837837838	0.901639344262295	0.8125
4146255	0.777777777777778	0.921875	0.848484848484849	1
5438547_1	0.873015873015873	0.839285714285714	0.69811320754717	0.764705882352941
5438547_2	0.873015873015873	0.839285714285714	0.69811320754717	0.764705882352941
5333381	0.5	0.369565217391304	0.434782608695652	0.384615384615385
965511	0.320754716981132	0.145833333333333	0.196078431372549	0.222222222222222
6830318	0.406779661016949	0.358974358974359	0.404255319148936	0.363636363636364
76090	0.792207792207792	0.676470588235294	0.741379310344828	0.714285714285714
5597591	0.814814814814815	0.836065573770492	0.916666666666667	1
6474773	0.636363636363636	0.721311475409836	0.692307692307692	0.75
1356632	0.80952380952381	0.73134328358209	0.790322580645161	0.933333333333333
5808601	0.86	0.75	0.827586206896552	0.777777777777778
5037958	0.927536231884058	0.847457627118644	0.857142857142857	1
5350479	0.228070175438596	0.32258064516129	0.25	0
6273635	0.170212765957447	0.242424242424242	0.3125	0.285714285714286
389545	0.92156862745098	0.833333333333333	0.887096774193548	1
5614412	0.802631578947368	0.6875	0.796296296296296	0.705882352941177
2442137	0.681159420289855	0.642857142857143	0.625	0.619047619047619
2108786	0.176470588235294	0.180327868852459	0.125	0.0555555555555556
2419624	0.202898550724638	0.140845070422535	0.111111111111111	0
6282347	0.666666666666667	0.625	0.745454545454545	0.529411764705882
4710926	0.736111111111111	0.693548387096774	0.71875	0.785714285714286
1720314	0.666666666666667	0.8	0.72463768115942	0.736842105263158
3817872	0.87037037037037	0.959183673469388	0.883720930232558	1
199348	0.32	0.363636363636364	0.384615384615385	0.523809523809524
3182560	0.966101694915254	0.947368421052632	0.849056603773585	0.923076923076923
773780	0.345454545454545	0.355555555555556	0.466666666666667	0.444444444444444
1664263	0.704545454545455	0.625	0.620689655172414	0.6
2884776	0.573770491803279	0.647058823529412	0.535714285714286	0.692307692307692
6460499_1	0.535211267605634	0.475409836065574	0.545454545454545	0.6
6460499_2	0.535211267605634	0.475409836065574	0.545454545454545	0.6
436454	0.461538461538462	0.486486486486487	0.627450980392157	0.4
5043532	0.8125	0.756756756756757	0.8	0.85
1927454	0.133333333333333	0.08	0.0408163265306122	0
2147123	0.217391304347826	0.245283018867925	0.323076923076923	0.0769230769230769
977706	0.814814814814815	0.78	0.673469387755102	0.9
1815501	0.22972972972973	0.192982456140351	0.271428571428571	0.1875
6245091	0.792452830188679	0.725806451612903	0.777777777777778	0.916666666666667
953500	0.5	0.486486486486487	0.618181818181818	0.6
269870	0.769230769230769	0.7	0.746268656716418	0.588235294117647
3745481	0.246376811594203	0.160714285714286	0.145833333333333	0.153846153846154
4978136	0.408450704225352	0.441860465116279	0.450980392156863	0.25
203733	0.476190476190476	0.470588235294118	0.442857142857143	0.466666666666667
1128862_1	0.615384615384615	0.666666666666667	0.630434782608696	0.615384615384615
1128862_2	0.615384615384615	0.666666666666667	0.630434782608696	0.615384615384615
1128862_3	0.615384615384615	0.666666666666667	0.630434782608696	0.615384615384615
616426	0.0517241379310345	0.113636363636364	0.155172413793103	0.111111111111111
4471888	0.208333333333333	0.220338983050847	0.158730158730159	0
166171	0.584905660377358	0.666666666666667	0.568965517241379	0.538461538461538
4457898	0.102040816326531	0.134615384615385	0.0958904109589041	0
1886456	0.808823529411765	0.839285714285714	0.735294117647059	0.833333333333333
1350356	0.691176470588235	0.6875	0.676923076923077	0.545454545454545
6164464	0.102564102564103	0.152542372881356	0.129032258064516	0.0909090909090909
775322	0.823529411764706	0.870967741935484	0.87719298245614	1
4948874_1	0.489795918367347	0.354838709677419	0.404761904761905	0.307692307692308
4948874_2	0.489795918367347	0.354838709677419	0.404761904761905	0.307692307692308
3323420	0.253521126760563	0.274193548387097	0.155555555555556	0
2749914	0.206896551724138	0.19047619047619	0.328947368421053	0.25
3602993	0.136363636363636	0.0555555555555556	0.161290322580645	0.142857142857143
942569	0.728813559322034	0.683333333333333	0.714285714285714	0.947368421052632
6109932	0.1875	0.114285714285714	0.152542372881356	0.307692307692308
4293901	0.840909090909091	0.840909090909091	0.773584905660377	0.85
2966119_1	0.356164383561644	0.39344262295082	0.346666666666667	0.352941176470588
2966119_2	0.356164383561644	0.39344262295082	0.346666666666667	0.352941176470588
3215247	0.563636363636364	0.456140350877193	0.517857142857143	0.666666666666667
1981544	0.693333333333333	0.707692307692308	0.721311475409836	1
3542554	0.933333333333333	0.852941176470588	0.859375	0.866666666666667
3566387	0.639344262295082	0.55	0.579710144927536	0.736842105263158
4192202	0.291666666666667	0.274509803921569	0.2	0.0625
7087664	0.743243243243243	0.842105263157895	0.818181818181818	0.722222222222222
1721937_1	0.782608695652174	0.877551020408163	0.884615384615385	0.944444444444444
1721937_2	0.782608695652174	0.877551020408163	0.884615384615385	0.944444444444444
6440195	0.9	0.972222222222222	0.888888888888889	1
2470945	0.117647058823529	0.228571428571429	0.27027027027027	0.1
4240380	0.353846153846154	0.390625	0.421052631578947	0.411764705882353
2855422	0.775862068965517	0.837837837837838	0.87037037037037	0.888888888888889
4256885	0.744186046511628	0.72972972972973	0.760869565217391	0.857142857142857
4318888	0.112676056338028	0.0434782608695652	0.0357142857142857	0
5642616	0.372549019607843	0.40625	0.306666666666667	0.181818181818182
6034282	0.508196721311475	0.564102564102564	0.571428571428571	0.611111111111111
1558001	0.3	0.414634146341463	0.285714285714286	0.357142857142857
2937849	0.589285714285714	0.563636363636364	0.526315789473684	0.722222222222222
1169502	0.407894736842105	0.35	0.413333333333333	0.125
4152093	0.28	0.266666666666667	0.142857142857143	0.2
6749576	0.933333333333333	0.848484848484849	0.939393939393939	0.882352941176471
1171460	0.415094339622642	0.346938775510204	0.428571428571429	0.235294117647059
6758197	0.532258064516129	0.509803921568627	0.36	0.555555555555556
5172392	0.142857142857143	0.215686274509804	0.214285714285714	0.181818181818182
1555750	0.186046511627907	0.131578947368421	0.19047619047619	0
6629564	0.293103448275862	0.17910447761194	0.232876712328767	0.0769230769230769
6349707	0.145833333333333	0.0952380952380952	0.180327868852459	0.136363636363636
1621981	0.742857142857143	0.761904761904762	0.744186046511628	0.736842105263158
2114936	0.268292682926829	0.323529411764706	0.352941176470588	0.214285714285714
1795478	0.745762711864407	0.842105263157895	0.739130434782609	0.833333333333333
2496212	0.855072463768116	0.938461538461538	0.943396226415094	0.923076923076923
6773245	0.0972222222222222	0.114285714285714	0.0294117647058824	0
4504807	0.203389830508475	0.148936170212766	0.0793650793650794	0.2
1716926	0.161290322580645	0.125	0.217391304347826	0.0625
2852850	0.140350877192982	0.163934426229508	0.163934426229508	0.444444444444444
4737594	0.219512195121951	0.30188679245283	0.25	0.1
4342886_1	0.597014925373134	0.631578947368421	0.607142857142857	0.666666666666667
4342886_2	0.597014925373134	0.631578947368421	0.607142857142857	0.666666666666667
1033947	0.716417910447761	0.709090909090909	0.661016949152542	0.611111111111111
271282	0.847826086956522	0.75	0.838709677419355	0.9
846030	0.769230769230769	0.88135593220339	0.791666666666667	0.833333333333333
2744814	0.257142857142857	0.14	0.15625	0.125
5194996	0.611111111111111	0.589285714285714	0.622222222222222	0.55
4291714	0.125	0.246153846153846	0.183098591549296	0.0833333333333333
2603449_1	0.660714285714286	0.680851063829787	0.680851063829787	0.769230769230769
2603449_2	0.660714285714286	0.680851063829787	0.680851063829787	0.769230769230769
5752680	0.738461538461539	0.815384615384615	0.814285714285714	1
2858747	0.2	0.102941176470588	0.242424242424242	0.210526315789474
2827081	0.347222222222222	0.359375	0.228070175438596	0.222222222222222
6192667	0.377049180327869	0.367647058823529	0.375	0.4375
3307196	0.915492957746479	0.846153846153846	0.84	0.9
5274358	0.128571428571429	0.17741935483871	0.0972222222222222	0.0476190476190476
6572226	0.883333333333333	0.807017543859649	0.790322580645161	0.888888888888889
913610	0.123287671232877	0.217391304347826	0.155172413793103	0.2
1729436	0.671641791044776	0.659090909090909	0.6	0.590909090909091
5679825	0.206349206349206	0.181818181818182	0.224137931034483	0.0625
1144563	0.328125	0.283582089552239	0.345454545454545	0.235294117647059
4596930	0.259259259259259	0.171875	0.185714285714286	0.0833333333333333
1720770	0.126760563380282	0.178082191780822	0.101449275362319	0.117647058823529
5344344	0.338709677419355	0.305555555555556	0.388888888888889	0.214285714285714
2261129	0.833333333333333	0.75	0.803571428571429	0.7
5733535	0.811594202898551	0.719298245614035	0.771929824561403	0.761904761904762
1445311	0.17741935483871	0.194444444444444	0.150684931506849	0.230769230769231
6011	0.8125	0.854166666666667	0.859375	0.923076923076923
1658375	0.163636363636364	0.260869565217391	0.2	0.3
5794584	0.794871794871795	0.75	0.711538461538462	0.769230769230769
265724	0.795918367346939	0.864864864864865	0.838235294117647	0.928571428571429
437976	0.844827586206897	0.8125	0.862068965517241	1
1985972	0.142857142857143	0.230769230769231	0.202898550724638	0.285714285714286
4437998	0.607843137254902	0.627118644067797	0.583333333333333	0.666666666666667
6427802	0.163636363636364	0.205128205128205	0.176470588235294	0.111111111111111
1567607_1	0.666666666666667	0.661016949152542	0.755555555555556	0.692307692307692
1567607_2	0.666666666666667	0.661016949152542	0.755555555555556	0.692307692307692
1954642	0.171875	0.174603174603175	0.107692307692308	0.214285714285714
3636698	0.75	0.785714285714286	0.763636363636364	0.916666666666667
2781540	0.75	0.82	0.796875	0.923076923076923
152576	0.0746268656716418	0.15	0.0704225352112676	0.0952380952380952
683624	0.818181818181818	0.826086956521739	0.739130434782609	0.888888888888889
891244	0.612244897959184	0.585365853658537	0.666666666666667	0.636363636363636
1933190	0.759259259259259	0.825	0.813559322033898	0.8
6863630	0.845070422535211	0.839285714285714	0.82089552238806	0.8
2588361	0.233333333333333	0.2	0.133333333333333	0.153846153846154
4910768	0.162790697674419	0.166666666666667	0.16	0
26770	0.835820895522388	0.844827586206897	0.791666666666667	0.866666666666667
4540079	0.16	0.108695652173913	0.16	0
519443	0.824324324324324	0.830508474576271	0.73015873015873	0.8125
860206	0.591549295774648	0.616666666666667	0.58	0.785714285714286
4149800	0.6875	0.734375	0.619718309859155	0.888888888888889
868289	0.166666666666667	0.12962962962963	0.137931034482759	0.153846153846154
7020278	0.833333333333333	0.813953488372093	0.846153846153846	0.923076923076923
3287151	0.185185185185185	0.177777777777778	0.192982456140351	0.125
3904666	0.212765957446809	0.22	0.220338983050847	0.318181818181818
6520096	0.641509433962264	0.652777777777778	0.654545454545455	0.6
2612363	0.52	0.435483870967742	0.391304347826087	0.368421052631579
1298758	0.647058823529412	0.757575757575758	0.709677419354839	0.636363636363636
555117_1	0.0930232558139535	0.175	0.157142857142857	0.0833333333333333
555117_2	0.0930232558139535	0.175	0.157142857142857	0.0833333333333333
6878202	0.827586206896552	0.884615384615385	0.875	0.916666666666667
2151580_1	0.803030303030303	0.73972602739726	0.742424242424242	0.666666666666667
2151580_2	0.803030303030303	0.73972602739726	0.742424242424242	0.666666666666667
3411048	0.87012987012987	0.836065573770492	0.796875	0.8
2263362	0.910714285714286	0.886792452830189	0.878378378378378	0.947368421052632
285387_1	0.826086956521739	0.804347826086957	0.854545454545454	0.916666666666667
285387_2	0.826086956521739	0.804347826086957	0.854545454545454	0.916666666666667
1220423	0.109375	0.163636363636364	0.131147540983607	0.1
5656901	0.693877551020408	0.739130434782609	0.723404255319149	0.8
1319032	0.894736842105263	0.875	0.903225806451613	0.8
4534982	0.793103448275862	0.826923076923077	0.8	0.875
3757684	0.135593220338983	0.205882352941176	0.208333333333333	0.222222222222222
44399	0.183673469387755	0.217391304347826	0.172413793103448	0.285714285714286
1575898	0.521739130434783	0.521739130434783	0.529411764705882	0.466666666666667
6476669	0.854838709677419	0.742424242424242	0.771929824561403	0.833333333333333
6768354	0.76271186440678	0.842857142857143	0.840909090909091	0.785714285714286
6325884	0.105263157894737	0.0579710144927536	0.105263157894737	0
6278418	0.791044776119403	0.859375	0.782608695652174	0.85
2642108	0.824561403508772	0.888888888888889	0.819672131147541	0.846153846153846
6724635	0.282051282051282	0.176470588235294	0.24	0.272727272727273
6457600	0.194029850746269	0.145161290322581	0.155172413793103	0.117647058823529
3155785	0.75	0.815384615384615	0.835820895522388	0.8125
775378	0.142857142857143	0.138888888888889	0.172413793103448	0.0555555555555556
7022012	0.25	0.3125	0.301587301587302	0.1
5217776	0.2	0.236363636363636	0.235294117647059	0.1
3812918	0.869565217391304	0.872340425531915	0.836065573770492	0.933333333333333
2267193	0.357142857142857	0.326530612244898	0.275	0.294117647058824
5598597_1	0.184210526315789	0.204081632653061	0.166666666666667	0.166666666666667
5598597_2	0.184210526315789	0.204081632653061	0.166666666666667	0.166666666666667
2849009	0.240740740740741	0.224137931034483	0.177777777777778	0.181818181818182
638143	0.91304347826087	0.926470588235294	0.866666666666667	0.95
4806054	0.183333333333333	0.17741935483871	0.112676056338028	0.153846153846154
5304214	0.549295774647887	0.479166666666667	0.551724137931034	0.416666666666667
2558258	0.932203389830508	0.9375	0.891891891891892	0.923076923076923
3441141	0.484375	0.475	0.411764705882353	0.5
717418	0.166666666666667	0.158730158730159	0.173076923076923	0.238095238095238
605463	0.238095238095238	0.261538461538462	0.235294117647059	0.166666666666667
4473978	0.357142857142857	0.245283018867925	0.296296296296296	0.3
4240824	0.925373134328358	0.861538461538462	0.867647058823529	0.888888888888889
667788	0.903225806451613	0.913793103448276	0.866666666666667	0.916666666666667
4396376	0.173913043478261	0.176470588235294	0.232876712328767	0.227272727272727
4500699	0.129032258064516	0.152173913043478	0.125	0.111111111111111
3257663	0.101449275362319	0.1	0.116666666666667	0.105263157894737
4319922	0.278688524590164	0.264705882352941	0.245283018867925	0.266666666666667
