0.571428571428571
0.0287510871629794
0.0547211261364712
0.0169491205857693
0.0401409913805353
0.0401409913805353
0.0409249543204043
0.161575860434467
0.0285835410521553
0.077629434122206
0.048705892561956
0.0254548627255725
0.0621054090940927
0.0366232633588021
0.136488145509402
0.0668639053254437
0.0643617114205349
0.0126723097557552
0.135484581120151
0.00419713383188687
0.123814844841049
0.0101287332456809
0.0101287332456809
0.174852713148798
0.0705166843047696
0.0705166843047696
0.0278079504742568
0.119557174360521
0.225388874740984
0.0635677504398228
0.083061336280108
0.15172735653086
0.0565471202726107
0.0727092267519722
0.0969288160597303
0.116021261806587
0.0134052985284411
0.273992614675852
0.150302929652397
0.012503667452239
0.0468672099535358
0.0489169131126825
0.025017352003359
0.025017352003359
0.0806226774902446
0.0735433261687716
0.0974969703809933
0.0459181991653101
0.0980644970444194
0.0099801555376776
0.0991966844140918
0.0337505244206542
0.172087295338461
0.0949375385431065
0.121348112735908
0.0684550879637188
0.182978151589395
0.184615384615385
0.144805471306595
0.131772852277192
0.131772852277192
0.105477029263804
0.135622767373698
0.071733686051318
0.134189131760544
0.0384676134278113
0.180355007640036
0.093799227018423
0.126855875891807
0.0206153357596938
0.0380893170483338
0.0316758426065761
0.127003135396259
0.0252954387846689
0.0152475277504326
0.0534929353785958
0.037030195521554
0.143908941994863
0.0841547867176455
0.0410322772200286
0.0813399117031802
0.0635646834176881
0.140505628783409
0.197973760879166
0.180958962027908
0.103260869565218
0.117889901603641
0.135299762677757
0.238590533262925
0.102643984973499
0.202530138655459
0.0289551350674904
0.0612209962973572
0.0612209962973572
0.222831909024447
0.0468378825313252
0.16668778195161
0.180017439729141
0.070625056816677
0.0989066078922709
0.069853006804951
0.0416819618097301
0.0330501973581915
0.0914146276351116
0.15930912754098
0.0616667225340807
0.0265876092616447
0.16823964381805
0.16192914327594
0.0521164962393371
0.0661541272467025
0.0446669893941857
0.0543501046449143
0.0543501046449143
0.282156908799258
0.0912534504104884
0.186991285783202
0.186991285783202
0.122852946958893
0.129358169436456
0.0789817346213923
0.0519995206221184
0.0360117583042903
0.0451793965278792
0.15347061166163
0.171982476391055
0.171982476391055
0.141914384196105
0.00500093411635556
0.016024648118147
0.136963586092435
0.0641078103383027
0.00657934666710979
0.0445751398747861
0.10683837038785
0.0113283808773096
0.122461465319387
0.127646127119234
0.0882119060839156
0.0140852753331177
0.168476493379711
0.0487542921355653
0.0397272093378671
0.0733982695042985
0.115816518541293
0.203573500595305
0.0384925683585792
0.0911283567858584
0.135236980339095
0.0551254233982053
0.0551254233982053
0.0551254233982053
0.0242402769745668
0.0869808320164807
0.0816446897373156
0.120300197717872
0.0133354539088023
0.00416088967480482
0.137084433113978
0.0219426386386773
0.0292295151654838
0.0616128279631957
0.164102501717337
0.127940028703403
0.080373139055385
0.0653540092982797
0.0653540092982797
0.0373620497840677
0.00725436125859467
0.0143608888048155
0.15336575387026
0.0730936981746257
0.0267838515261541
0.104454423735484
0.0082924544713541
0.0694929900816426
0.0632910695103705
0.0632910695103705
0.0579240120272471
0.127200322708853
0.0045336532243631
0.0477907387769529
0.0205297682941087
0.0133120734372567
0.0603680345599758
0.00656723544594081
0.00656723544594081
0.00949461144297931
0.0582970079389224
0.047302388049923
0.0387701047016214
0.119471470537477
0.119471470537477
0.14212533990647
0.102829761613385
0.0675821109993009
0.0675821109993009
0.110521596179131
0.00877012177761683
0.0771820144724823
0.183476989407227
0.0327215701508278
0.0327215701508278
0.0327215701508278
0.0819240221415774
0.01719912477761
0.244565955575581
0.113188549991254
0.022663848451952
0.022663848451952
0.123303844563869
0.0697621191630178
0.131806304995411
0.0211584098967161
0.194940721957897
0.194940721957897
0.0365502759395109
0.0365502759395109
0.096554290072235
0.123274612223278
0.0543473263736145
0.0665154813588547
0.0165751606709867
0.0631006516363153
0.0352723515258257
0.072190154485182
0.0279273331209659
0.0412642218344561
0.0169698905694973
0.100898389201105
0.0242562001385746
0.0451352114979173
0.073832414575155
0.0423199551678265
0.0423199551678265
0.0888774876421105
0.079641835670682
0.079641835670682
0.0320309991334847
0.0823648985931035
0.0320262235870385
0.017611776832318
0.0979512650981367
0.0107055386430826
0.0107055386430826
0.0204000189402147
0.201906666915894
0.146321372384638
0.0472357632438908
0.107263466858186
0.107263466858186
0.118604651162791
0.0283361606655029
0.103654103442602
0.0237714131527982
0.013631102298703
0.166821517246483
0.075508867414284
0.0274511139455975
0.0825032065108425
0.0393979754912929
0.0415726813794353
0.0402004079371524
0.0140473288154039
0.101138433769051
0.0594178045062899
0.105158914110345
0.0221016192904941
0.0648502977502156
0.00772534417366148
0.217938723086071
0.0806994091893154
0.0919724612912911
0.0791160287237111
0.179335962520081
0.132869104431453
0.00512173977114103
0.058709845912771
0.0545955878197198
0.0330075324581905
0.0273006089659336
0.0490082099205405
0.0860199936672385
0.00688136401184351
0.0510822047485085
0.0325577559267981
0.0325577559267981
0.166338037407064
0.0695524882883264
0.0902878692646133
0.0475562761679404
0.0425361238829504
0.122117158661549
0.0375929454382433
0.111883601585562
0.0830478164302853
0.0174812560152825
0.00930282232615603
0.00930282232615603
0.122629319263398
0.122629319263398
0.013493676318355
0.0560602343156263
0.0956139129084752
0.0229213256579339
0.0322462769038683
0.0380252145211343
0.116363740447786
0.053865581217388
0.0520249787255921
0.0962283122475763
0.0962283122475763
0.0679674763827203
0.12257376371156
0.0228110050093682
0.112493523671726
0.0275886021874969
0.0996319449985822
0.0351853522661025
0.0771069094500603
0.0468057464071818
0.101617856432849
0.0332000331988569
0.0607456031486272
0.0564921612899637
0.132300798560187
0.0842137748336145
0.0348603670253991
0.0348603670253991
0.0112071190692062
0.0241334039133165
0.0867024105026788
0.0433414655632623
0.0600615649289848
0.035243702284093
0.0239396947149832
0.10380516923304
0.0122666527172553
0.097560975609756
0.0391443212530099
0.0536864313332841
0.0512009720431774
0.0397214511381284
0.0615592997738742
0.00651202992208838
0.11150403134498
0.0575293054861062
0.0976127766819682
0.102527325938634
0.102527325938634
0.176833359238517
0.0274192105918514
0.0388959762070226
0.0955936181620011
0.0325990826670321
0.00519541356797886
0.0775305016537084
0.00150723961299085
0.0992987424281779
0.0341589142581419
0.112862657720773
0.0559705368770403
0.0559757568391693
0.0559757568391693
0.0731187422699248
0.0626381441119375
0.103740575799145
0.032255231784286
0.025630672104358
0.0897967015134015
0.0834812199276147
0.0420237686845534
0.124808437108167
0.102509334647449
0.0282975822960896
0.0234087430813529
0.035330893882961
0.140868140868141
0.0195458324009825
0.0552085285858725
0.00908747082493818
0.016031699111555
0.119600176357821
0.0128002506762182
0.1154583401081
0.00999859647841995
0.0711330360300577
0.0641760349692308
0.0606897344688472
0.0591553670913675
0.0702733703940567
0.0513287163504221
0.0558217548016281
0.0706425365936324
0.0490017205631014
0.0169197223828493
0.0258171768138672
0.0755723102618931
0.0263682483062922
0.0308027656514073
0.0660025361562304
0.012984771586113
0.1645780426759
0.0268183896670942
0.0197122919405966
0.0896798229762468
0.0362646582856985
0.0231387093619507
0.0429197807532757
0.0429197807532757
0.0423099910850783
0.0226704844470223
0.0226704844470223
0.013245224222027
0.0383156005677961
0.0112012641379632
0.0187068152883803
0.0951390355197958
0.0850629520135405
0.021794522398752
0.021794522398752
0.0305431783340656
0.0696944909850376
0.0445279607094485
0.00337793940989899
0.0153140567950809
0.0495510859073955
0.0166863807383115
0.0235332523647594
0.0235332523647594
0.0820681545452131
0.0267662629911993
0.116346669265206
0.115168231517692
0.0954179358803217
0.0891562304739965
0.00511572251341368
0.0914255085494446
0.0541327786738198
0.00285718268128031
0.00285718268128031
0.0825382979079259
0.0460385370787828
0.0482026109388956
0.0128277688731177
0.0476121832498355
0.0511858876592021
0.0506602419454939
0.0259858567028977
0.0127986113327542
0.0127986113327542
0.0513285433960702
0.0513285433960702
0.10744067793163
0.0201838279619697
0.013081648831799
0.0646426483003615
0.0446798604751243
0.112401008760764
0.0200847893602916
0.0236526837619225
0.0693063819124602
0.0359299331439007
0.0125088133753184
0.0387829893259767
0.112759026942995
0.0262355227023565
0.0404059221640298
0.0656492584823889
0.0613893042077639
0.0619575481863742
0.0504850242487347
0.0737848275172825
0.0171369627996827
0.0375732323183516
0.00770933882303192
0.0703085599727609
0.0309560235893871
0.0309560235893871
0.0277454941646311
0.00483147428714639
0.0464240245887684
0.0320276757104251
0.0171370087275122
0.0649845949881419
0.0245489018909268
0.0441524939597163
0.0784129628038913
0.0784129628038913
0.0219341016917314
0.0502433178049962
0.0475689889049534
0.0305272618288215
0.0388585960198679
0.0489118956068924
0.0383526083801237
0.051683767804344
0.0937074341276182
0.0937074341276182
0.0306133639070355
0.00478101192616985
0.01398439618909
0.0272376618317997
0.00486750407210277
0.0298669497352263
0.0981762249594752
0.0841622704004482
0.02774615950807
0.013591055690782
0.0268602577014426
0.0374330634389139
0.0230482921118444
0.0219814868768427
0.0138945620115097
0.0150862955391455
0.0154009513865705
0.0470246898924808
0.0470246898924808
0.0464118026709008
0.0922002270667248
0.00533727500056749
0.0719974521462332
0.0228653921949919
0.0529295559241499
0.103693870407173
0.0161391342798053
0.0998154073121999
0.0263437860302236
0.0301202511710795
0.049517374814354
0.0608308178996004
0.0704815753558198
0.0654301610110164
0.0341321501000488
0.106331779924404
0.025181083613304
0.043474798090284
0.0455930929390188
0.00530126701525957
0.00796610836314913
0.106402354054457
0.0201442286849836
0.0316168987176242
0.0356937143909909
0.0381084720943689
0.010985438008575
0.0976116781739444
0.0296509282470532
0.0296046607350988
0.0315677933015567
0.0122788274693728
0.0718771077891789
0.0430576723939645
0.0507498467563763
0.0238366428309972
0.0238366428309972
0.0251248088881353
0.0137507534775291
0.0139456905629736
0.0140348346339136
0.0269096667149694
0.0132309981779192
0.0263388666696895
0.0683994608340726
0.0358368247712918
0.0478254780823908
0.109095379756227
0.00348592251234584
0.10671696837643
0.112733228921236
0.0114991645882036
0.0200814681428959
0.00518555677048274
0.0609841408839755
0.0176986490086397
0.039870258940296
0.0535217313950761
0.0473873458239384
0.0846149450316925
0.100626758479754
0.0843714649241418
0.00363539872938686
0.0491505745007923
0.0221356332213507
0.00581849068054474
0.0655643376837894
0.0423512460982371
0.000674862265197451
0.0187312356897109
0.0354983275979394
0.0507870297476612
0.0782169384554284
0.0714377182098005
0.051268367269876
0.0359494851463693
0.00150610933775493
0.0899931717662387
0.0268728389409968
0.0258249548551827
0.0235907863956164
0.0382588706116602
0.00380220910571197
0.0834544491616598
0.0387857794228961
0.03534745844692
0.025395860638281
0.0126978653707317
0.0145245605943122
0.0240251818535011
0.0622649241669707
0.0725140175567265
0.0173435677539218
0.0658717645607407
0.0592725924419271
0.0239027065496873
0.0835813879126036
0.0412127662782282
0.066540532607051
0.0613623371218394
0.0613623371218394
0.0332113481183821
0.0443880034557231
0.0149610875213704
0.0452291650589488
0.0853419288423488
0.0196037288795621
0.0911409755990166
0.0373595884277163
0.0373595884277163
0.0142024043214741
0.0313890892260059
0.00277595383776403
0.0120497503670688
0.0738351333594494
0.0112109197630373
0.0480582854698611
0.0154231839464696
0.0602635592528615
0.121413114370367
0.0204320456525499
0.0598648840492728
0.0190162456115762
0.00340830309401428
0.0291912420090037
0.071532081662479
0.0351915826722212
0.00775395285689623
0.0152428868800258
0.0572953631917201
0.0323763603208186
0.036402653516769
0.0157019734898442
0.00914579824053525
0.0210035790572016
0.0104915232406092
0.0104915232406092
0.0370126316202032
0.00940770707052492
0.0543174833193905
0.0624017991075525
0.0533877399284313
0.00877825453003198
0.041383463826993
0.0184293687697013
0.0308829094029059
0.0150898093712638
0.0369668324738336
0.000865965246384674
0.00251717154681067
0.00251717154681067
0.00251717154681067
0.018814578748968
0.0821773415977888
0.012402465495282
0.0440878768530273
0.0144981448635972
0.0216281496896706
0.00727690177479864
0.0593037198084018
0.0254983626560569
0.0254983626560569
0.110464088601264
0.020764560766218
0.0202008792819871
0.0819804957611474
0.0453754406067523
0.00875154157300221
0.00193256425831773
0.00193256425831773
0.0318459486858845
0.125691524865453
0.0129683632705704
0.0290335029041808
0.0662712103236419
0.0195089916580806
0.0401852490515211
0.0401852490515211
0.052534551658594
0.0471370052744517
0.00372749394398174
0.0186323869301445
0.0188619433769621
0.0486016485064532
0.0453263254357326
0.00730299596206214
0.0154765824228823
0.0302928585282996
0.0841470837149314
0.0233356193393486
0.0210000578879986
0.0340160113409652
0.0311794032294821
0.00769112726687383
0.0711386378381496
0.0535194199502905
0.010211267663024
0.000615007055259237
0.0182854599090678
0.0183644958160236
0.0214869019298236
0.0522232264550839
0.0252909615197134
0.034741604128957
0.118752615938935
0.0430131483786826
0.00409862110222084
0.00409862110222084
0.0108593781272658
0.0280084112201209
0.0164475369066188
0.0253424697306331
0.00420551286842264
0.0374591108927838
0.0111498317234661
0.0111498317234661
0.0931250916140623
0.0235862738791124
0.0267771881285441
0.00441181159892905
0.013206376744428
0.0297171682810417
0.0195847636686668
0.0127233278775023
0.00716436771787806
0.0378903266472139
0.0116281638419252
0.0360721631935037
0.00962346089766682
0.0251857578851484
0.0197281719764022
0.00802261144985139
0.00735887986322417
0.0175393615560882
0.0209182989730797
0.0066904549509366
0.025191777823868
0.0646860300033776
0.0208936575739509
0.00526210497162058
0.0112868385469724
0.00883032230253948
0.00883032230253948
0.0139736837534101
0.0371731091884826
0.0366088870197293
0.0152096981262386
0.0253332433739092
0.00511902503644495
0.00513008793555999
0.00288428157041771
0.013782267989987
0.0620362464296358
0.00719499634925003
0.0594634434884421
0.0136240764487212
0.0402128983131752
0.0667145099381709
0.00217330215459066
0.0183637534150659
0.00671134855556488
0.0137946007883445
0.00280588588364353
0.0182550205947852
0.0149808097381413
0.0188461091998559
0.0188461091998559
0.0124955971715852
0.0160999297792245
0.0160999297792245
0.00827755414067207
0.011194977856673
0.0186575776393441
0.0186575776393441
0.00724859011497571
0.0103722548186514
0.0193139661091505
0.00950511434879695
0.00973862748666286
0.0154176152147619
0.00337486635434424
0.0171650737886365
0.0104136872623206
0.0399167471939345
0.0106144092355507
0.00759388879036461
0.0124078837970687
0.00771504503658774
0.00871493503684851
0.0226601023415162
0.0523789086337052
0.026476751340094
0.01530209235368
0.00609323720255432
0.00214741223401194
0.00214741223401194
0.00594233835913449
0.0156676731674436
0.00777660343655641
0.0166419832638097
0.005734379988768
0.00602951519186692
0.00884074171399471
0.00957393171171764
0.00996251669984679
0.00822106443803613
0.00589169897698676
0.00625332509803659
0.00258313990063548
0.000602037313215647
0.000984382907176457
