0.0533333333333328
0.0388349514563103
1
0.067796610169492
1
1
0.197143138905957
0.032520325203252
0.949547110298531
0.912119682437703
0.926155408836973
0.0711061987657732
0.901834151382072
0.874336418152106
0.775084579706199
0.885788203114521
0.863157894736842
0.926623231808125
0.926623231808125
0.236935762359491
0.720681636407052
0.811726817178411
0.772870964651787
0.841717702831153
0.887596680893472
0.8976531361685
0.713054005139831
0.728945287704267
0.869565217391304
0.875443766417883
0.784233775059463
0.753321506286812
0.767877352845525
0.825537674838322
1
0.455993564670282
0.680600034308376
0.692687418588352
0.631257293004592
0.631257293004592
0.598661491936239
0.598661491936239
0.850086241696943
0.802569187676832
0.785684058884437
0.619909451903444
0.695708904949175
0.759199877843946
0.682399567645469
0.682399567645469
0.564482216998964
0.564482216998964
0.751772958087005
0.800268675019732
0.633492059747917
0.633492059747917
0.572866463610103
0.121452166820787
0.811541396883232
0.689617646720393
0.584565065990644
0.833921187558271
0.602319422883755
0.700457317073171
0.577105580022303
0.598698262665467
0.485452998265777
0.381157706381146
0.525451802915421
0.608682080130599
0.605028681885217
0.53074135374918
0.604974753876706
0.662956280656817
0.507907027436222
0.655742484938542
0.534734229104171
0.643373717804111
0.752761153593879
0.651561846975917
0.606141757254356
0.820979950402775
0.512756921303974
0.695798056167586
0.602708559046587
0.578558784183345
0.578558784183345
0.475266543778334
0.475266543778334
0.710474447287999
0.849499962214403
0.724804076721245
0.803734843556875
0.531156594492537
0.649046181634657
0.609459339093257
0.745728908734887
0.460075604643569
0.621292800591185
0.580876208886892
0.776460500815545
0.588254374875241
0.588254374875241
0.639935516240202
0.564952331765233
0.59272856125253
0.678130246021969
0.415736915641522
0.547707236776324
0.590697877331491
0.503690284487386
0.372616481512187
0.373500260824204
0.407826116273412
0.407826116273412
0.303679552864462
0.601382499327943
0.597740615075544
0.554392074749148
0.558734382781674
0.737518338579949
0.329292288162488
0.527885712499414
0.379897970259416
0.513113232049724
0.617898725386707
0.616441871316501
0.290982422144377
0.290982422144377
0.390230734170437
0.458862894973004
0.664556463936355
0.482896143454849
0.425729106328142
0.635297452164661
0.47001673233659
0.505830162889274
0.352074524368045
0.714718198876157
0.483457990283483
0.69350670459163
0.374772036781333
0.575608705264769
0.471233878701548
0.594212715193227
0.494157458425434
0.677567585873407
0.425852738847111
0.422489066255684
0.516141929035482
0.516141929035482
0.516141929035482
0.293600770865728
0.293600770865728
0.399499677629673
0.63945479127425
0.60016898422618
0.524199657097413
0.666727916245576
0.55502767592273
0.566229885835264
0.566229885835264
0.234981139426224
0.554648166949427
0.559757382205608
0.1384995128179
0.393978753189064
0.365433778073183
0.262526573333268
0.471168499808118
0.476281671083378
0.476281671083378
0.509002729760555
0.672652578690704
0.391164116265154
0.484527985874414
0.477988759352215
0.506813529624737
0.508543501863878
0.35721144613021
0.413547110363949
0.44761920687261
0.645785382154631
0.405004649900867
0.40918849606155
0.401718007033867
0.509836968368559
0.640272957232778
0.46992516842361
0.590272853036287
0.313006167873425
0.477276957851349
0.427160953800298
0.632401993467031
0.40325569498938
0.40325569498938
0.464850322010303
0.284568764568765
0.495465875010132
0.485234986467097
0.398827194305705
0.407951432827692
0.572963938464262
0.357312771716841
0.38842377047582
0.414468060876157
0.371205200660366
0.593722755013078
0.401405091655308
0.482657555708507
0.368602696629628
0.0937041456863265
0.53685165220665
0.567921163024742
0.107686246455819
0.300548878220187
0.45017923767593
0.519772231930589
0.624758927338121
0.44526593040987
0.550304640666046
0.328715273988244
0.658752643127863
0.651354933053054
0.651354933053054
0.382475503998198
0.386806053006415
0.503310174085584
0.449427220845916
0.387093288217648
0.536654187492538
0.450643216058145
0.351157994057708
0.258867950434216
0.270091974302141
0.547620797804567
0.352587881999647
0.404531245728034
0.404531245728034
0.358119002596969
0.398388227860699
0.423665687399681
0.443211532777007
0.455927644689717
0.334663811253519
0.215843813842778
0.215843813842778
0.4729957613131
0.418728090980239
0.58647221147287
0.453808187031195
0.678240251989237
0.435862068965518
0.375923826037982
0.499276430361671
0.258230329427081
0.496134453781512
0.253944474854272
0.443402389720129
0.363952654232424
0.424491539200757
0.49385057487908
0.402726965656027
0.410781480794093
0.34991243591078
0.362342379986386
0.257204531607961
0.322683731609075
0.294417930258475
0.355443103400106
0.521354069704241
0.337956105723566
0.442754600943374
0.49024804869578
0.513188299675396
0.438976855025222
0.419701674723286
0.232805916376271
0.232805916376271
0.461399380887504
0.334737736144958
0.488619719461268
0.55517324396286
0.5225326833712
0.38635831319272
0.328533580063722
0.293317966858583
0.383423206890499
0.319832837066381
0.541850161128271
0.55129956782522
0.491152581776714
0.439523660612413
0.324716553287982
0.456012946812701
0.381236033507333
0.509473024930844
0.181972944216446
0.42184325493631
0.588351051507646
0.212913723031844
0.514019934221521
0.281810913355074
0.3269995706338
0.380005436920125
0.463674930367056
0.399556382759101
0.502814481279918
0.338916078059009
0.334458946634981
0.334458946634981
0.334458946634981
0.443333155399374
0.476613756613757
0.40448539290668
0.415549849174283
0.363603845293986
0.57058341916911
0.534231841962075
0.282811590444477
0.341141688731435
0.309252273599885
0.597722794288196
0.300182302313227
0.529421243126452
0.410251892814526
0.373072215422276
0.239067911167123
0.437345186008288
0.437345186008288
0.345679012345679
0.269020085209982
0.29012125161004
0.516042007705503
0.189035232646786
0.325427249510713
0.271827390851928
0.271827390851928
0.427840808061193
0.432179358968086
0.393963533625134
0.473286609596025
0.473286609596025
0.504055608537916
0.413793103448276
0.432168515031039
0.318776977625761
0.318776977625761
0.266535818969508
0.357929421827851
0.31490022466321
0.201527509261982
0.491160471759508
0.360745905204969
0.451468149448834
0.471161498836987
0.463459184480622
0.338369743570285
0.287438257682708
0.334040887984324
0.293092275391503
0.408731485819117
0.348728361872375
0.354371118126032
0.370076521567276
0.370076521567276
0.423224826949312
0.432628327295975
0.320338311874636
0.389431974714588
0.389431974714588
0.372301747576916
0.357619991429852
0.36136733950656
0.341960784313726
0.372364137507401
0.562787162048529
0.415937803692906
0.0750961945981179
0.231289049138408
0.313471734133184
0.307426056835526
0.468787565805541
0.468787565805541
0.17136884949219
0.412570861674122
0.342723567301315
0.258719063938295
0.367081768045332
0.260430306927411
0.433706860469541
0.354185838575325
0.471583333333333
0.291712564440793
0.328871505050857
0.328589247008773
0.192947265525678
0.390310875747769
0.388571428571429
0.186737334575546
0.20719550317671
0.389135802469135
0.405722934841485
0.225672840022928
0.316854985748458
0.184288663882399
0.491320071131347
0.262672519476197
0.351364328650489
0.290394910025439
0.26710322676868
0.404037314574093
0.390687443246543
0.390687443246543
0.240018479361751
0.240018479361751
0.248960652330646
0.323651264255784
0.381306596014571
0.256701883786818
0.348435708435709
0.412061924647578
0.29440436702511
0.0626174235697566
0.263391553388218
0.235696460948297
0.262868997638913
0.382132619214613
0.268488875597649
0.239256419703728
0.194250326076365
0.437789661319073
0.256112760159003
0.261501210653753
0.365570599613153
0.355395256099685
0.202911926593233
0.376934179951181
0.293044654340582
0.416988416988417
0.416655295414456
0.319982118682739
0.353821323137418
0.317118879893107
0.201279668409185
0.195720964470222
0.241921740087452
0.262572189369575
0.339726027397261
0.339726027397261
0.43455425878615
0.332146104544144
0.244773475382709
0.187706543291474
0.334809092332395
0.402252264505073
0.394593644105818
0.401617149274148
0.29897718332022
0.29897718332022
0.305914148741598
0.305914148741598
0.275414392863963
0.216534295464358
0.29173197492163
0.21728938755797
0.271873705865938
0.257366242387836
0.308458659610632
0.308458659610632
0.271019392275286
0.421132023723816
0.421132023723816
0.372501123225249
0.184004835941865
0.345093366768496
0.352916095610118
0.233343332117417
0.374751835247334
0.321201357138858
0.379062813067287
0.446139348683654
0.341914022692804
0.140487487919149
0.226150455694368
0.305349841798262
0.430527585704635
0.322030212484041
0.363458729553205
0.284583465819768
0.284583465819768
0.362610218470347
0.39022950555506
0.331811811355583
0.180355051379501
0.399376989288529
0.305148159628314
0.299958112159743
0.160350937950938
0.160350937950938
0.377415228444086
0.2265211565849
0.312987067802268
0.350599464555931
0.311335477780318
0.28185330640641
0.253469097872396
0.372899214364877
0.156449978118769
0.199952735988948
0.37939200290062
0.25096034630191
0.191827581798235
0.342857142857143
0.274438372799029
0.163954103712353
0.398866077260271
0.286174829655893
0.231728575609996
0.325490503713378
0.211881271740497
0.291000621776481
0.159315637564573
0.296143622249908
0.339357660872568
0.137776869919796
0.358861051816899
0.150081053732363
0.331397513215695
0.278490701010413
0.368126080047272
0.377068446343355
0.213929058289614
0.23135147837011
0.209692071071532
0.276156129149401
0.298848879153358
0.356464317367587
0.409889866991323
0.301203686809208
0.24048410257808
0.331581304477093
0.19880882470307
0.286908306059721
0.33920290715308
0.34699293646673
0.411570716262759
0.199394619804448
0.199394619804448
0.254800263920556
0.429925196831324
0.283134203080069
0.289115646258503
0.21967315870607
0.212726451165835
0.255537372705574
0.303219370767891
0.296871300083241
0.296871300083241
0.296871300083241
0.197604689324923
0.136874944367344
0.230365770825271
0.241526316642622
0.357362266215646
0.372787608235774
0.170620352943369
0.241643901811229
0.432678834961087
0.213196904572766
0.319868867814073
0.181165375047814
0.357450497445932
0.317592112091334
0.269333891999427
0.269333891999427
0.284232100052643
0.230383559216937
0.236326311404235
0.236326311404235
0.367553063542475
0.302366597193895
0.173505437818239
0.346756050270427
0.246054545787416
0.149732620320856
0.214531422930812
0.293421919562844
0.262891809908999
0.0277428330191558
0.262141700500204
0.166056813033554
0.247482283602685
0.0780403186836333
0.126905827106786
0.181126569559928
0.272455007555983
0.271441647820986
0.271441647820986
0.224422442244224
0.273586339087441
0.249742617702996
0.109570108284584
0.20185543096269
0.167097603719281
0.251111879734196
0.301653341051337
0.26893941698178
0.308044549378673
0.133656256038864
0.323566521379499
0.35211114729187
0.146600831819108
0.343420491818468
0.103330687431629
0.255945047115298
0.334813286321465
0.166801183750336
0.226677890870131
0.374701184846462
0.239276631276413
0.133107911007865
0.248027600284577
0.0979880645762711
0.194073838554887
0.2179024377599
0.296356494649872
0.200608319802411
0.200608319802411
0.382132265461543
0.319278638557277
0.167797674684229
0.202238545883142
0.15307071743466
0.255345498355538
0.294579990326073
0.339106090034046
0.122660493250134
0.202938009224455
0.261498205305292
0.261498205305292
0.222807841611429
0.0731911436561455
0.310564632117497
0.311707732568671
0.296880961736684
0.226194309334595
0.208805558390129
0.25384744528966
0.32013292716699
0.284640145118045
0.214769697131699
0.0639522345361557
0.150345570979033
0.222282185771963
0.0465857026853151
0.183044109269804
0.225874230452088
0.216629666397163
0.217102108648911
0.225899614609243
0.199835242224998
0.199835242224998
0.0972754977934459
0.302271204355732
0.283541222999695
0.243886676230614
0.207220999294664
0.137400152503646
0.244812388326385
0.234776094372809
0.231404958677686
0.193937316179787
0.173553432280716
0.279948492337873
0.323793301898435
0.235733883780765
0.235733883780765
0.171524757931322
0.171524757931322
0.204573155867583
0.257664004645389
0.264809397065617
0.262515857573875
0.21450507914009
0.205621497595199
0.287223761660518
0.253018561903045
0.214045261171903
0.109136238979171
0.236891598003891
0.255984565239282
0.0793899138991391
0.298858670530611
0.230586819923639
0.146259841668576
0.24473921800125
0.201369819777168
0.113109086535673
0.187978986364212
0.134014463268849
0.134014463268849
0.186262431547589
0.259104092813407
0.182246750387819
0.109428363306559
0.207270046071786
0.131327953044754
0.207213785188694
0.22942337618675
0.23652240918922
0.223176796149295
0.131601840290077
0.28789207826953
0.206253242471782
0.237609939487683
0.175311213190027
0.175311213190027
0.109111253633176
0.0584063412599082
0.104465415583331
0.238176228079381
0.277287319422151
0.205380813889364
0.227272727272727
0.161010214952686
0.119512010354226
0.119512010354226
0.119512010354226
0.296139446795863
0.220162134905551
0.261145260433516
0.112448036277331
0.0773107384770757
0.220250640483613
0.198542447324969
0.0811347952246019
0.273453462974706
0.19700571857462
0.0699626546065029
0.241979878204685
0.20106583661564
0.109539091331148
0.164452311858204
0.125861138106036
0.11784911355235
0.278669152408104
0.268604673884577
0.153295752578614
0.191749817851108
0.191749817851108
0.223851429777356
0.292635873020279
0.146021834525946
0.233614393993021
0.0681175215697116
0.0615223421083481
0.0615223421083481
0.0615223421083481
0.255561244808557
0.130619721987146
0.112777244951388
0.223234589726736
0.143029596662029
0.227582364388063
0.311978988237981
0.215645496720524
0.250064844845612
0.161140084418714
0.169439641917603
0.142552407733233
0.154658471347578
0.196086586633897
0.242705633126003
0.155460797809973
0.0627417818546894
0.226415094339622
0.167788919700843
0.167788919700843
0.106661089616229
0.14349465564341
0.237722993083592
0.295188244939144
0.152946940980287
0.258992805755395
0.238417368818334
0.23156278806709
0.23156278806709
0.131624888854139
0.207913422248722
0.124174970295699
0.152236886353312
0.115325911138036
0.140048252110852
0.136895286361325
0.170701847509138
0.0531896148445608
0.240565826107585
0.127633206727131
0.118968705231186
0.152990763160255
0.150841653778092
0.131471948207703
0.165231175869132
0.145869424347261
0.148492703202798
0.182180408929744
0.0938137368543598
0.189485274775854
0.139538509308567
0.109831571283616
0.127639975951598
0.173644376185362
0.0737359477245496
0.114564551027768
0.143752555181599
0.131837087094193
0.131837087094193
0.118682484215859
0.147807496118873
0.129047213201698
0.108828834163589
0.0979959688334665
0.0609816346949423
0.120363073892291
0.118684840313813
0.0272066925948603
0.0213000068880619
0.0406421650675405
0.00669721579935044
0.08600495510833
0.064774771930932
0.0256468820236806
0.0133414211995727
