TARA_144	TARA_20	TARA_22	TARA_68
2990221	1	0	0	0.125
1449928	0.0625	0	0	0.9
3708009	0	0.951219512195122	1	0.0714285714285714
5406471	0.875	0	0	0.91304347826087
2704074_1	1	0.037037037037037	0	0.0769230769230769
2704074_2	1	0.037037037037037	0	0.0769230769230769
1681955	0.96551724137931	0	0	0.739130434782609
6591807_1	0	0.96	0.894736842105263	0.0714285714285714
6591807_2	0	0.96	0.894736842105263	0.0714285714285714
1062848	1	0.0303030303030303	0	0.277777777777778
2176055	0.85	0.0571428571428571	0	0.957446808510638
4089993	0.958333333333333	0.04	0	0.914285714285714
1471130	0.0333333333333333	0.977777777777778	1	0.206896551724138
4459630	1	0	0.0666666666666667	0.870967741935484
1170221	1	1	0.214285714285714	1
2355325_1	1	1	0.230769230769231	1
2355325_2	1	1	0.230769230769231	1
3279463	0.4	1	1	0.0555555555555556
5602646	0.736842105263158	0.0444444444444444	0	0.945945945945946
6498939	0.272727272727273	1	1	0.0731707317073171
6139573_1	0.0540540540540541	0.91304347826087	1	0.103448275862069
6139573_2	0.0540540540540541	0.91304347826087	1	0.103448275862069
5030989_1	0.5	0	0	0.925925925925926
5030989_2	0.5	0	0	0.925925925925926
1530772_1	0	0.866666666666667	1	0.121212121212121
1530772_2	0	0.866666666666667	1	0.121212121212121
1040560	0	1	1	0.195652173913043
3497284	0	0.914285714285714	1	0.125
5096230	0.304347826086957	1	1	0.133333333333333
6765518_1	0.0487804878048781	0.979166666666667	1	0.23728813559322
6765518_2	0.0487804878048781	0.979166666666667	1	0.23728813559322
6562847	1	0	0	0.5
6120592	0.260869565217391	1	1	1
2879164_1	0.5625	0.96551724137931	1	0.0285714285714286
2879164_2	0.5625	0.96551724137931	1	0.0285714285714286
2094010_1	1	0.25	0.173913043478261	1
2094010_2	1	0.25	0.173913043478261	1
4493346	1	1	0.3	1
6522492	0	0.961538461538462	0.583333333333333	0.0576923076923077
3377740	0	0.612903225806452	1	0.0392156862745098
769613	0.764705882352941	0	0	0.863636363636364
6141645	0.05	0.842105263157895	1	0.923076923076923
2255018	0.032258064516129	0.871794871794872	0.92	0.135135135135135
6934116	0.9375	0.0909090909090909	0	0.875
4880207	1	1	1	0.384615384615385
3211086	0.0769230769230769	0.918918918918919	0.857142857142857	0.111111111111111
507841	1	1	0.333333333333333	1
3616102	1	1	0.333333333333333	1
5525270_1	0.681818181818182	0	0	0.837837837837838
5525270_2	0.681818181818182	0	0	0.837837837837838
1732768_1	0.88	0.0769230769230769	0	0.157894736842105
1732768_2	0.88	0.0769230769230769	0	0.157894736842105
6736643	1	1	0.333333333333333	1
1464664	0.758620689655172	0	0	0.05
5098884	0.875	0.0697674418604651	0	0.0714285714285714
6750388	0	0.717948717948718	0.95	0
4307196_1	0.333333333333333	1	1	1
4307196_2	0.333333333333333	1	1	1
4307196_3	0.333333333333333	1	1	1
1519221_1	0.1	0.96875	1	0.714285714285714
1519221_2	0.1	0.96875	1	0.714285714285714
3137494	0.5	0.0294117647058824	0.25	0.910714285714286
5301109	0.666666666666667	0	0	0.8
4696223	1	0	0.2	0.347826086956522
1820702_1	0	0	0	0.548387096774194
1820702_2	0	0	0	0.548387096774194
6032149	1	0.956521739130435	0.269230769230769	1
6298025	0.657142857142857	0	0	0.842105263157895
3318037	0.212121212121212	1	1	0.196078431372549
3309199	0.966666666666667	1	0.9	0.32258064516129
5585013	0.189189189189189	0.958333333333333	1	0.162790697674419
5033792	0	0.153846153846154	0.933333333333333	0.0681818181818182
1426894	0.3	1	1	0.9375
4381104	0.764705882352941	0.0303030303030303	0	0.75
1978802	0.9	0.91304347826087	1	0.909090909090909
4776757	0.228571428571429	0.92156862745098	1	0.888888888888889
1724752_1	0.935483870967742	0.189189189189189	0.206896551724138	0.936170212765957
1724752_2	0.935483870967742	0.189189189189189	0.206896551724138	0.936170212765957
3958701	0.5	0.0465116279069767	0.166666666666667	0.905660377358491
1402368	0.105263157894737	0.8	0.88	0
545565	1	0.192307692307692	0.142857142857143	0.764705882352941
1415583_1	0.1	0.0714285714285714	0	0.74468085106383
1415583_2	0.1	0.0714285714285714	0	0.74468085106383
1415583_3	0.1	0.0714285714285714	0	0.74468085106383
1921389	0	0	0	0.52
6835580	0.210526315789474	0	0	0.75
2332305	0.692307692307692	0	0	0.0555555555555556
7122494_1	0.916666666666667	0.923076923076923	1	0.225806451612903
7122494_2	0.916666666666667	0.923076923076923	1	0.225806451612903
3083892	0.833333333333333	0.122448979591837	0	0.793103448275862
6742833_1	0.08	0.08	0	0.604651162790698
6742833_2	0.08	0.08	0	0.604651162790698
1367338	0.651162790697674	0	0	0.0357142857142857
7098680	0.135135135135135	0.923076923076923	1	0.214285714285714
4411218	1	0.952380952380952	0.333333333333333	1
7105319	1	1	0.866666666666667	0.272727272727273
6115001	0.235294117647059	0.833333333333333	1	0.0731707317073171
1861951_1	0	0.0196078431372549	0.625	0
1861951_2	0	0.0196078431372549	0.625	0
6790610	0	0	0.571428571428571	0
2653837	0.947368421052632	1	0.363636363636364	1
4128811	0.8125	0.695652173913043	0.764705882352941	0.0540540540540541
3197506	1	1	0.454545454545455	1
5795871	0.923076923076923	0.238095238095238	0.230769230769231	1
7037070_1	1	0.35	0.105263157894737	0.891304347826087
7037070_2	1	0.35	0.105263157894737	0.891304347826087
974163	0.90625	0.833333333333333	0.95	0.307692307692308
6175952	0.28	1	1	0.6875
4667147	0.757575757575758	0.209302325581395	0.0357142857142857	0.916666666666667
4427102	0	0	0.538461538461538	0
6662461	0.0277777777777778	0.204545454545455	0	0
7018706_1	0.529411764705882	0	0	0.684210526315789
7018706_2	0.529411764705882	0	0	0.684210526315789
5601543	1	1	0.454545454545455	1
2238851	0.4	1	1	0.974358974358974
1494546	0.428571428571429	1	1	0.925925925925926
1622842	0.696969696969697	0.0980392156862745	0	0.777777777777778
6722148	0	0.346153846153846	1	0.25
4907216	0.222222222222222	0	0	0.75
7018757	0	0.0888888888888889	0	0.527777777777778
2755730	0.807692307692308	0.268292682926829	0.181818181818182	1
6336590	0.1	0.193548387096774	0.166666666666667	0.852941176470588
6108040	0.5	0.0227272727272727	0	0.696969696969697
6640567	0	0.633333333333333	0.826086956521739	0.175
2779242	0	0	0	0.526315789473684
355099	0	0	0.583333333333333	0.0204081632653061
1699120_1	0.772727272727273	1	1	0.230769230769231
1699120_2	0.772727272727273	1	1	0.230769230769231
5867754	0.358974358974359	0	0	0.75
1829891_1	0.928571428571429	0.266666666666667	0.222222222222222	0.906976744186046
1829891_2	0.928571428571429	0.266666666666667	0.222222222222222	0.906976744186046
1829891_3	0.928571428571429	0.266666666666667	0.222222222222222	0.906976744186046
4308061	0.173913043478261	0.075	0	0.694444444444444
3661749	1	0.977777777777778	1	0.4375
5636103	0.290322580645161	0.964285714285714	1	0.882352941176471
4148240_1	1	1	0.473684210526316	1
4148240_2	1	1	0.473684210526316	1
3529447_1	0.67741935483871	0.0476190476190476	0	0.111111111111111
3529447_2	0.67741935483871	0.0476190476190476	0	0.111111111111111
3529447_3	0.67741935483871	0.0476190476190476	0	0.111111111111111
1342286	1	1	0.833333333333333	0.44
4515686	1	1	1	0.4375
4892102	0	0.478260869565217	0.625	0
970020	0	0.0666666666666667	0	0.659574468085106
3501873	0.357142857142857	0.945945945945946	1	0.317073170731707
1730116	0.8125	0.133333333333333	0	0.724137931034483
4904598_1	0.466666666666667	0	0	0.772727272727273
4904598_2	0.466666666666667	0	0	0.772727272727273
4904598_3	0.466666666666667	0	0	0.772727272727273
4957492	0.523809523809524	0.382352941176471	0.111111111111111	0.979591836734694
5582374	0.880952380952381	0.222222222222222	0.357142857142857	0.928571428571429
4987383	0.172413793103448	0.791666666666667	0.928571428571429	0.181818181818182
4014934	1	1	1	0.571428571428571
2161386	0.5	0	0	0
4075070	1	0.92	0.888888888888889	0.464285714285714
431717	0.170731707317073	0.0238095238095238	0	0.6875
2197556_1	0	0	0	0.380952380952381
2197556_2	0	0	0	0.380952380952381
826302_1	1	0.923076923076923	0.352941176470588	0.962264150943396
826302_2	1	0.923076923076923	0.352941176470588	0.962264150943396
5572965_1	0.678571428571429	0.0357142857142857	0.0909090909090909	0.741379310344828
5572965_2	0.678571428571429	0.0357142857142857	0.0909090909090909	0.741379310344828
6904200	0	0.333333333333333	0	0.764705882352941
3479761	0.103448275862069	0.0238095238095238	0	0.631578947368421
1931866	1	0.153846153846154	0.384615384615385	0.744186046511628
5253327	0.882352941176471	0.631578947368421	0	0.849056603773585
3328153	0.80952380952381	1	1	0.333333333333333
4635377	0.958333333333333	1	1	0.5
5214550_1	1	0.277777777777778	0.129032258064516	0.451612903225806
5214550_2	1	0.277777777777778	0.129032258064516	0.451612903225806
5214550_3	1	0.277777777777778	0.129032258064516	0.451612903225806
3739227	0.272727272727273	0.714285714285714	0.785714285714286	0.08
3831254	1	0.170212765957447	0.3	0.529411764705882
770293_1	1	0.27906976744186	0.35	0.847826086956522
770293_2	1	0.27906976744186	0.35	0.847826086956522
53284	1	0.473684210526316	0.222222222222222	0.804878048780488
1963447	0.558823529411765	0.115384615384615	0	0.770833333333333
773920	0.464285714285714	1	1	0.875
3333237	0.0731707317073171	0.270833333333333	0.285714285714286	1
2378850	0	0	0.421052631578947	0
2908843	1	1	0.571428571428571	1
2607124	0.703703703703704	0.135135135135135	0	0.6
2336864	0.956521739130435	0.390243902439024	0.227272727272727	0.933333333333333
3840804	0.428571428571429	1	0.96551724137931	0.882352941176471
5304248	0.888888888888889	0.189189189189189	0	0.571428571428571
5988766	0.978723404255319	0.372549019607843	0.275862068965517	0.828571428571429
4554193	0.772727272727273	0.916666666666667	1	0.384615384615385
1611819	0	0.363636363636364	0.631578947368421	0
4733983	0.75	0.169811320754717	0.0666666666666667	0.05
4682837	0	0.475	0.625	0.0338983050847458
6675192_1	0.333333333333333	0.953488372093023	0.826086956521739	0.375
6675192_2	0.333333333333333	0.953488372093023	0.826086956521739	0.375
1527845	0.90625	0.962962962962963	1	0.476190476190476
5455985_1	0.1	0.609756097560976	0.727272727272727	0.0961538461538462
5455985_2	0.1	0.609756097560976	0.727272727272727	0.0961538461538462
5812193	0.111111111111111	0.772727272727273	0.758620689655172	0.172413793103448
4229571	0.75	0.428571428571429	0.181818181818182	0.933333333333333
2244830	0.576923076923077	1	1	1
4768671	0.428571428571429	0	0.583333333333333	0.0416666666666667
371554	0.8125	0.212121212121212	0.363636363636364	0.880952380952381
7090457	1	1	0.935483870967742	0.517241379310345
1382978	0.785714285714286	0.133333333333333	0.384615384615385	0.777777777777778
4175613	0.575757575757576	1	1	1
3612359_1	0.580645161290323	1	1	0.454545454545455
3612359_2	0.580645161290323	1	1	0.454545454545455
4934993_1	1	0.485714285714286	0.357142857142857	0.942857142857143
4934993_2	1	0.485714285714286	0.357142857142857	0.942857142857143
6460252	0.5	1	1	0.96
2559003_1	0.6	0.0333333333333333	0	0.470588235294118
2559003_2	0.6	0.0333333333333333	0	0.470588235294118
5742301	0.866666666666667	1	1	0.514285714285714
3535579	0	0	0.4	0
4135189	0	0.166666666666667	0.5	0.0192307692307692
2984537	0.954545454545455	0.5	0.333333333333333	0.963636363636364
4655010	0.0967741935483871	0.0294117647058824	0.730769230769231	0.346938775510204
2536150	1	0.954545454545455	0.555555555555556	1
1320712	0.0303030303030303	0	0	0.464285714285714
2725062	0	0	0.407407407407407	0
4066509	0	0.238095238095238	0.666666666666667	0
78413	0	0	0	0.428571428571429
5545333	0.617647058823529	0	0	0.432432432432432
5205200	0.6	1	1	0.419354838709677
1033231	0.947368421052632	0.875	0.4	1
2617668_1	0.793103448275862	0.657142857142857	0.789473684210526	0.12
2617668_2	0.793103448275862	0.657142857142857	0.789473684210526	0.12
5549362	0.48	0.454545454545455	1	0.1
2829619	0.0238095238095238	0	0.428571428571429	0
360177	0.884615384615385	0.725	0.761904761904762	0.1875
4591726	1	1	1	0.540540540540541
4255107	1	0.333333333333333	0.772727272727273	0.333333333333333
4402468	0.733333333333333	0.172413793103448	0	0.514285714285714
1823209	1	1	0.647058823529412	1
6736051	0.5	1	1	0.357142857142857
1251272_1	0.636363636363636	0.0810810810810811	0.111111111111111	0.666666666666667
1251272_2	0.636363636363636	0.0810810810810811	0.111111111111111	0.666666666666667
1251272_3	0.636363636363636	0.0810810810810811	0.111111111111111	0.666666666666667
2851501_1	0.346153846153846	0.0909090909090909	0	0.660377358490566
2851501_2	0.346153846153846	0.0909090909090909	0	0.660377358490566
5276815	0.652173913043478	0.0869565217391304	0.227272727272727	0.25
1559040	0.418604651162791	0.794117647058823	0.933333333333333	0.194444444444444
2467880	0.0416666666666667	0.0625	0.545454545454545	0.0204081632653061
3584320	1	0.526315789473684	0.882352941176471	1
1747873	0.823529411764706	0.333333333333333	0	0.7
1728782	0	0	0	0.435897435897436
5010550	0.758620689655172	0.619047619047619	0.173913043478261	0.882352941176471
3700678	0	0	0	0.34375
5622242	0	0.431818181818182	0.25	0
571546	1	0.981132075471698	1	0.608695652173913
7077649_1	0.0769230769230769	0	0	0.441176470588235
7077649_2	0.0769230769230769	0	0	0.441176470588235
7036060	1	0.892857142857143	1	0.490566037735849
300193	1	0.478260869565217	0.571428571428571	0.975609756097561
5979684	0.604166666666667	1	1	1
4544750	1	1	0.666666666666667	1
1986068	0	0	0	0.347826086956522
5160721_1	0.0689655172413793	0.151515151515152	0.347826086956522	0.62
5160721_2	0.0689655172413793	0.151515151515152	0.347826086956522	0.62
2421866	0.242424242424242	0.024390243902439	0	0.571428571428571
2399637_1	0.555555555555556	0.0303030303030303	0.0625	0.166666666666667
2399637_2	0.555555555555556	0.0303030303030303	0.0625	0.166666666666667
6004998	0.970588235294118	1	1	0.642857142857143
1031599	0.391304347826087	0	0	0
3122263	0.333333333333333	0	0	0.0217391304347826
1102345_1	0	0	0.333333333333333	0
1102345_2	0	0	0.333333333333333	0
4768035	1	0.622222222222222	0.583333333333333	1
249150	0.5	0	0	0.25
5126381	0.514285714285714	0	0	0.341463414634146
6483338	0.486486486486487	0.958333333333333	1	0.566666666666667
2059674	0.709677419354839	0.740740740740741	0.681818181818182	0.161290322580645
6968807	0	0.0606060606060606	0.428571428571429	0
3708061	0	0	0	0.439024390243902
1548074_1	0.024390243902439	0	0	0.414634146341463
1548074_2	0.024390243902439	0	0	0.414634146341463
1548074_3	0.024390243902439	0	0	0.414634146341463
5506893	0.9375	0.235294117647059	0.2	0.454545454545455
1206528	0	0	0.333333333333333	0
1236591	0	0	0.352941176470588	0
1825372	1	0.974358974358974	0.625	1
2758608	0.862068965517241	0.821428571428571	0.363636363636364	0.368421052631579
45199	0.972972972972973	0.88	1	0.608695652173913
6626458	0.0588235294117647	0	0	0.416666666666667
3578840	1	1	0.65625	1
1005436	1	1	0.684210526315789	1
4673327_1	1	0.8125	0.6	0.464285714285714
4673327_2	1	0.8125	0.6	0.464285714285714
4820158	0	0.259259259259259	0	0
5526438	0	0.621621621621622	0.636363636363636	0.176470588235294
3434340	0	0.765957446808511	0.612903225806452	0.272727272727273
3462900	0	0	0	0.428571428571429
5159087	1	1	0.666666666666667	1
6128732	0.409090909090909	0.482758620689655	0.214285714285714	0.9
6599439	1	1	1	0.636363636363636
2803056	0.964285714285714	1	1	0.620689655172414
2624753	0.0285714285714286	0.5	0.333333333333333	0.0350877192982456
1922904	0.555555555555556	0.0465116279069767	0.285714285714286	0.333333333333333
2180481	0.416666666666667	0.363636363636364	0	0.657142857142857
2629501	1	0.961538461538462	0.851851851851852	0.454545454545455
4602194_1	0.130434782608696	0.227272727272727	0.266666666666667	0.722222222222222
4602194_2	0.130434782608696	0.227272727272727	0.266666666666667	0.722222222222222
4602194_3	0.130434782608696	0.227272727272727	0.266666666666667	0.722222222222222
2438397	1	1	1	0.658536585365854
908068	1	1	0.67741935483871	1
5231484	0.181818181818182	0.78	0.666666666666667	0.321428571428571
140437	0.620689655172414	1	1	0.958333333333333
6633700	0.210526315789474	0.277777777777778	0.642857142857143	0.0697674418604651
5850966	1	0.970588235294118	1	0.585365853658537
703468	0	0.555555555555556	0.65	0.2
5616548	0.333333333333333	0	0	0.5625
4478034	0.357142857142857	0.0606060606060606	0	0.0178571428571429
289077	0	0	0	0
5349081	0	0.0416666666666667	0.346153846153846	0
6394891	1	0.451612903225806	0.409090909090909	0.888888888888889
4383406	0.684210526315789	0.954545454545455	0.142857142857143	0.703703703703704
2542032	1	0.488888888888889	0.5	0.766666666666667
5968231	1	1	0.714285714285714	1
5422312	0.64	0.0625	0	0.267857142857143
2291766	0.823529411764706	0.666666666666667	0.333333333333333	0.875
3783065	0	0.0408163265306122	0.363636363636364	0
3841217	0.523809523809524	0.708333333333333	0.0833333333333333	0.785714285714286
1090734	0.916666666666667	1	1	0.571428571428571
2770885	0.777777777777778	0.897959183673469	1	0.434782608695652
6212978_1	0.315789473684211	0	0	0.428571428571429
6212978_2	0.315789473684211	0	0	0.428571428571429
1663206	0.371428571428571	0.80952380952381	0.8125	0.268292682926829
5520940	1	0.816326530612245	0.48	1
5665529	0.357142857142857	1	0.6875	0.608695652173913
629128	1	1	1	0.658536585365854
5527301	0.533333333333333	0.0476190476190476	0	0.363636363636364
4027815	0.533333333333333	0.85	1	0.419354838709677
822330	0.405405405405405	0.411764705882353	0.3125	1
6519563	0.037037037037037	0.159090909090909	0.666666666666667	0.153846153846154
1171950	1	1	0.727272727272727	1
5667383	0.84375	0.956521739130435	0.894736842105263	0.71875
1799900	0.576923076923077	0.409090909090909	0.708333333333333	0.09375
1456735	0.358974358974359	0.175	0.866666666666667	0.235294117647059
5597969	0.7	1	1	0.510204081632653
3809375_1	0	0	0.260869565217391	0
3809375_2	0	0	0.260869565217391	0
2844301_1	1	1	1	0.654545454545455
2844301_2	1	1	1	0.654545454545455
2844301_3	1	1	1	0.654545454545455
6835030	0.666666666666667	1	1	0.787878787878788
5139646_1	0.833333333333333	0.534883720930233	0.133333333333333	0.8
5139646_2	0.833333333333333	0.534883720930233	0.133333333333333	0.8
5139646_3	0.833333333333333	0.534883720930233	0.133333333333333	0.8
2060185	0.113636363636364	0	0	0.422222222222222
5256873	0.0833333333333333	0	0	0.363636363636364
4252513_1	1	0.957446808510638	1	0.648148148148148
4252513_2	1	0.957446808510638	1	0.648148148148148
3589255_1	0.733333333333333	0.487179487179487	0	0.733333333333333
3589255_2	0.733333333333333	0.487179487179487	0	0.733333333333333
2590934	0.037037037037037	0	0	0.358974358974359
4254741	1	0.441176470588235	0.769230769230769	0.590909090909091
1924796	0.294117647058824	0.434782608695652	0.428571428571429	0
688128	0	0	0.285714285714286	0
509171	0.3	0.214285714285714	0.8	0.122448979591837
5848862	0.933333333333333	0.594594594594595	0.727272727272727	1
6706869	0.847826086956522	0.510204081632653	0.870967741935484	1
3662371	1	1	1	0.72
5818430	0	0.5	0.28	0.105263157894737
3507429	0.176470588235294	0.804347826086957	0.791666666666667	0.48780487804878
1632493	0.526315789473684	0.0980392156862745	0	0.428571428571429
4552024	1	0.535714285714286	0.666666666666667	0.923076923076923
6555048	0.681818181818182	0.857142857142857	1	0.46875
1430486	0.333333333333333	0.1	0.476190476190476	0.0277777777777778
759078	0.166666666666667	0.155555555555556	0	0.549019607843137
6495675	1	0.958333333333333	0.692307692307692	1
4047350	0.037037037037037	0.552631578947368	0.4	0.162790697674419
1008686	0.85	0.551724137931034	1	0.642857142857143
3394644	0.0303030303030303	0.517241379310345	0.555555555555556	0.215686274509804
5513771	0.764705882352941	0.56	0.772727272727273	1
4978339	0.0769230769230769	0.463414634146341	0.375	0.0526315789473684
2863918	0	0	0	0.272727272727273
4520545_1	0.513513513513513	0.392857142857143	0.888888888888889	0.194444444444444
4520545_2	0.513513513513513	0.392857142857143	0.888888888888889	0.194444444444444
5598134_1	0.5	0.727272727272727	0.176470588235294	0.703703703703704
5598134_2	0.5	0.727272727272727	0.176470588235294	0.703703703703704
1959866_1	0.176470588235294	0.136363636363636	0.263157894736842	0.590909090909091
1959866_2	0.176470588235294	0.136363636363636	0.263157894736842	0.590909090909091
1959866_3	0.176470588235294	0.136363636363636	0.263157894736842	0.590909090909091
2700867	0.714285714285714	1	1	1
4160016	0.0606060606060606	0.181818181818182	0.4	0
6182766	0.0833333333333333	0.222222222222222	0.210526315789474	0.615384615384615
512212	1	1	0.769230769230769	1
5303346_1	0.342105263157895	0.0285714285714286	0	0.0769230769230769
5303346_2	0.342105263157895	0.0285714285714286	0	0.0769230769230769
6112540	0.0869565217391304	0.464285714285714	0.481481481481481	0.0588235294117647
5596120	1	0.777777777777778	0.428571428571429	0.46875
3451343	0.909090909090909	0.98	0.619047619047619	1
1857335	0.741935483870968	0.65625	0.48	0.976190476190476
2301001	0	0.117647058823529	0.04	0.375
3450827	0	0	0	0.266666666666667
4386325	0.941176470588235	1	0.818181818181818	0.971428571428571
6185770	0.153846153846154	0.363636363636364	0.538461538461538	0.0263157894736842
5572681	0.357142857142857	0.476190476190476	0.2	0.676470588235294
5250949	0	0.35	0.5	0.0882352941176471
2136431	0.848484848484849	0.34375	0.421052631578947	0.470588235294118
2925822	0	0.0344827586206897	0.272727272727273	0
4229956	0.814814814814815	0.416666666666667	0.25	0.59375
933914	0.794871794871795	0.769230769230769	0.28	0.764705882352941
290230	0	0.382352941176471	0.384615384615385	0.0638297872340425
7018318	0.512820512820513	0.0227272727272727	0.352941176470588	0.393939393939394
2173945	0	0	0.24	0
3061326	0.514285714285714	0.428571428571429	0.9	0.923076923076923
5646855	0.911764705882353	0.891891891891892	0.347826086956522	0.72
2045265	0.961538461538462	0.888888888888889	0.612903225806452	1
6673038	0.6	0.6	0.222222222222222	0.173913043478261
3807509	0.03125	0.37037037037037	0.428571428571429	0
6003856	0.615384615384615	0.413793103448276	0.2	0.75
6570663	0	0.148936170212766	0.375	0
5704989	0.25	0.285714285714286	0.266666666666667	0.705882352941177
6014288	0.75	1	1	0.642857142857143
6087681_1	0.857142857142857	0.894736842105263	0.928571428571429	0.523809523809524
6087681_2	0.857142857142857	0.894736842105263	0.928571428571429	0.523809523809524
5762121	0	0	0	0.326086956521739
6523183	0.103448275862069	0.114285714285714	0.642857142857143	0.294117647058824
2309812	0.380952380952381	0.5	0.357142857142857	0.869565217391304
5602483	0.72	0.96551724137931	1	1
2613054	0.2	0.0384615384615385	0	0.403846153846154
1309064_1	0.326086956521739	0.371428571428571	0	0.772727272727273
1309064_2	0.326086956521739	0.371428571428571	0	0.772727272727273
1866808_1	0.217391304347826	0	0	0.333333333333333
1866808_2	0.217391304347826	0	0	0.333333333333333
2511993	0.735294117647059	0.711538461538462	0.85	0.305555555555556
3456327	1	0.423076923076923	0.428571428571429	0.58974358974359
7127898	1	0.547619047619048	0.818181818181818	0.891304347826087
3601489	0	0.188679245283019	0.259259259259259	0
6147098	0.875	0.590909090909091	0.3125	0.724137931034483
3134029	0.592592592592593	0.5	0.523809523809524	0.885714285714286
4293205	0.5	0.928571428571429	1	0.716981132075472
1572804	0.448275862068966	0.608695652173913	0	0.303030303030303
4852112	0	0.411764705882353	0.375	0.130434782608696
243581	0.657142857142857	0.517241379310345	0.0555555555555556	0.660714285714286
5631973_1	1	0.434782608695652	0.64	0.666666666666667
5631973_2	1	0.434782608695652	0.64	0.666666666666667
1285437	0.388888888888889	0.157894736842105	0.818181818181818	0.5
4258960	0.6	0.709677419354839	1	0.9375
5759912	0	0	0	0.254901960784314
1661737	0.478260869565217	0.113636363636364	0.0416666666666667	0.441860465116279
5388035_1	0	0	0.333333333333333	0.181818181818182
5388035_2	0	0	0.333333333333333	0.181818181818182
6798890_1	0.882352941176471	0.888888888888889	0.428571428571429	0.857142857142857
6798890_2	0.882352941176471	0.888888888888889	0.428571428571429	0.857142857142857
3737766	0.411764705882353	0.0606060606060606	0	0.233333333333333
5514085	0.571428571428571	0.395833333333333	0.277777777777778	0.833333333333333
4053747	0.78125	0.740740740740741	0.4	0.931034482758621
3625271_1	0.28	0.619047619047619	0.111111111111111	0.571428571428571
3625271_2	0.28	0.619047619047619	0.111111111111111	0.571428571428571
1611097	0.818181818181818	0.612244897959184	0.875	1
1416440	0.925	0.971428571428571	0.571428571428571	0.948717948717949
6907966	0	0	0	0.263157894736842
2425348	0.645161290322581	1	1	0.885714285714286
5380018	0.105263157894737	0.53125	0.777777777777778	0.421052631578947
3168306	0.5	0.55	1	0.27027027027027
6769322	0.317073170731707	0.565217391304348	0.866666666666667	0.695652173913043
5537720	0.75	1	1	0.681818181818182
6497512	1	0.6	0.466666666666667	0.736842105263158
1447877	0.465116279069767	0.142857142857143	0.263157894736842	0.75
2952756_1	0.627906976744186	0.906976744186046	1	0.590909090909091
2952756_2	0.627906976744186	0.906976744186046	1	0.590909090909091
4066263	1	1	1	0.764705882352941
586757	0.6875	0.953488372093023	1	0.957446808510638
6541877	0.875	0.891891891891892	0.307692307692308	0.785714285714286
1126232	0	0	0	0.238095238095238
5167785	1	1	0.739130434782609	0.961538461538462
5887119	0.272727272727273	0	0	0.0487804878048781
6859894	1	0.682926829268293	0.653846153846154	1
5169585	0.5	0.380952380952381	0.269230769230769	0.75
6191409_1	0.540540540540541	0.344827586206897	0	0.148148148148148
6191409_2	0.540540540540541	0.344827586206897	0	0.148148148148148
2675371	0.892857142857143	0.6	0.866666666666667	0.4375
5598802	0.636363636363636	0.357142857142857	0.333333333333333	0.235294117647059
2678149	0	0.369565217391304	0.222222222222222	0.0666666666666667
6502690	0.32258064516129	0.545454545454545	0.761904761904762	0.1875
1359023_1	0.516129032258065	0.478260869565217	0.272727272727273	0.75
1359023_2	0.516129032258065	0.478260869565217	0.272727272727273	0.75
6064706	0.825	0.525	0.75	0.893617021276596
3544952_1	0.659090909090909	0.962962962962963	0.96551724137931	0.928571428571429
3544952_2	0.659090909090909	0.962962962962963	0.96551724137931	0.928571428571429
1882954	0.466666666666667	0.705882352941177	0.3125	0.878787878787879
1433842_1	0.628571428571429	0.535714285714286	0.933333333333333	0.933333333333333
1433842_2	0.628571428571429	0.535714285714286	0.933333333333333	0.933333333333333
1327594_1	0.863636363636364	0.814814814814815	0.5	0.953488372093023
1327594_2	0.863636363636364	0.814814814814815	0.5	0.953488372093023
5973040	0.2	0.0588235294117647	0	0.327586206896552
5156445	0.5	0.365853658536585	0.125	0.736842105263158
2364164	0	0	0.206896551724138	0
987647	0.30952380952381	0.0638297872340425	0	0
331094	0.538461538461538	0.577777777777778	0.428571428571429	0.215686274509804
959088	0.75	0.470588235294118	0.227272727272727	0.32258064516129
3306242	0.0476190476190476	0	0.25	0
2873115	0.486486486486487	0.777777777777778	0.904761904761905	0.848484848484849
7000283_1	0	0.272727272727273	0.454545454545455	0.181818181818182
7000283_2	0	0.272727272727273	0.454545454545455	0.181818181818182
5336211	1	0.72972972972973	1	0.789473684210526
5746701	0.297297297297297	0.129032258064516	0.6	0.285714285714286
1870697	0.0333333333333333	0.0967741935483871	0.4	0.0512820512820513
92237	0.90625	0.454545454545455	0.619047619047619	0.826923076923077
1329668	0.709677419354839	1	0.818181818181818	0.961538461538462
244619	0.117647058823529	0	0	0.272727272727273
5161299	0.909090909090909	0.571428571428571	0.642857142857143	0.931034482758621
2438375	0.871794871794872	0.942857142857143	0.84	0.666666666666667
2015629	0.0769230769230769	0.166666666666667	0.421052631578947	0.117647058823529
5548239	0.466666666666667	0.407407407407407	0	0.481481481481481
6271480	0.647058823529412	0.823529411764706	1	0.525
1691765	0.192307692307692	0.488372093023256	0.625	0.192982456140351
2121671	0.416666666666667	0.5	0	0.227272727272727
947448	0.392857142857143	0.766666666666667	0.571428571428571	0.277777777777778
1899169	0.810810810810811	0.764705882352941	0.304347826086957	0.765957446808511
5928874	0.0208333333333333	0	0.206896551724138	0
3230018	0.26530612244898	0.25	0	0.55
3897749	0.260869565217391	0.181818181818182	0.269230769230769	0
983959	0.896551724137931	0.78125	1	0.659574468085106
1957436	0.647058823529412	0.523809523809524	1	0.842105263157895
2989379	0.882352941176471	0.727272727272727	0.928571428571429	0.5625
1230859	0.481481481481481	0.268292682926829	0.777777777777778	0.375
2828288	0.105263157894737	0.333333333333333	0.55	0.119047619047619
4144617	0.733333333333333	0.7	0.5	0.942857142857143
4120790	0.416666666666667	0.1875	0.181818181818182	0.666666666666667
3275735	0.527777777777778	0.5	0.176470588235294	0.765957446808511
6711310	0	0.184210526315789	0.25	0
1484634	0.478260869565217	0.25	0.0714285714285714	0.0909090909090909
982841	1	0.952380952380952	0.75	0.980769230769231
3739522	0.560975609756098	0.575757575757576	0.8	0.27906976744186
285302	0.95	1	0.92	0.678571428571429
1480745_1	0.956521739130435	0.645161290322581	0.625	0.875
1480745_2	0.956521739130435	0.645161290322581	0.625	0.875
4313620	0	0	0	0.225
2403890_1	0.91304347826087	0.347826086956522	0.458333333333333	0.627118644067797
2403890_2	0.91304347826087	0.347826086956522	0.458333333333333	0.627118644067797
6755298	0.882352941176471	0.714285714285714	0.416666666666667	0.78125
4069617	1	1	1	0.773584905660377
3331309	0.291666666666667	0.266666666666667	0.625	0.185185185185185
361362_1	0.0952380952380952	0.416666666666667	0.590909090909091	0.45
361362_2	0.0952380952380952	0.416666666666667	0.590909090909091	0.45
2350663	0.185185185185185	0.0740740740740741	0.473684210526316	0.1
1594732	0.133333333333333	0.205882352941176	0.04	0.32258064516129
1736608	0.34375	0.289473684210526	0.857142857142857	0.5
1294832	0.289473684210526	0.684210526315789	0.615384615384615	0.382352941176471
1774192	0.527777777777778	0.2	0.133333333333333	0.473684210526316
1671642	0.633333333333333	1	0.958333333333333	0.807017543859649
1174056	0.291666666666667	0.363636363636364	0.214285714285714	0.2
1612659	0.935483870967742	0.764705882352941	0.607142857142857	0.945945945945946
6367257	0.652173913043478	0.964285714285714	1	0.826086956521739
5234580_1	0.452380952380952	0.638888888888889	0.230769230769231	0.183673469387755
5234580_2	0.452380952380952	0.638888888888889	0.230769230769231	0.183673469387755
1763462	0.933333333333333	0.584905660377358	1	0.727272727272727
863188	0.454545454545455	0.238095238095238	0.714285714285714	0.210526315789474
939519_1	0.636363636363636	0.703703703703704	0.230769230769231	0.461538461538462
939519_2	0.636363636363636	0.703703703703704	0.230769230769231	0.461538461538462
6560685	0.130434782608696	0.105263157894737	0.318181818181818	0.483870967741935
3006254_1	0.975	1	0.806451612903226	1
3006254_2	0.975	1	0.806451612903226	1
2738819	1	1	1	0.772727272727273
833122	0.424242424242424	0.452380952380952	0.148148148148148	0.12280701754386
6989192	0.46875	0.444444444444444	0.25	0.714285714285714
224730	0	0.259259259259259	0.105263157894737	0.0263157894736842
2274675	0.5	0.571428571428571	0.391304347826087	0.0952380952380952
5331286	0.951219512195122	0.709677419354839	1	0.866666666666667
50060	0.884615384615385	0.666666666666667	1	0.612903225806452
6575731	0	0.416666666666667	0.411764705882353	0.179487179487179
5939304	1	0.6	0.636363636363636	0.836734693877551
2699825	0.368421052631579	0.767441860465116	0.619047619047619	0.763636363636364
2709324	0.310344827586207	0.130434782608696	0.466666666666667	0.0666666666666667
1068292	0.666666666666667	1	1	0.857142857142857
3326294	0.378378378378378	0.488372093023256	1	0.392156862745098
5677348_1	0.764705882352941	0.564102564102564	0.869565217391304	0.925925925925926
5677348_2	0.764705882352941	0.564102564102564	0.869565217391304	0.925925925925926
743790	0.1875	0.457142857142857	0.666666666666667	0.215686274509804
6140880	0.633333333333333	0.791666666666667	1	0.5
3124466	0.739130434782609	0.25	0.363636363636364	0.517241379310345
2145340	0.117647058823529	0	0	0.285714285714286
3768945	0.407407407407407	0.3125	0.105263157894737	0.1
1692134	0.458333333333333	0.152173913043478	0.692307692307692	0.317073170731707
5579366	0.789473684210526	0.78	1	1
4984060	1	0.617021276595745	0.7	0.90625
1885723	0.555555555555556	0.5	0.555555555555556	0.803921568627451
828183	0.142857142857143	0.463414634146341	0.238095238095238	0.108695652173913
6147864	0.205128205128205	0.303030303030303	0.636363636363636	0.185185185185185
2506109	0.344827586206897	0.0217391304347826	0.166666666666667	0.0961538461538462
6389372	0	0.277777777777778	0	0.125
6692554	0.476190476190476	0.391304347826087	0.869565217391304	0.5
4513842	0	0.0540540540540541	0	0.25
6815103	0.459459459459459	0.35	0.181818181818182	0.64
5427103	0.448275862068966	0.619047619047619	0.375	0.780487804878049
2023474	0.794117647058823	0.466666666666667	0.357142857142857	0.533333333333333
1266504	0.516129032258065	0.536585365853659	0	0.555555555555556
2123738	0.714285714285714	0.541666666666667	0.642857142857143	0.925925925925926
3972355	0.523809523809524	0.217391304347826	0.173913043478261	0.5
5621283	0.952380952380952	0.666666666666667	0.76	0.952380952380952
689339	0	0.105263157894737	0	0.235294117647059
2218859	0.805555555555556	0.533333333333333	0.888888888888889	0.826086956521739
2210565	0.486486486486487	0.607142857142857	0.5	0.32258064516129
6744634	0.80952380952381	0.6	1	0.785714285714286
1212844	0.761904761904762	0.433333333333333	0.6875	0.76
3129018	1	0.6875	0.769230769230769	0.904761904761905
4666904	0.185185185185185	0	0	0.254545454545455
1452329	0.4375	0.612903225806452	0.84	0.541666666666667
4020834	0.653846153846154	0.529411764705882	1	0.660714285714286
2461500	0.222222222222222	0.0540540540540541	0	0
1175915_1	0.363636363636364	0.482758620689655	0.857142857142857	0.645161290322581
1175915_2	0.363636363636364	0.482758620689655	0.857142857142857	0.645161290322581
5089361	0.55	0.58974358974359	0.928571428571429	0.441176470588235
5546586	0.931818181818182	0.659574468085106	1	0.825
286841	0.67741935483871	0.853658536585366	0.92	1
3276990	0.970588235294118	0.80952380952381	0.739130434782609	0.608695652173913
6269898	0.289473684210526	0.604166666666667	0.411764705882353	0.727272727272727
3919270	1	0.787234042553192	0.705882352941177	0.842105263157895
1472471	1	0.78125	1	0.685185185185185
4515315	0.828571428571429	0.542857142857143	1	0.727272727272727
2950133	0.6	0.448979591836735	0.846153846153846	0.272727272727273
4180663	0.533333333333333	0.733333333333333	0.666666666666667	0.896551724137931
3400959_1	0.371428571428571	0.531914893617021	0.137931034482759	0.568181818181818
3400959_2	0.371428571428571	0.531914893617021	0.137931034482759	0.568181818181818
5650779	0.318181818181818	0.333333333333333	0	0.5
897113	1	1	1	0.829787234042553
1718707	0.6	0.451612903225806	0.263157894736842	0.764705882352941
3052494	0.390243902439024	0.125	0.277777777777778	0.05
2104640	0.214285714285714	0.541666666666667	0.304347826086957	0.266666666666667
242470	0.714285714285714	0.421052631578947	0.291666666666667	0.310344827586207
1926302	0	0	0	0.189655172413793
7007176	0.384615384615385	0.310344827586207	0	0.1
5605272	0.53125	0.761904761904762	0.285714285714286	0.5
3549761	0	0.186046511627907	0	0.0344827586206897
6663722	0.275	0.393939393939394	0.142857142857143	0.0588235294117647
6576088	0.84	0.5	0.428571428571429	0.5625
867438	0.372093023255814	0.416666666666667	0.588235294117647	0.676470588235294
4955654_1	0.903225806451613	0.870967741935484	0.592592592592593	0.865384615384615
4955654_2	0.903225806451613	0.870967741935484	0.592592592592593	0.865384615384615
6179691	0.513513513513513	0.740740740740741	0.391304347826087	0.814814814814815
7107604	0.590909090909091	0.727272727272727	1	0.576923076923077
2795387	0.595238095238095	0.4	0.6	0.238095238095238
4869963	0.685714285714286	0.8	0.909090909090909	1
6337022	0.576923076923077	0.366666666666667	0.214285714285714	0.458333333333333
5725770	0.19047619047619	0.5	0.0833333333333333	0.40625
4787623	0.645161290322581	0.575757575757576	0.846153846153846	0.875
6956854	0.548387096774194	0.19047619047619	0.333333333333333	0.203703703703704
372194	0.90625	0.944444444444444	0.739130434782609	1
1559703	0.145833333333333	0	0	0
4611817	0.21875	0.363636363636364	0.555555555555556	0.6
3169572_1	0.0952380952380952	0.463414634146341	0.5	0.56
3169572_2	0.0952380952380952	0.463414634146341	0.5	0.56
529755	0.347826086956522	0.44	0.631578947368421	0.716981132075472
995052	0.6	0.363636363636364	0.347826086956522	0.386363636363636
566966	1	0.8	0.7	0.967741935483871
2170089	0.966666666666667	0.818181818181818	0.933333333333333	0.651162790697674
1652281	0.428571428571429	0.548387096774194	0.909090909090909	0.666666666666667
618677	0.6	0.745098039215686	0.428571428571429	0.37037037037037
2688165	0.9375	0.833333333333333	1	0.72
2713187	0.178571428571429	0	0.0344827586206897	0.239130434782609
400089	0	0.0454545454545455	0.111111111111111	0.244444444444444
4369067_1	0.1	0.342105263157895	0	0.138888888888889
4369067_2	0.1	0.342105263157895	0	0.138888888888889
1444840_1	0.28	0.277777777777778	0	0.454545454545455
1444840_2	0.28	0.277777777777778	0	0.454545454545455
6020897	0	0.290322580645161	0.0769230769230769	0.142857142857143
2128670	0.483870967741935	0.4	0.166666666666667	0.558139534883721
3204743	0.388888888888889	0.588235294117647	0	0.54
5678509	0.454545454545455	0.368421052631579	0	0.290909090909091
1397623	0.757575757575758	0.675675675675676	1	0.935483870967742
3939652	0.780487804878049	0.609756097560976	0.85	0.5
3942563	0.886363636363636	0.653846153846154	0.8	0.918918918918919
4009139	0.857142857142857	0.666666666666667	0.777777777777778	0.925
6892210	0.380952380952381	0.5	0.157894736842105	0.25
5836887	0.4375	0.466666666666667	0.666666666666667	0.466666666666667
355804	0.294117647058824	0	0.117647058823529	0.170731707317073
2986698	0.45	0.425	1	0.4
2991149_1	0.03125	0.19047619047619	0.2	0.0862068965517241
2991149_2	0.03125	0.19047619047619	0.2	0.0862068965517241
2012264	0.608695652173913	0.64	0.91304347826087	0.625
407266	0.518518518518518	0.678571428571429	1	0.636363636363636
6163627	0.414634146341463	0.558139534883721	0.407407407407407	0.735294117647059
5387250	0.583333333333333	0.25	0.275862068965517	0.424242424242424
234091	0.689655172413793	0.380952380952381	0.444444444444444	0.555555555555556
1660956	0.380952380952381	0.107142857142857	0.117647058823529	0.0847457627118644
274187	0.933333333333333	0.6875	0.523809523809524	0.739130434782609
84343	0.48936170212766	0.52	0.5	0.8
246255	0.543478260869565	0.230769230769231	0.227272727272727	0.283018867924528
5215907	0.444444444444444	0.8	0.52	0.484848484848485
5989061_1	0.36	0.3	0.470588235294118	0.121212121212121
5989061_2	0.36	0.3	0.470588235294118	0.121212121212121
3178149	0.0714285714285714	0.3	0.142857142857143	0.08
5048221	0.363636363636364	0.387096774193548	0.230769230769231	0.555555555555556
4551701	0.354838709677419	0.361111111111111	0.222222222222222	0.428571428571429
4113454_1	0.444444444444444	0.392156862745098	0.0952380952380952	0.175
4113454_2	0.444444444444444	0.392156862745098	0.0952380952380952	0.175
7050398	0.133333333333333	0.388888888888889	0.62962962962963	0.348837209302326
2768524	0.46875	0.642857142857143	0.791666666666667	0.566666666666667
42859	0.324324324324324	0.59375	0.277777777777778	0.4
3129671_1	0.52	0.347826086956522	0.785714285714286	0.418604651162791
3129671_2	0.52	0.347826086956522	0.785714285714286	0.418604651162791
488429_1	0.868421052631579	1	0.733333333333333	0.857142857142857
488429_2	0.868421052631579	1	0.733333333333333	0.857142857142857
2565163	0.36	0.466666666666667	0.0625	0.391304347826087
5509999	0.585365853658537	0.5	0.25	0.447368421052632
2935925	0.78125	0.793103448275862	0.4	0.65
2520704	0.5	0.666666666666667	0.636363636363636	0.428571428571429
3693958	0.5	0.567567567567568	0.55	0.729166666666667
2713824	0.804347826086957	0.813953488372093	0.96551724137931	0.651162790697674
868946	0	0	0.161290322580645	0.192982456140351
3008389	0.580645161290323	0.763157894736842	0.941176470588235	0.8
4741366	0.111111111111111	0.0833333333333333	0.318181818181818	0.348837209302326
1123681	0.558139534883721	0.625	0.222222222222222	0.631578947368421
3858700	0.634146341463415	0.65625	0.91304347826087	0.794117647058823
2522989	0.0975609756097561	0.30188679245283	0.0625	0.186046511627907
6746633_1	0.261904761904762	0.114285714285714	0	0.26530612244898
6746633_2	0.261904761904762	0.114285714285714	0	0.26530612244898
3575410	0.40625	0.333333333333333	0.8125	0.414634146341463
5785288	0.888888888888889	0.8125	0.67741935483871	0.96
5458427	0.794871794871795	0.6	0.85	0.5
502209	0.5	0.6	0.181818181818182	0.388888888888889
5967739	0.365853658536585	0.375	0.391304347826087	0.541666666666667
5099516	0.260869565217391	0.510204081632653	0.304347826086957	0.361111111111111
339558	0.842105263157895	0.840909090909091	0.7	0.918367346938776
3796546	0.95	0.974358974358974	0.78125	0.942857142857143
7075670	0.727272727272727	0.6875	0.448275862068966	0.666666666666667
1389868	0.636363636363636	0.608695652173913	0.235294117647059	0.482758620689655
6186291	0.194444444444444	0.259259259259259	0.407407407407407	0.0612244897959184
2152195	0.659090909090909	0.789473684210526	1	0.741935483870968
3739269_1	0.25	0.558823529411765	0.413793103448276	0.392857142857143
3739269_2	0.25	0.558823529411765	0.413793103448276	0.392857142857143
4833048	0.392857142857143	0.422222222222222	0.411764705882353	0.195652173913043
1402500	0.842105263157895	0.674418604651163	1	0.844444444444444
6681631	0.333333333333333	0.515151515151515	0.75	0.5
5429191	0.366666666666667	0.5625	0.565217391304348	0.611111111111111
3390313	0.541666666666667	0.703703703703704	0.321428571428571	0.65625
4724726	0.837837837837838	0.72972972972973	0.6875	0.92
3867445	0.214285714285714	0.447368421052632	0.523809523809524	0.3
4855074_1	0.272727272727273	0.529411764705882	0.411764705882353	0.4
4855074_2	0.272727272727273	0.529411764705882	0.411764705882353	0.4
2573994	0.4375	0.424242424242424	0.0769230769230769	0.583333333333333
5263545	0.515151515151515	0.736842105263158	1	0.583333333333333
1232622	0.75	0.818181818181818	0.9	1
5365134	0.542857142857143	0.840909090909091	0.833333333333333	0.736842105263158
40766	0.4375	0.4	0.6	0.40625
970746	0.555555555555556	0.605263157894737	0.3	0.784313725490196
6572767	0.4	0.548387096774194	0.647058823529412	0.578947368421053
4127396	0.483870967741935	0.527777777777778	0.833333333333333	0.479166666666667
7129378	1	0.877551020408163	1	1
6341843	0.340909090909091	0.466666666666667	0.733333333333333	0.65
5154717_1	0.27906976744186	0.242424242424242	0.107142857142857	0.48
5154717_2	0.27906976744186	0.242424242424242	0.107142857142857	0.48
509763	0.638888888888889	0.71875	1	0.875
6605428	0.142857142857143	0.478260869565217	0.4	0.259259259259259
5867966	0.518518518518518	0.416666666666667	0.333333333333333	0.692307692307692
1288628	0.96551724137931	0.962962962962963	0.833333333333333	1
1838063	1	0.96551724137931	0.869565217391304	1
5426743	0.352941176470588	0.441176470588235	0.25	0.244444444444444
5461211	0.714285714285714	0.842105263157895	0.923076923076923	0.638888888888889
6138340	0.137931034482759	0.25	0	0.0434782608695652
5743781	0.682926829268293	0.8125	0.888888888888889	0.932203389830508
1240104	0.0967741935483871	0.15	0.352941176470588	0.103448275862069
4749648	0.916666666666667	0.8	0.625	0.888888888888889
4588147	0.857142857142857	0.568181818181818	0.8125	0.727272727272727
3593420	0.727272727272727	0.634146341463415	0.636363636363636	0.864864864864865
637317	0.333333333333333	0.130434782608696	0	0.315789473684211
5147846	0.571428571428571	0.653061224489796	0.714285714285714	0.366666666666667
4695942	0.307692307692308	0.475	0.55	0.7
6455322	0.375	0.266666666666667	0.2	0.470588235294118
1923734	1	1	1	0.87037037037037
113306	0.379310344827586	0.3125	0.695652173913043	0.419354838709677
3465489	0.673469387755102	0.823529411764706	1	0.67741935483871
1290200	0.619047619047619	0.708333333333333	0.96	0.830508474576271
2687955	0.8	0.756756756756757	0.55	0.923076923076923
5187931	0.868421052631579	0.769230769230769	0.714285714285714	0.555555555555556
2354589	0.354838709677419	0.183673469387755	0.206896551724138	0.142857142857143
310355	0.459459459459459	0.8	0.615384615384615	0.555555555555556
5625521	0.523809523809524	0.285714285714286	0.210526315789474	0.36
1119254	0.5	0.257142857142857	0.307692307692308	0.5
1497130	0.384615384615385	0.233333333333333	0.1	0.4
6144247	0.241379310344828	0.378378378378378	0.357142857142857	0.551724137931034
128534	0.541666666666667	0.58974358974359	0.777777777777778	0.794117647058823
4481695	0.486486486486487	0.611111111111111	0.909090909090909	0.45
189453	0.153846153846154	0.419354838709677	0.433333333333333	0.205128205128205
4270451	0.666666666666667	0.65625	0.75	0.878787878787879
2029258	0.777777777777778	0.613636363636364	0.941176470588235	0.75609756097561
4400510	0.564102564102564	0.4375	0.714285714285714	0.681818181818182
5157137	0.590909090909091	0.565217391304348	0.548387096774194	0.361111111111111
3730601	0.486486486486487	0.510204081632653	0.117647058823529	0.386363636363636
6808325	0.67741935483871	0.689655172413793	0.772727272727273	0.428571428571429
6655731	0.270833333333333	0.27906976744186	0.433333333333333	0.619047619047619
3175437	0.764705882352941	0.666666666666667	1	0.652173913043478
2401075	0.771428571428571	0.62962962962963	0.846153846153846	0.888888888888889
1138979	0.260869565217391	0.192307692307692	0.375	0.272727272727273
1833364	0.037037037037037	0.142857142857143	0.117647058823529	0.282608695652174
1884011	0.586206896551724	0.723404255319149	1	0.714285714285714
1504028	0.847826086956522	0.729166666666667	1	0.914285714285714
5614466	0.741935483870968	0.555555555555556	0.421052631578947	0.436363636363636
6534814	0.476190476190476	0.4	0.25	0.631578947368421
1048154	0.684210526315789	0.645833333333333	0.555555555555556	0.448275862068966
3725896	0.428571428571429	0.319148936170213	0.411764705882353	0.19047619047619
3250900	0.272727272727273	0.122448979591837	0	0.0930232558139535
5043808	0.655172413793103	0.521739130434783	0.6875	0.3125
424687	0.515151515151515	0.4	0.181818181818182	0.352941176470588
5545464	0.827586206896552	0.807692307692308	1	0.719298245614035
198126	0.8	0.972972972972973	0.764705882352941	0.896551724137931
4710980_1	0.688888888888889	0.533333333333333	0.933333333333333	0.6875
4710980_2	0.688888888888889	0.533333333333333	0.933333333333333	0.6875
4710980_3	0.688888888888889	0.533333333333333	0.933333333333333	0.6875
914598	0.818181818181818	0.625	0.916666666666667	0.846153846153846
4242668	0.731707317073171	0.852941176470588	0.5	0.795918367346939
1650387	0.642857142857143	0.518518518518518	0.785714285714286	0.486486486486487
6957404	0.454545454545455	0.205128205128205	0.222222222222222	0.303030303030303
2378341	0.435897435897436	0.6	0.294117647058824	0.659574468085106
3924136_1	0.526315789473684	0.416666666666667	0.1875	0.304347826086957
3924136_2	0.526315789473684	0.416666666666667	0.1875	0.304347826086957
3924136_3	0.526315789473684	0.416666666666667	0.1875	0.304347826086957
6026172	0.566666666666667	0.481481481481481	0.785714285714286	0.484848484848485
4428643	0.117647058823529	0.25	0.166666666666667	0.04
2215274	0.75	0.729166666666667	0.923076923076923	0.517241379310345
4731369	1	0.853658536585366	0.9375	0.981818181818182
3637363	0.447368421052632	0.395348837209302	0.230769230769231	0.19047619047619
5951034	0.472222222222222	0.517241379310345	0.230769230769231	0.257142857142857
4298780	0.731707317073171	0.565217391304348	0.823529411764706	0.521739130434783
532894	0.585365853658537	0.565217391304348	0.75	0.377777777777778
5653324	0.722222222222222	0.756756756756757	1	0.684210526315789
1097388	0.357142857142857	0.1	0.263157894736842	0.222222222222222
6535114	0.4	0.425531914893617	0.32	0.2
2951232	0.794117647058823	0.592592592592593	0.888888888888889	0.793103448275862
1107929	0.5	0.761904761904762	0.818181818181818	0.666666666666667
1797539	0.446808510638298	0.176470588235294	0.466666666666667	0.372093023255814
6985102	0.791666666666667	0.794117647058823	0.692307692307692	0.615384615384615
191057	0.135135135135135	0.186046511627907	0.3	0.22
6396029	0.25	0.333333333333333	0.259259259259259	0.115384615384615
2152409_1	0.0681818181818182	0.135135135135135	0	0.206896551724138
2152409_2	0.0681818181818182	0.135135135135135	0	0.206896551724138
6270010	0.340425531914894	0.230769230769231	0.181818181818182	0.0476190476190476
4999850	0.459459459459459	0.465116279069767	0.7	0.545454545454545
3703053	0.16	0.166666666666667	0	0.25
6195131	0.194444444444444	0	0	0.195652173913043
7020595	0.28	0.32258064516129	0.0555555555555556	0.178571428571429
5389190_1	0.0625	0.222222222222222	0.206896551724138	0
5389190_2	0.0625	0.222222222222222	0.206896551724138	0
3607769	0.3	0.2	0	0.25531914893617
6485952	0.461538461538462	0.476190476190476	0.181818181818182	0.666666666666667
4945747	0.275862068965517	0.125	0.428571428571429	0.217391304347826
1225553	0.696969696969697	0.875	0.95	0.866666666666667
3767676	0.564102564102564	0.675	0.272727272727273	0.666666666666667
6715332	0.354838709677419	0.555555555555556	0.7	0.571428571428571
4263946	0.607142857142857	0.75	0.8125	0.5
1075173	0.885714285714286	0.739130434782609	0.678571428571429	0.885714285714286
241513	0.769230769230769	0.909090909090909	0.928571428571429	0.8125
3754890	0.521739130434783	0.405405405405405	0.235294117647059	0.25
4785170	0	0.25	0.2	0.125
2496526	0.657142857142857	0.6	0.666666666666667	0.851851851851852
342284	0.522727272727273	0.382978723404255	0.125	0.51063829787234
4794749	0.0714285714285714	0	0	0.135135135135135
29393	0.777777777777778	0.580645161290323	0.655172413793103	0.5
1163388	0.34375	0.342857142857143	0.0833333333333333	0.482758620689655
4083451	0.727272727272727	0.75	0.736842105263158	0.923076923076923
1967589	0.758620689655172	0.6875	0.619047619047619	0.771428571428571
3441777	0.76	0.75	0.8	0.567567567567568
1005367	0.594594594594595	0.846153846153846	0.846153846153846	0.69047619047619
3243478	0.708333333333333	0.388888888888889	0.6	0.458333333333333
4169035	0.766666666666667	0.714285714285714	0.65	0.676470588235294
3444841	0.645161290322581	0.6	0.590909090909091	0.688888888888889
1339186	0.325	0.441176470588235	0.655172413793103	0.358490566037736
6708812	0.369565217391304	0.32	0	0.236842105263158
4286815	0.655172413793103	0.6	0.529411764705882	0.392857142857143
5669585	0.129032258064516	0.380952380952381	0.125	0.305555555555556
5649287	0.619047619047619	0.821428571428571	0.909090909090909	0.761904761904762
676468	0.6875	0.625	1	0.711864406779661
1174437	0.666666666666667	0.78	1	0.672413793103448
5588135	0.208333333333333	0.28	0.1	0.0784313725490196
1279775	0.8	0.833333333333333	0.838709677419355	0.6875
2629717	0.48936170212766	0.4	0.130434782608696	0.454545454545455
2880720	0.551020408163265	0.384615384615385	0.714285714285714	0.509803921568627
901190_1	0.757575757575758	0.8	0.75	0.575
901190_2	0.757575757575758	0.8	0.75	0.575
3411236	0.543478260869565	0.378378378378378	0.222222222222222	0.611111111111111
2654427	0.428571428571429	0.411764705882353	0.708333333333333	0.4
6342093	0.516129032258065	0.571428571428571	0.214285714285714	0.606060606060606
5640291	0.714285714285714	0.565217391304348	0.838709677419355	0.764705882352941
5796997	0.375	0.409090909090909	0.130434782608696	0.407407407407407
2007918	0.161290322580645	0.256410256410256	0.461538461538462	0.326086956521739
2892079	0.7	0.794871794871795	1	0.71875
2730757	0.4	0.178571428571429	0.3	0.423076923076923
2816039	0.857142857142857	0.794871794871795	0.555555555555556	0.818181818181818
6778194	0.464285714285714	0.363636363636364	0.6	0.555555555555556
3334535	0.764705882352941	0.78	1	0.733333333333333
2407309	0.638888888888889	0.757575757575758	0.727272727272727	0.785714285714286
1519724	0.538461538461538	0.590909090909091	0.80952380952381	0.611111111111111
1649224	0.413793103448276	0.269230769230769	0.0714285714285714	0.260869565217391
2450791	0.333333333333333	0.285714285714286	0.181818181818182	0.1
1190204	0.727272727272727	0.657894736842105	0.65	0.6
2633614	0.527777777777778	0.558823529411765	0.758620689655172	0.44
6485545_1	0.363636363636364	0.5	0.272727272727273	0.5
6485545_2	0.363636363636364	0.5	0.272727272727273	0.5
3307891_1	0.743589743589744	0.906976744186046	0.705882352941177	0.75
3307891_2	0.743589743589744	0.906976744186046	0.705882352941177	0.75
3610125	0.333333333333333	0.565217391304348	0.56	0.450980392156863
1621042	0.272727272727273	0.4	0.0714285714285714	0.321428571428571
6425902	0.705882352941177	0.862068965517241	0.785714285714286	0.871794871794872
5519481	0.568181818181818	0.485714285714286	0.523809523809524	0.5625
4821545_1	0.607142857142857	0.722222222222222	0.409090909090909	0.685185185185185
4821545_2	0.607142857142857	0.722222222222222	0.409090909090909	0.685185185185185
1076544	0.5	0.27027027027027	0.347826086956522	0.363636363636364
5917616	0.208333333333333	0.161290322580645	0.0869565217391304	0.333333333333333
3652037	0.555555555555556	0.581395348837209	0.428571428571429	0.8
4688691	0.285714285714286	0.239130434782609	0	0.28125
3115824	0.375	0.633333333333333	0.5	0.523809523809524
5447178	0.212121212121212	0.416666666666667	0.454545454545455	0.269230769230769
6971849	0.125	0.156862745098039	0	0.210526315789474
5913211	0.625	0.816326530612245	0.777777777777778	0.846153846153846
368097	0.407407407407407	0.391304347826087	0.111111111111111	0.444444444444444
2547718	0.904761904761905	0.765957446808511	1	0.837837837837838
2500311_1	0.725	0.741935483870968	0.647058823529412	0.878787878787879
2500311_2	0.725	0.741935483870968	0.647058823529412	0.878787878787879
2500311_3	0.725	0.741935483870968	0.647058823529412	0.878787878787879
6999549_1	0.333333333333333	0.176470588235294	0.111111111111111	0.404761904761905
6999549_2	0.333333333333333	0.176470588235294	0.111111111111111	0.404761904761905
6901667	0.15	0.166666666666667	0.04	0.235294117647059
412677	0.571428571428571	0.583333333333333	0.6	0.725490196078431
6044376	0.27027027027027	0.0909090909090909	0.0588235294117647	0.162790697674419
506390	0.571428571428571	0.555555555555556	0.76	0.476190476190476
2722577	0.326530612244898	0.232558139534884	0.208333333333333	0.183673469387755
7041237	0.666666666666667	0.535714285714286	0.583333333333333	0.777777777777778
3024510	0.285714285714286	0.315789473684211	0.0555555555555556	0.321428571428571
3921641_1	0.282051282051282	0.0810810810810811	0.285714285714286	0.134615384615385
3921641_2	0.282051282051282	0.0810810810810811	0.285714285714286	0.134615384615385
5971174	0.560975609756098	0.473684210526316	0.476190476190476	0.741935483870968
6817151	0.428571428571429	0.51219512195122	0.666666666666667	0.333333333333333
783971	0.74468085106383	0.886363636363636	0.857142857142857	0.944444444444444
1652558	0.260869565217391	0.419354838709677	0.545454545454545	0.3
1458759	0.73469387755102	0.682926829268293	0.571428571428571	0.84375
5831339	0.5	0.666666666666667	0.533333333333333	0.707317073170732
4913096	0.619047619047619	0.4	0.375	0.333333333333333
6010583	0.709677419354839	0.540540540540541	0.71875	0.772727272727273
2468860	0.510204081632653	0.636363636363636	0.357142857142857	0.466666666666667
215603	0.613636363636364	0.741935483870968	0.818181818181818	0.818181818181818
5587625	0.0975609756097561	0.0769230769230769	0.230769230769231	0.232142857142857
3360239	0.48	0.411764705882353	0.411764705882353	0.441176470588235
6584866	0.588235294117647	0.696969696969697	0.375	0.652173913043478
5367922	0.0434782608695652	0.171428571428571	0.125	0.214285714285714
4262431	0.163265306122449	0.206896551724138	0.388888888888889	0.19047619047619
3838368	0.527777777777778	0.457142857142857	0.333333333333333	0.653846153846154
3821672	0.428571428571429	0.28125	0.238095238095238	0.378378378378378
449919	0.947368421052632	0.743589743589744	0.826086956521739	0.782608695652174
6744710	0.257142857142857	0.142857142857143	0.0740740740740741	0.136363636363636
4456603	0.351351351351351	0.545454545454545	0.25	0.419354838709677
4357808	0.511627906976744	0.548387096774194	0.619047619047619	0.652173913043478
3551575	0.447368421052632	0.28125	0.166666666666667	0.30188679245283
2643030	0.790697674418605	0.657142857142857	0.933333333333333	0.805555555555556
4360466	0.65625	0.814814814814815	0.55	0.722222222222222
6100207	0.333333333333333	0.333333333333333	0.5	0.476190476190476
173065	0.285714285714286	0.333333333333333	0.0833333333333333	0.317073170731707
2337660	0.25531914893617	0.263157894736842	0.19047619047619	0.135135135135135
6839582	0.6	0.5	0.653846153846154	0.673913043478261
35335	0.675675675675676	0.772727272727273	0.541666666666667	0.742857142857143
6429679	0.48	0.58	0.357142857142857	0.651162790697674
97502	0.241379310344828	0.244444444444444	0.5	0.230769230769231
3872173	0.157894736842105	0.266666666666667	0.142857142857143	0.217391304347826
2502083	0.694444444444444	0.9	0.826086956521739	0.791666666666667
3278955	0.25	0.272727272727273	0.3	0.297297297297297
499524	0.724137931034483	0.55	0.633333333333333	0.711111111111111
342709	0.40625	0.645161290322581	0.476190476190476	0.48
5724594	0.358974358974359	0.39622641509434	0.333333333333333	0.608695652173913
6571465	0.510204081632653	0.551020408163265	0.409090909090909	0.657894736842105
6224204	0.538461538461538	0.678571428571429	0.75	0.72
1595550	0.421052631578947	0.333333333333333	0.2	0.235294117647059
3615816	0.555555555555556	0.6875	0.5	0.488372093023256
5494956	0.674418604651163	0.738095238095238	0.9375	0.727272727272727
5994711	0.5	0.44	0.230769230769231	0.388888888888889
1288618	0.181818181818182	0.192307692307692	0	0.105263157894737
686925	0.586206896551724	0.441860465116279	0.482758620689655	0.617021276595745
6012952	0.333333333333333	0.341463414634146	0.5	0.5
261354	0.272727272727273	0.35	0.133333333333333	0.183673469387755
4438816	0.625	0.730769230769231	0.826086956521739	0.681818181818182
3312579	0.302325581395349	0.441860465116279	0.518518518518518	0.5
1993780	0.964285714285714	0.795454545454545	0.875	0.879310344827586
6375524	0.652173913043478	0.622222222222222	0.409090909090909	0.684210526315789
2594750	0.5	0.545454545454545	0.681818181818182	0.45
956059	0.615384615384615	0.575757575757576	0.823529411764706	0.58
1926284	0.806451612903226	0.8	0.789473684210526	0.666666666666667
5061459	0.794117647058823	0.717948717948718	0.75	0.620689655172414
3809239	0.947368421052632	0.794871794871795	0.85	0.814814814814815
4280210_1	0.461538461538462	0.444444444444444	0.666666666666667	0.521739130434783
4280210_2	0.461538461538462	0.444444444444444	0.666666666666667	0.521739130434783
283461	0.205882352941176	0.340425531914894	0.384615384615385	0.269230769230769
3652983	0.540540540540541	0.583333333333333	0.789473684210526	0.611111111111111
4126962	0.288888888888889	0.395833333333333	0.307692307692308	0.405405405405405
4732638_1	0.5	0.680851063829787	0.578947368421053	0.540540540540541
4732638_2	0.5	0.680851063829787	0.578947368421053	0.540540540540541
46254	0.764705882352941	0.9	0.875	0.837837837837838
5072344_1	0.65	0.826086956521739	0.8125	0.771428571428571
5072344_2	0.65	0.826086956521739	0.8125	0.771428571428571
3398123	0.037037037037037	0.181818181818182	0.157894736842105	0.155172413793103
5789358	0.25	0.363636363636364	0.222222222222222	0.193548387096774
2102901	0.551724137931034	0.514285714285714	0.625	0.56
2058532	0.531914893617021	0.592592592592593	0.724137931034483	0.692307692307692
2025664	0.53125	0.642857142857143	0.684210526315789	0.714285714285714
4739131	0.344827586206897	0.333333333333333	0.551724137931034	0.388888888888889
6107274_1	0.351351351351351	0.296296296296296	0.523809523809524	0.409090909090909
6107274_2	0.351351351351351	0.296296296296296	0.523809523809524	0.409090909090909
1630285	1	0.888888888888889	0.875	0.941176470588235
4081948	0.25	0.12	0.214285714285714	0.280701754385965
2672868	0.227272727272727	0.354838709677419	0.214285714285714	0.34375
3471467	0.333333333333333	0.2	0.2	0.347826086956522
3439981	0.432432432432432	0.606060606060606	0.631578947368421	0.527777777777778
6739774	0.53125	0.5625	0.578947368421053	0.65625
438402	0.0232558139534884	0.12962962962963	0.0769230769230769	0.0857142857142857
4234256	0.613636363636364	0.583333333333333	0.363636363636364	0.488888888888889
553737	0.511627906976744	0.382352941176471	0.44	0.431034482758621
5604677	0.175	0.0810810810810811	0.111111111111111	0.186440677966102
149861	0.152173913043478	0.19047619047619	0	0.1875
1708810	0.3125	0.21875	0.0952380952380952	0.269230769230769
5810661	0.52	0.565217391304348	0.388888888888889	0.535714285714286
4472905	0.578947368421053	0.530612244897959	0.583333333333333	0.704545454545455
6639565	0.13953488372093	0.27027027027027	0.130434782608696	0.15
12098	0.304347826086957	0.25	0.142857142857143	0.352941176470588
5578117_1	0.75	0.588235294117647	0.636363636363636	0.615384615384615
5578117_2	0.75	0.588235294117647	0.636363636363636	0.615384615384615
3909003	0.90625	0.78	0.866666666666667	0.833333333333333
2226419	0.75	0.844444444444444	0.75	0.843137254901961
238095	0.815789473684211	0.75	0.892857142857143	0.729166666666667
2995984	0.5	0.357142857142857	0.4	0.523809523809524
2294474	0.230769230769231	0.1875	0.0714285714285714	0.241379310344828
3431342	0.2	0.26	0.0714285714285714	0.181818181818182
1204016	0.521739130434783	0.551724137931034	0.473684210526316	0.416666666666667
5044734_1	0.5	0.6	0.6	0.625
5044734_2	0.5	0.6	0.6	0.625
5771308	0.25	0.32258064516129	0.117647058823529	0.314814814814815
5061293_1	0.461538461538462	0.4	0.32	0.528301886792453
5061293_2	0.461538461538462	0.4	0.32	0.528301886792453
4271641	0.657142857142857	0.608695652173913	0.8	0.583333333333333
1786706	0.285714285714286	0.314285714285714	0.133333333333333	0.352941176470588
6631832	0.5	0.461538461538462	0.379310344827586	0.358490566037736
4717739	0.527777777777778	0.703703703703704	0.692307692307692	0.6
3811869	0.695652173913043	0.742857142857143	0.727272727272727	0.852941176470588
6434792	0.212765957446809	0.209302325581395	0.0833333333333333	0.302325581395349
5527364	0.724137931034483	0.75609756097561	0.818181818181818	0.8125
5028221	0.696969696969697	0.78125	0.714285714285714	0.8
1176658	0.368421052631579	0.266666666666667	0.24	0.379310344827586
38434	0.303030303030303	0.207547169811321	0.333333333333333	0.239130434782609
5412429	0.423076923076923	0.333333333333333	0.333333333333333	0.419354838709677
2169237	0.24	0.288888888888889	0.181818181818182	0.153846153846154
4141044	0.540540540540541	0.54	0.55	0.714285714285714
3167324	0.815789473684211	0.829268292682927	0.730769230769231	0.818181818181818
5080500	0.838709677419355	0.82051282051282	0.818181818181818	0.833333333333333
2067139	0.676470588235294	0.729166666666667	0.666666666666667	0.75
5756238	0.454545454545455	0.388888888888889	0.466666666666667	0.384615384615385
373992	0.804878048780488	0.804878048780488	0.857142857142857	0.848484848484849
1106876	0.45	0.548387096774194	0.590909090909091	0.428571428571429
4918630	0.418604651162791	0.392156862745098	0.5	0.304347826086957
2086893	0.634146341463415	0.769230769230769	0.588235294117647	0.612244897959184
5453563	0.714285714285714	0.727272727272727	0.666666666666667	0.660714285714286
2891707	0.731707317073171	0.818181818181818	0.714285714285714	0.85
148488	0.785714285714286	0.791666666666667	0.769230769230769	0.680851063829787
1232469	0.703703703703704	0.612903225806452	0.7	0.75
4736460	0.571428571428571	0.666666666666667	0.571428571428571	0.517857142857143
6590324	0.709677419354839	0.76	0.625	0.75609756097561
250236	0.717948717948718	0.794871794871795	0.888888888888889	0.724137931034483
1246700	0.552631578947368	0.648648648648649	0.714285714285714	0.588235294117647
1166844	0.75	0.770833333333333	0.827586206896552	0.761904761904762
3463302	0.255813953488372	0.277777777777778	0.444444444444444	0.342105263157895
6596693	0.522727272727273	0.545454545454545	0.478260869565217	0.413793103448276
3679919	0.485714285714286	0.5	0.583333333333333	0.555555555555556
3445201	0.166666666666667	0.171428571428571	0.25	0.138888888888889
4231322_1	0.540540540540541	0.432432432432432	0.478260869565217	0.459459459459459
4231322_2	0.540540540540541	0.432432432432432	0.478260869565217	0.459459459459459
4231322_3	0.540540540540541	0.432432432432432	0.478260869565217	0.459459459459459
362186	0.290322580645161	0.365384615384615	0.388888888888889	0.369565217391304
3328017	0.8125	0.869565217391304	0.823529411764706	0.791666666666667
5848978	0.225	0.292682926829268	0.2	0.209302325581395
6405472	0.261904761904762	0.26530612244898	0.260869565217391	0.218181818181818
6557088	0.575	0.553191489361702	0.481481481481481	0.5
1003312	0.333333333333333	0.315789473684211	0.296296296296296	0.258064516129032
6271469	0.785714285714286	0.84	0.866666666666667	0.780487804878049
478988	0.346938775510204	0.433333333333333	0.384615384615385	0.369565217391304
3523783	0.5	0.425	0.533333333333333	0.485714285714286
4772651	0.179487179487179	0.15	0.181818181818182	0.176470588235294
3898890	0.421052631578947	0.4	0.357142857142857	0.344827586206897
4717570	0.317073170731707	0.277777777777778	0.285714285714286	0.25
4219983	0.8	0.757575757575758	0.769230769230769	0.739130434782609
3139924_1	0.365853658536585	0.37037037037037	0.3125	0.409090909090909
3139924_2	0.365853658536585	0.37037037037037	0.3125	0.409090909090909
2120282	0.80952380952381	0.782608695652174	0.833333333333333	0.793103448275862
6370697	0.608695652173913	0.580645161290323	0.636363636363636	0.58974358974359
3420146	0.363636363636364	0.369565217391304	0.357142857142857	0.36
