1
1
1
1
1
1
1
1
1
0.984968887407912
1
1
1
1
0.977777777777778
0.952380952380952
0.952380952380952
0.922035222500732
0.942724922341752
0.96750575638862
1
1
0.870410165374194
0.870410165374194
1
1
1
1
0.875016269614537
0.997041848877492
0.997041848877492
0.977777777777778
0.906666666666667
0.88943067719477
0.88943067719477
0.871006649141797
0.871006649141797
0.848484848484848
0.869133689839573
0.955322252732745
0.922203524854849
0.931240190725686
0.888535203911041
0.998400949183621
0.727272727272727
0.84420600888712
0.8
0.8
0.834127526573542
0.834127526573542
0.820022628281212
0.820022628281212
0.8
0.856722791844589
0.910129844325779
0.990553635952215
0.8
0.8
0.8
0.822566361717741
0.822566361717741
0.585568915490054
0.784688995215311
0.789757483996069
0.635514018691589
0.635514018691589
0.82438593092957
0.823691358702285
0.881501515888719
0.630502011300487
0.88300282621508
0.918016307160946
0.753043441568032
0.775368915422402
0.0336401188834917
0.698955188357404
0.739224413408464
0.739224413408464
0.615699020306899
0.848028313843652
0.721534161958849
0.679295643481307
0.679295643481307
0.679295643481307
0.597701149425287
0.687184961157564
0.751162004880795
0.73343600395109
0.73343600395109
0.777322064195806
0.500648497542425
0.500648497542425
0.720276204948533
0.849352979365327
0.725281803542673
0.713687530588939
0.815213630165726
0.708007565678925
0.708007565678925
0.666666666666666
0.675765360736459
0.51804798771826
0.63157894736842
0.737203793949077
0.757971827224795
0.757971827224795
0.473794418956324
0.608439694756146
0.719029147754685
0.622222222222222
0.177409954540157
0.599637188208616
0.599637188208616
0.63157894736842
0.663909512182968
0.561203909603351
0.673255467148556
0.758104417670683
0.680471821756226
0.489218282321731
0.654863478665903
0.561793969458116
0.573053294294853
0.615668599813821
0.606060606060606
0.649137085910556
0.704069058949275
0.704069058949275
0.638632198197967
0.622505987743175
0.622505987743175
0.622505987743175
0.546821235755734
0.618064041250378
0.655111835872684
0.606060606060606
0.606060606060606
0.602238564198295
0.602238564198295
0.602238564198295
0.46944075935649
0.654545454545455
0.525784280199755
0.690072573656845
0.599786918416982
0.69233032927427
0.671617476160699
0.671617476160699
0.671617476160699
0.527532182806198
0.538435101386185
0.635426129670187
0.480000000000001
0.571428571428571
0.389328303119776
0.597051049608853
0.421052631578947
0.421052631578947
0.607511104972627
0.607511104972627
0.592689595569366
0.592689595569366
0.66023166023166
0.57724602538036
0.575208986415883
0.692693629641348
0.588103254769922
0.50787766450417
0.582023297006573
0.582023297006573
0.582023297006573
0.469454327355606
0.532832867307653
0.544895679834071
0.544895679834071
0.5094149031271
0.574565387269808
0.467697644168233
0.685278479788246
0.470588235294117
0.480000000000001
0.51507788643328
0.596038891894979
0.473956442669442
0.649587845873748
0.494611918701368
0.417692966156544
0.505634492895639
0.572480714391679
0.485710421567093
0.419461681929144
0.419461681929144
0.432077936395626
0.468611650562885
0.468611650562885
0.526167010753701
0.456582635702236
0.473118279569892
0.426395784587875
0.44286634623284
0.458204118123655
0.407199264990819
0.47457627118644
0.438312555981381
0.438312555981381
0.492549019607843
0.492549019607843
0.510097766359809
0.463601150139919
0.463601150139919
0.402340195016252
0.444444444444444
0.376651783293263
0.478422650870366
0.478924122404708
0.432960023733591
0.477811789169605
0.45360824742268
0.564642375168691
0.48
0.504156576872856
0.462438146648673
0.483605426619565
0.422258439169623
0.422258439169623
0.549721032473325
0.442246555987284
0.414631399877891
0.519083969465648
0.464652555830269
0.477297177125351
0.387096774193548
0.55
0.440600081888144
0.440600081888144
0.440600081888144
0.440497370942924
0.440497370942924
0.279011198593968
0.474125624312881
0.457383887482311
0.399008992301145
0.559300762942832
0.489208633093525
0.400883107585023
0.376068376068376
0.312937595129376
0.403553930530164
0.394528290644126
0.394528290644126
0.449853565843131
0.396043614691544
0.439306358381503
0.363636363636363
0.380952380952381
0.287450112380718
0.287450112380718
0.423057521734802
0.359915524032738
0.359915524032738
0.347691270643748
0.433734939759036
0.329938734937314
0.363636363636363
0.363636363636363
0.332028456811819
0.376068376068376
0.392485041698431
0.374296519827499
0.310914734451218
0.396014971138003
0.493150684931506
0.424150177574835
0.424150177574835
0.424150177574835
0.464916531156173
0.363636363636363
0.387096774193548
0.374112199465716
0.3165274145439
0.274173999649269
0.383637067519321
0.376068376068376
0.342857142857143
0.27521836657558
0.27521836657558
0.277227722772277
0.44649958534047
0.487852768303012
0.48
0.363636363636363
0.333583100087663
0.4
0.36595185695243
0.310433181765042
0.205530148148244
0.320151461410068
0.416815674040282
0.310548369180068
0.310548369180068
0.310548369180068
0.373333333333333
0.350877192982456
0.318437094271945
0.35860428600984
0.284092221917938
0.417113943511398
0.40548112161556
0.435149055720306
0.288895028509948
0.319637448942926
0.420956825191813
0.496868070920519
0.277649769585254
0.307692307692308
0.453277870700952
0.271622043077885
0.341081161258967
0.396553204211698
0.373680450829432
0.349815253504288
0.318846665266989
0.318846665266989
0.334465276803945
0.414673134227162
0.314443636320694
0.373333333333333
0.361975849010473
0.348125231117571
0.398590535659365
0.415702421641429
0.292682926829269
0.0814584382654677
0.285063737938191
0.409421270091236
0.365923012857474
0.27906976744186
0.27906976744186
0.378109452736318
0.378109452736318
0.378109452736318
0.231319038336582
0.428459259808118
0.428459259808118
0.428459259808118
0.343046189991781
0.299663908062593
0.32524223672732
0.32524223672732
0.478282319973161
0.478282319973161
0.340159808911764
0.275860220092984
0.201457159426311
0.307692307692308
0.398052982049797
0.2298708963785
0.280842112498608
0.301075268817204
0.277671445010734
0.360206853638697
0.331939814768768
0.275869136025943
0.281836732497622
0.239677242615928
0.320152526119831
0.275567655516267
0.262034655782596
0.225144716057025
0.284800848797876
0.184972735009128
0.235917037845738
0.292682926829269
0.341655015005598
0.341655015005598
0.260663205188401
0.260663205188401
0.206089943053768
0.206089943053768
0.206089943053768
0.307692307692308
0.231319392411961
0.261753645803683
0.244897959183674
0.247146763782752
0.247146763782752
0.269695194683243
0.32999916763296
0.28839955772062
0.208135391792367
0.245857006184126
0.285714285714286
0.102035840837039
0.259613802628404
0.164889469675013
0.297451309276809
0.201948125914555
0.244343577838606
0.234901613443608
0.272212915116701
0.254497447279866
0.202158673944988
0.25531914893617
0.308805907893996
0.337091480997932
0.263028734485566
0.22617814906223
0.303029939737428
0.230874153719281
0.275797249484424
0.205487453319835
0.253457172342621
0.21972845885465
0.21972845885465
0.355029585798816
0.308744359001137
0.22500032242394
0.252459992296109
0.250833956371335
0.43160983879619
0.43160983879619
0.231755860238832
0.231755860238832
0.248844829653102
0.30886570056145
0.245867569040143
0.17649115171768
0.243572289266445
0.135024734088105
0.302972472038183
0.298407076869296
0.220449915594243
0.328130098884523
0.253808371350407
0.253808371350407
0.302797362431687
0.232371181877037
0.272251308900524
0.253492694426148
0.231202046035805
0.231202046035805
0.278969619625371
0.278969619625371
0.23666718562158
0.233573311089288
0.245997284837163
0.244210636369165
0.244210636369165
0.182191879392679
0.288025360027746
0.28169014084507
0.270309235808864
0.313335746202684
0.382655860588662
0.225855464225401
0.227108167770419
0.247714335000862
0.292464126557497
0.240850552123088
0.240850552123088
0.25
0.226312594427121
0.372676835105431
0.253164556962025
0.226927222835101
0.229619006048513
0.26603637109765
0.170338852137727
0.288765309144739
0.288765309144739
0.228051511481014
0.124526798666526
0.198801617035277
0.257427637743011
0.153094385566994
0.153094385566994
0.136072882341539
0.204868869510505
0.204868869510505
0.260681530996617
0.231783022042251
0.231783022042251
0.228872403389248
0.228872403389248
0.172658068284162
0.266509763887854
0.218181818181818
0.25614956873179
0.107034369129979
0.210842468714446
0.206302250803859
0.18670504543613
0.203921568627451
0.203921568627451
0.187786510278892
0.175880925327492
0.237754664136526
0.199754750015208
0.160583204409011
0.189710806697108
0.185970511179145
0.0976249593770721
0.152184839703248
0.232396054961146
0.228881361000121
0.201828041720874
0.241783336553832
0.182745356542602
0.255157968877766
0.187957588970585
0.258735259166893
0.106830876513749
0.155978040044325
0.237983364457478
0.157874829952073
0.19304854208552
0.219987090787372
0.16275676282411
0.228761052653687
0.234657843173231
0.169816243616982
0.204742524226063
0.182982038096826
0.184312128497127
0.203985677109874
0.157547402752237
0.157547402752237
0.23841059602649
0.249717592358557
0.249717592358557
0.190505543551709
0.24
0.167184861906127
0.184626518443858
0.184626518443858
0.203607472718157
0.0983734112380191
0.26169035366909
0.140302125011225
0.172831730852999
0.216674531025815
0.0292913964156569
0.169895255477298
0.207923159815539
0.188905492189772
0.188905492189772
0.237001413338302
0.22667711449553
0.178437025648769
0.178437025648769
0.163487946616699
0.168726524117448
0.168726524117448
0.240963855421686
0.150589358408798
0.145517523909431
0.154259234441576
0.184900691351
0.155676472146688
0.200901125038488
0.214696837292464
0.194912881121931
0.150506689384123
0.177910772605935
0.237837837837837
0.352302531102182
0.148457456176928
0.148457456176928
0.214916741507527
0.235664804140257
0.179894897465023
0.201453790238837
0.132609081774491
0.2172366056558
0.160973592065098
0.201596865387744
0.0772995921859668
0.140652548908085
0.196958713084864
0.144230199600873
0.192251364665158
0.182444188237378
0.200798970817252
0.15319931208688
0.133300978663754
0.138680765993266
0.299935729409571
0.127603063521279
0.14761708197606
0.147262008897228
0.1602625237143
0.137303071263184
0.0552765447358151
0.166527041684671
0.107824928607276
0.144265788430908
0.172875129873008
0.122124206143443
0.198379975579339
0.172230014025245
0.188554786541156
0.188554786541156
0.189343800008287
0.176581705795661
0.159194914281265
0.133336049021933
0.152498610112324
0.111186678596309
0.218536316854917
0.20941563539475
0.237720113232168
0.110183499074605
0.159634749797558
0.159634749797558
0.212765957446808
0.177777777777778
0.182856171282068
0.140085425159044
0.0945010679865362
0.155042763598608
0.199095022624434
0.201479933592084
0.152148540055125
0.151294742459606
0.12760608104079
0.133259887954596
0.0820817696410733
0.134799710595614
0.134799710595614
0.163427223206337
0.19262520638415
0.121805813234385
0.144007232980112
0.0972335594060201
0.176505726780393
0.11203558609117
0.126801847156818
0.137158535807498
0.151351351351351
0.126999625835216
0.183213321019904
0.183213321019904
0.115872755054371
0.0570870014292424
0.173996711299037
0.152777406258833
0.182184417192317
0.116326117338824
0.135841708410188
0.130127745372545
0.125505799059415
0.166295837852395
0.166295837852395
0.186869757451182
0.186869757451182
0.136497457169401
0.119880183556656
0.302201166730668
0.193761564895586
0.171780940546914
0.117773179484374
0.0929619738803864
0.0790445374387931
0.102680717642857
0.0447553176246858
0.119676997293605
0.338695121303817
0.0607091072622978
0.0607091072622978
0.0992278766013188
0.205185437134949
0.0953453310315069
0.100116903691638
0.0735154970381995
0.136376902609304
0.141529574532043
0.0909589764693388
0.103766380645184
0.105884089714491
0.0992107943112068
0.0992107943112068
0.0885819996558252
0.0751391558140733
0.0331515592604701
0.141133138970997
0.141133138970997
0.176488552941348
0.0785891207702598
0.0809033869000941
0.147543360031356
0.147543360031356
0.101542742185379
0.101542742185379
0.14473531729528
0.081975822419411
0.147814325020293
0.0514432043612515
0.0405887141099366
0.106579884087129
0.131640105418415
0.124881771523965
0.111820371018648
0.150901567089867
0.09005652845376
0.083972791426148
0.121702271526859
0.121702271526859
0.188363480733867
0.105977450752873
0.124991949100184
0.132220137572874
0.0281808914973422
0.051390391588825
0.0575502653175577
0.0972235652397845
0.067556016614378
0.133960337108279
0.116633338510478
0.130746617329566
0.0663268788914339
0.0663268788914339
0.0502779129018768
0.131711847553234
0.117728843950312
0.0474663422934649
0.11758977390077
0.0677463864420829
0.0839321684367017
0.0457528745550501
0.0457528745550501
0.195801369946491
0.224212870837233
0.100771807193826
0.0996935429541642
0.0356734627036764
0.162411244045768
0.0437957111567471
0.118182821380429
0.126315789473685
0.126827467597709
0.118564121601923
0.118564121601923
0.167522879597183
0.101876718580147
0.0955883519061984
0.0961615915221249
0.0961546662875829
0.0402369904683991
0.0941980277531879
0.12778617650504
0.0843421665040608
0.100133311893525
0.111363925612524
0.0845656090705285
0.0578723703699025
0.16128359418237
0.0940635032058162
0.106481853971706
0.0645475256116454
0.133971291866029
0.114637251808378
0.145355345317596
0.127969002278842
0.131142801292009
0.0861977561364485
0.0494091586716707
0.0863071037854357
0.0793522706724973
0.0680478373152692
0.0991870449573935
0.0694743512877028
0.0757635483016235
0.183209501829649
0.0984271320148463
0.0547021090643659
0.102291081925559
0.0658700053266455
0.0441442686487592
0.138027790030652
0.0959735324997725
0.111613451027337
0.146237598935261
0.0764839970439659
0.0284789267057805
0.0842594533159148
0.164732659451552
0.117577123109615
0.0884001899888878
0.102450842193583
0.0453909771992086
0.0533147234246776
0.119586949858219
0.11696739467794
0.0828632635977049
0.101880518948774
0.0734858331598715
0.133020477365348
0.133020477365348
0.133020477365348
0.0978181930365948
0.119041354791027
0.0777461611332796
0.062175445582187
0.109247757971466
0.0923314342521528
0.0923314342521528
0.0923314342521528
0.0838020002989642
0.0630526216208966
0.140234477168219
0.0794984955891802
0.0718273470808774
0.0919445116619295
0.0891702823869018
0.0946436205091922
0.122882329713118
0.0631070527440541
0.0460861746816168
0.0871351039745759
0.0901729520159437
0.0756339661951224
0.0371392327541231
0.0288594371255354
0.0452224259921891
0.0856462749614492
0.0856462749614492
0.0920631944409361
0.050631208488469
0.0884556286619651
0.144086625159123
0.0854633432965016
0.11030668647306
0.11030668647306
0.11438282151928
0.161360384767132
0.0840109373595484
0.0882726253339026
0.142736342211508
0.0820049277708857
0.0893956738718922
0.0682954205310071
0.0470146129525309
0.0812568370481181
0.0960541626996721
0.0562763216556155
0.144052457263103
0.0864157015687299
0.0596646797531297
0.129246981927046
0.0511106541327823
0.0241012584537244
0.0530615632951292
0.0806763949909049
0.0824121227176747
0.0122472762766454
0.00876338002009528
0.0891751799491362
0.150808992227824
0.0518101710967798
0.0919474059472449
0.0860309625942204
0.150631467991149
0.141345102808524
0.0643375464954132
0.0298386131869448
0.114121603989575
0.0745462903392456
0.0492347713757546
0.0492347713757546
0.123456904539411
0.0875664536553811
0.12843669986518
0.0663737058176847
0.081497819903178
0.0758535830222673
0.119411661806626
0.0566537440881343
0.100927806139731
0.0438546251272729
0.100436164489527
0.0204151720463429
0.0609679894786044
0.104091929169758
0.0628709630411147
0.0121956660432637
0.0740099763292423
0.0512820512820511
0.0512820512820511
0.0457219615119842
0.0457219615119842
0.0480821877979666
0.10051549786158
0.0382288689489324
0.0059111576560923
0.0817371980924628
0.0817371980924628
0.0391309125585498
0.067514133640329
0.0985062981780595
0.114908448785246
0.0449601199667383
0.0600917228320674
0.0739285517146306
0.0539372992093679
0.104889188666942
0.0920629976259207
0.049292936947355
0.049292936947355
0.049292936947355
0.0969004479289156
0.0969004479289156
0.0519122518813829
0.0215517429724757
0.0705908513330338
0.0598141843374414
0.0215160840432175
0.0489198296358381
0.087307816213531
0.0686293705080528
0.0686293705080528
0.0644090176753481
0.0799757067045875
0.057833557194641
0.0699447262433009
0.0619733168349405
0.0422767832540515
0.0665631994312311
0.0468605392898677
0.0533437851035035
0.0494089238377401
0.0522844402392323
0.00425244875176652
0.0833251060753333
0.0447948448545268
0.0581429450267019
0.0718275185809741
0.0343961653516274
0.0540045522441142
0.0449894338346084
0.0645186019959632
0.0169671922132643
0.063336800674203
0.0787327871667614
0.0576819571818863
0.0333772507685552
0.0709148696909658
0.021745490373378
0.0253878934132649
0.0487655233851949
0.0652653761053653
0.0807131078029331
0.0205600102022887
0.0460601374133003
0.00273159186031762
0.0286359475979216
0.0410850061014777
0.0645899114425591
0.0425655297804235
0.0397030642973983
0.0477362224790036
0.0337697515987165
0.0751952098179669
0.0559882342088191
0.0747885784488955
0.0277357994814566
0.0362550071287937
0.0512200772857837
0.0357077526157404
0.0388414972674536
0.0445638107964475
0.0641589656362619
0.0400043732006102
0.0610149389796396
0.0245404484885821
0.0269226242591307
0.0362876509144387
0.0408760708128823
0.0408760708128823
0.0295198318009681
0.0514935096422408
0.0156798228655645
0.0245979793514575
0.0245979793514575
0.0264385234168704
0.035700946716989
0.035700946716989
0.0367268721750874
0.0290485231868323
0.00860620261734041
0.0340287147746729
0.027984451167221
0.042260802505867
0.0396618561419738
0.0396618561419738
0.0472654973475002
0.0286379015325434
0.0272533553259058
0.0335772913998791
0.0324680303463314
0.0116182511084419
0.0262419818573968
0.0506493238002357
0.0115296032324024
0.021460571240937
0.0705380082141027
0.0508007271701683
0.0243344353463329
0.0228541803936455
0.0301656814935559
0.0420112008774104
0.0221603602092239
0.0221603602092239
0.0219982545142926
0.0181184409193431
0.0336837584291537
0.0256133666888527
0.0405233360216744
0.0422697393602442
0.0139480158609015
0.0126250468089659
0.0126250468089659
0.0478038897135781
0.0321869844966978
0.0321869844966978
0.0418744545134342
0.0467688851441768
0.0183766298054923
0.0295755904652751
0.0252613461009015
0.0502955927996164
0.0119270797732712
0.0133561725483934
0.0231398492547377
0.0168027819823153
0.0109677920639801
0.0214851596784617
0.0301435439845865
0.0128870574617854
0.000689926021540442
0.00784812341922621
0.00755877636668267
0.00548737313209978
0.0241725983962772
0.0269998284249708
0.0289070925392972
0.00525891931012107
0.0251332334464598
0.0144449288477529
0.0153495709753877
0.0157639413494007
0.0192436429611533
0.0371636609718109
0.0215208019031962
0.00684693740348998
0.0323739269467946
0.0134607414822337
0.00850428668469558
0.0153071381073194
0.00845835230005859
0.00845835230005859
0.00845835230005859
0.00823029144918952
0.00748910570192526
0.00986734405058962
0.00264984462915873
0.00774359187186112
0.00495954769824276
0.011881730045349
0.00566065483137688
0.00821646477135764
0.00153680668233433
0.0054324203791118
0.00375511172387187
0.00364728651597951
0.00680494928776168
0.00680494928776168
0.00310791792694903
0.00253341036024664
0.000124219596932263
