0.411438200019824
0.488388758996749
0.287580631062283
0.230396771809975
0.312556628782867
0.279009876811068
0.192852160570687
0.220673830880541
0.220673830880541
0.220673830880541
0.315964846009694
0.184418464950788
0.167412152476653
0.167412152476653
0.260766998350234
0.285925785503927
0.153000601820424
0.314659475760185
0.314659475760185
0.237430380439178
0.242431296962828
0.242431296962828
0.20707088953713
0.151744743548339
0.125974486794171
0.17564791791175
0.128376024422962
0.262444359870632
0.200379661937268
0.197543127078631
0.111650067625495
0.135245666936222
0.137590703764767
0.180929958867743
0.120242254038918
0.138580505780552
0.229381277056188
0.182251369954342
0.0281684655833088
0.0281684655833088
0.244236544630063
0.21375284696485
0.0753255595583469
0.161295678913709
0.183321407598413
0.131170083333329
0.134235058206728
0.134235058206728
0.185493405995283
0.100011754095474
0.157367802020778
0.0885635822441268
0.0492065906757623
0.0967561689446706
0.120806787207977
0.183459751109136
0.0990568032456144
0.153234620982549
0.0993919220061279
0.151609102494902
0.161614396736859
0.162163391910678
0.162163391910678
0.15897327932155
0.0736172882850289
0.0372780830308148
0.165721489933941
0.119196104381984
0.0640438697142459
0.114099383795145
0.0894991361238573
0.125527896098445
0.085817852215522
0.154496492000005
0.152735537745074
0.058554544798229
0.122868564425595
0.0921621507414166
0.0599815485507546
0.0335973464047395
0.14439649810339
0.100247815464605
0.117668489768688
0.0702496000594567
0.19924930501888
0.140764967392585
0.0308414351073297
0.0720942041204914
0.141446595306485
0.117456247247145
0.218691240694889
0.103352285066116
0.115376659893949
0.143018655402706
0.112484903748295
0.112484903748295
0.112484903748295
0.138271047257399
0.0748336054056667
0.149074426779305
0.062260429472453
0.131738199488828
0.111465585463317
0.117103515635278
0.0641215216178132
0.0837303430908268
0.0143837321865525
0.150716948901787
0.0965740761904688
0.114942123501395
0.0996419266105157
0.179768790220031
0.0972118539846587
0.0972118539846587
0.078164478478374
0.111980603368001
0.0993961742221358
0.0993961742221358
0.109068229653753
0.0906957599491464
0.130592554742532
0.125569756883431
0.0554328336111839
0.0488939600046632
0.0280882083940246
0.0729236078578354
0.103753845058852
0.0939892018856708
0.0403515504937361
0.0900424085172285
0.145050832924698
0.0871535258609315
0.0871535258609315
0.0882160887813527
0.0853636168440321
0.144700202808094
0.0377305157826685
0.0583094268470872
0.0803920639428394
0.0748496701849524
0.101707481835769
0.06122000976223
0.0669512395623396
0.125249979617029
0.109760865985065
0.112095778558617
0.100583671962957
0.10695295651405
0.102436225196743
0.0804283164821349
0.078495567925529
0.0744076148525665
0.0321704484241633
0.0457938418364532
0.0908208581350539
0.0908208581350539
0.117591073223932
0.0750591926135474
0.124104118283164
0.0639623131903834
0.0657419641228327
0.0657419641228327
0.0557281859083055
0.0557281859083055
0.0405166031665184
0.0440979674897477
0.137567823806881
0.08622454159734
0.0620071258998301
0.0770594502654845
0.123683608473286
0.0426764005672675
0.091629147468074
0.0385385190592037
0.105488039169684
0.0767659997026416
0.0975227505110199
0.0887225111896701
0.0887225111896701
0.0514460618963922
0.0567082411424085
0.103265090419848
0.0514874844554182
0.0831481519208129
0.0666372211916653
0.0743817172591074
0.0988146536713875
0.0988146536713875
0.0183207715069872
0.0585585463351401
0.0346993921828597
0.0294663200480717
0.109879880809567
0.0397829815335551
0.0351577463355114
0.0228473599847134
0.0333419042448596
0.0174471325015613
0.070123031972001
0.0445232148274762
0.0638985717980048
0.0652766741761759
0.0410944437846428
0.1211638253055
0.077569601788879
0.0823441851081546
0.0808447898882854
0.0661186131355667
0.102318114780982
0.0777417564904369
0.0791608116949773
0.00285028381825239
0.00285028381825239
0.0913127631708436
0.0716798397080286
0.0606098883685375
0.0463905377645362
0.112206201660961
0.0253811477582001
0.0459978330149294
0.0306385109792792
0.0784064862506895
0.0796805572925048
0.0278311974415354
0.0696282645132797
0.06855042169023
0.06855042169023
0.025384491256167
0.0540764284235579
0.0540764284235579
0.0770698107811929
0.0701913468722967
0.0962826292823842
0.0463144931488089
0.0161845991470705
0.0362271646228909
0.0145765185404725
0.0345875255872117
