0.44078899180007
0.182817510627191
0.163941173518045
0.226739069850534
0.272716944789426
0.260086965777733
0.273539037569492
0.261795675588779
0.234668015414333
0.16936559344637
0.340103025104295
0.340103025104295
0.340103025104295
0.246676268833726
0.12108921756855
0.275805979253694
0.192478103964995
0.191836081285583
0.283565268708907
0.223294628095557
0.201451759118733
0.235593177254124
0.327102803738318
0.226832581904094
0.230283980618996
0.268099509719081
0.281365004366268
0.119699874317951
0.172324393355807
0.267547709144275
0.120831586534298
0.076036911855336
0.125412505854634
0.321468833199995
0.163180698652557
0.256847020587928
0.140375944080043
0.252408600977102
0.248553674680871
0.248553674680871
0.19461030712807
0.15089837861615
0.121251288881482
0.145201099256911
0.196242785351466
0.190429821060025
0.172254193774494
0.156811615388747
0.168543185104285
0.073419678702455
0.144453143077495
0.205148476309971
0.122248335805417
0.19081010143859
0.262245850316026
0.21483182190471
0.124984600488313
0.0900454796333126
0.128740638131727
0.128740638131727
0.177267881703712
0.0897381720057291
0.107537889363444
0.103737167893537
0.086540069772284
0.102689223428536
0.0984894856404553
0.137451858089688
0.158580741237274
0.168345478770941
0.0732544301433181
0.0652650535382085
0.121545513119422
0.0614050027476596
0.111449001122765
0.140751562446043
0.101833506919267
0.159687259542803
0.127790882833994
0.127790882833994
0.173573038972164
0.181680442892785
0.110351171567187
0.112768214189191
0.133412960380988
0.142776759358807
0.142776759358807
0.0842371929985337
0.0940618232541758
0.15663631964845
0.187240900887155
0.105773252327626
0.123165310133512
0.139968527037702
0.0803940461022388
0.0803940461022388
0.163213967200079
0.0707390547790282
0.146622850246155
0.171196926471329
0.116888642231018
0.0397168894863209
0.0493507264857578
0.0947688249804725
0.0702726920520591
0.0702726920520591
0.148284046268005
0.193553490505126
0.0942782971545718
0.138260446206176
0.0682149242117729
0.199474019897187
0.181052388177019
0.117231706395634
0.107591045405163
0.205646772802298
0.0991805840457093
0.147130732074789
0.147130732074789
0.0982467973549863
0.0668708981127797
0.122879272335434
0.189218171838913
0.17287415856187
0.097284740078635
0.117431435061594
0.101403259015897
0.100111266869307
0.181004042111332
0.0889211567278608
0.0968993319562988
0.0839499090913425
0.117831175802191
0.0517928500267075
0.12596020131296
0.0774846658953032
0.0961934185504723
0.100573959804194
0.129845526895271
0.129845526895271
0.0699265570703021
0.100914414144392
0.136750924675768
0.108596924388656
0.0927322916287052
0.0672461704789573
0.139908853907995
0.0758197488208245
0.0635552356735736
0.09466819827317
0.0954217209153449
0.0701773369828291
0.146538993712834
0.0662506118190409
0.0944640684001639
0.0701073287513245
0.099031337072944
0.0350258550157901
0.145288033491877
0.0924361089584829
0.0983828411545487
0.0684352872887041
0.156923704082954
0.17233313778275
0.110476441015272
0.0923519408662824
0.0563993515763556
0.119742759207474
0.117548330912587
0.0649417588603614
0.0785270928256702
0.083272547578193
0.0911876407248959
0.114111273911798
0.10603833516993
0.0386860764690342
0.109375321675527
0.131324408864293
0.0542081366477867
0.110140683866398
0.0858386997050777
0.0615783285657035
0.0675114635185739
0.0816954307454028
0.117284313875814
0.0685045143575426
0.0820506532012398
0.12009640848433
0.12009640848433
0.127085837375811
0.0272280795661314
0.132332112905673
0.132332112905673
0.112827323009959
0.141532839325231
0.0729236381576147
0.0920847809574968
0.0860275271734052
0.0793406230133592
0.130646465807167
0.0484268819749193
0.067590809575811
0.116215173261162
0.0516447969973029
0.0914944806305355
0.0603655717689454
0.102965361550411
0.0611688919739647
0.0382262099406877
0.0642907883068951
0.0816993178925167
0.103713251066569
0.126584667467626
0.114534127551117
0.013443135195085
0.0733598233467704
0.0180721110238409
0.0363261290288867
0.0723372095757155
0.0630211114726551
0.0861011431333962
0.0438649331973777
0.0315517049938695
0.0403601399719508
0.084985072002908
0.0746604309020705
0.0694731265522142
0.0262945726246415
0.0693596059113301
0.0337909422246385
0.0844313933942667
0.0461123279088897
0.0537794173306479
0.0426766629926858
0.0337094637759957
0.0607657354547888
0.0634337316928506
0.032513435949152
