TARA_148	TARA_70	TARA_76	TARA_78
1721452	53	14	17	17
1903642	50	18	17	21
2304241	81	23	21	30
796003	56	22	18	26
2738070	92	27	32	35
439211	72	23	25	25
2208031	49	21	16	17
1742482	71	23	30	28
1190844	102	33	27	32
1714206	75	15	26	18
2030826	59	17	15	27
2673997	45	13	16	15
2013534	72	14	31	17
2469263	56	23	17	15
285293	44	15	22	19
2555432	54	26	18	16
2767179_1	94	25	18	28
2767179_2	94	25	18	28
2120970	47	15	19	24
1970888	95	28	19	32
2932135	52	12	19	18
2858204	76	19	33	33
1258609	46	18	19	17
842466	53	17	28	29
2226089	67	18	15	29
1296531	68	21	23	29
2794561	58	14	15	30
1859008	78	29	24	26
1629208	89	27	29	39
2235187	67	23	24	26
924409	79	25	30	26
1933967	55	13	25	25
2884010_1	75	22	23	22
2884010_2	75	22	23	22
827292	49	22	21	23
2038469	47	21	15	24
2024819_1	83	27	29	40
2024819_2	83	27	29	40
379990	45	12	19	21
2736928	44	20	21	24
1464209	86	17	14	20
2579224	86	25	26	41
1876705	93	23	34	35
2721951	73	18	13	28
2591673_1	60	31	18	28
2591673_2	60	31	18	28
1401348	83	21	30	31
1375153	106	22	19	34
746148	76	26	35	38
1779856	56	13	20	25
1694842	94	27	33	26
2174601	85	21	17	24
2174964	67	15	27	17
1377010	117	33	33	41
929405	49	17	22	21
2567354	83	15	22	21
136388	86	25	31	27
2182521	68	30	21	25
662143	99	32	20	29
2865933	94	23	23	21
2196675	57	11	22	23
928746	76	22	31	30
2146522	80	28	30	24
1430562	77	18	30	30
287068	79	20	27	27
1719121	69	19	23	23
2025757	61	14	20	24
983039	113	30	31	33
2585675	84	20	29	24
112535	87	16	21	22
2818192	92	24	25	16
1654602	78	22	21	18
1118199	106	32	24	35
2753018	46	19	20	22
1743753	77	30	17	21
1256447_1	53	17	18	27
1256447_2	53	17	18	27
1279339	108	22	25	39
789848	91	22	27	35
2315590	105	31	32	28
1761476	70	20	23	19
1273828	51	19	21	17
605945	112	23	24	35
1125969	74	19	34	21
1283152	105	33	25	31
2028768	87	35	29	29
2874349	91	29	25	39
2175580	77	26	30	28
947933	99	23	24	22
1814647	91	18	18	28
236260	82	18	35	20
985514	69	30	24	26
2342027	46	21	19	16
1618089	47	20	19	21
1660669_1	54	16	26	17
1660669_2	54	16	26	17
1713999	106	27	37	33
1320724	82	27	19	25
1617735	74	24	23	23
2899826	53	21	16	18
2218005	83	30	16	23
938048	105	26	18	26
1809361	49	12	23	17
722479	81	18	15	31
292642	46	17	23	25
1840912	51	24	28	25
1608048	89	33	34	28
748568	74	23	24	31
1962898	43	15	24	25
2845688	56	21	14	17
2628932	85	22	17	24
2013778	71	17	23	30
2151268	48	23	17	23
2005475	61	26	23	25
2347153	87	15	24	22
2166521	83	27	27	29
240127	60	21	13	26
1066055	80	16	16	24
1883358	91	27	34	36
1326683	102	27	25	29
2488036	81	20	35	21
2214616	67	27	28	20
2738548	70	13	37	25
1417049	101	28	32	36
2900047_1	55	13	25	25
2900047_2	55	13	25	25
2900047_3	55	13	25	25
1885006	87	28	20	29
2578265	45	15	15	25
283032	99	29	22	26
2220985	86	20	19	30
2830927	62	28	18	31
2558357_1	57	18	17	28
2558357_2	57	18	17	28
1553805	75	24	18	22
1638815	106	19	32	27
910041_1	89	21	16	28
910041_2	89	21	16	28
1027763	52	20	26	25
2183325	91	28	30	29
2870468	86	20	27	24
2865089	76	24	23	27
2872549	61	16	21	26
2015089	58	23	13	20
2540170	91	23	14	26
2482499	74	25	30	24
1628736	61	21	25	20
2588907	43	21	30	27
813101	95	30	27	34
728058	85	23	24	24
1576615	90	21	32	29
2805848	61	20	19	23
932562_1	86	26	31	30
932562_2	86	26	31	30
1558584	47	14	21	19
621495	96	31	35	38
1823120	85	19	19	22
1575222_1	102	33	34	28
1575222_2	102	33	34	28
1260895_1	73	30	20	21
1260895_2	73	30	20	21
2029344	65	22	30	30
2784018	59	17	17	25
2161319	80	25	32	33
1214391	89	17	14	26
2183542	67	22	14	30
2483062	86	18	21	22
1710460	86	16	21	20
2013068	74	12	26	25
1280719	62	13	18	14
2452841	82	25	27	25
2879882	78	20	33	26
1187956_1	117	32	26	25
1187956_2	117	32	26	25
1913492	97	28	26	38
2347311	93	22	24	27
2234578	62	19	17	26
2352848	67	32	26	28
1742727	72	19	19	22
1356408	84	14	20	27
1151948	85	32	35	29
870111	106	22	17	29
1896050	102	20	35	39
1648920	71	29	19	25
1768078	112	30	16	35
1718821	90	25	13	29
1776019_1	59	16	22	28
1776019_2	59	16	22	28
2090749	90	35	24	35
1595928	96	33	32	34
1907119	64	17	25	23
273440	68	24	19	28
2467125	54	22	21	21
813192	68	22	17	15
1826657	69	21	17	26
611341	68	17	26	28
992725	45	14	23	27
2726022_1	88	23	25	28
2726022_2	88	23	25	28
2401625_1	97	28	24	32
2401625_2	97	28	24	32
918605	101	28	21	30
2855389	60	19	22	21
2053735	64	33	23	25
374900	82	18	31	20
2918367	81	14	26	20
650465	70	26	22	24
1063607	61	20	18	16
1480505	107	31	25	25
1006650	111	29	29	30
685909	66	21	28	30
1749113	48	18	17	15
2712082	79	22	19	29
1685660	45	18	19	21
280559	49	18	22	19
1752014	62	18	24	28
686763_1	56	30	20	26
686763_2	56	30	20	26
1900589_1	112	31	33	27
1900589_2	112	31	33	27
948722	91	29	36	32
2632465	86	24	26	23
2889208	102	19	23	25
1716457	75	21	31	17
1846721	77	21	24	21
2012139	61	16	24	23
2584841	96	24	24	28
2566216	70	22	27	27
2733797	79	17	20	28
2565807	61	23	23	23
1598626	59	23	19	25
696601	84	16	24	21
1329241	92	26	31	31
2730262	49	22	18	19
1478071	81	21	23	20
936199	66	23	35	25
947432	82	28	28	38
1881126	106	32	32	34
2306895	67	19	28	25
859437	82	22	19	32
773132	84	23	22	24
522028	75	27	26	23
199315	109	29	22	39
547716	87	33	23	27
1468769	117	31	31	26
653860	111	35	26	37
136851	50	17	30	22
2009953	69	23	27	26
865611	81	19	27	26
2008831	94	22	24	28
1940153	66	21	16	29
2892186	60	28	17	27
1688712_1	107	24	34	33
1688712_2	107	24	34	33
304105	101	33	33	32
1408449	72	23	20	31
1719176	70	15	21	37
2509963	59	12	19	22
2148163	59	13	22	21
2009343	43	16	16	21
758496	71	24	17	29
2376596	94	21	29	30
1384957	98	22	33	37
2652099	80	21	23	26
2028986	65	14	19	19
944382	107	30	36	35
1268442	56	15	25	17
2852615	52	24	27	25
838267	90	21	32	34
1594323	69	24	27	22
2122055	89	19	32	30
1683297	89	20	33	19
1999847	82	25	28	17
930098	76	17	30	24
554996	75	28	23	21
2104594	100	35	25	32
836856	74	20	21	18
2345732	100	23	23	33
880696	53	16	19	14
2014991	97	25	30	24
1965308	75	22	29	40
1437543	75	20	32	34
1447439	43	11	15	20
1565782	90	16	20	22
871977	63	14	18	19
1896291	87	27	34	25
2128587	73	22	24	27
1727895	77	21	30	38
926955	61	23	24	22
505851	86	30	24	34
1242646	75	11	31	27
2044277	99	28	20	32
607935	78	22	26	36
556004	80	26	35	35
2938906	75	24	20	33
1843677	61	13	20	17
685419	77	22	23	25
1349196	62	17	23	25
1335740	83	24	29	18
1932277	52	16	17	20
1256318	94	18	22	22
2346603	90	29	32	31
1616297	98	24	15	29
2469229	77	27	18	32
932377	90	20	20	25
944198	45	19	21	13
2072697_1	86	17	25	27
2072697_2	86	17	25	27
754899	78	26	23	19
1503890_1	78	18	25	28
1503890_2	78	18	25	28
2391411	92	25	27	37
2579199	94	23	25	39
834598	97	18	29	29
2208485	75	17	27	28
1742139_1	85	29	26	27
1742139_2	85	29	26	27
1957087	89	27	24	31
1260154	106	26	15	33
754078	74	23	18	31
1846217	74	20	20	22
1650797	68	21	13	31
2922302	79	20	27	24
1740231	111	34	33	23
1325457	100	22	25	27
1312286_1	69	14	25	17
1312286_2	69	14	25	17
344002	77	19	25	38
2920256	107	28	22	38
1554263	64	18	25	27
2777226	108	23	23	34
1231108	69	22	26	34
1135471	68	11	31	16
794304	106	25	19	38
1652163	56	12	21	17
2463027	108	32	33	34
1461266	98	32	24	23
236129	64	29	14	22
2346904	61	17	20	22
297711	45	17	19	20
2796338	77	26	29	29
807336	56	15	13	19
1221291	78	19	21	31
1587956	46	18	31	24
927203	112	23	25	41
2074099	73	23	27	28
826873	84	20	20	27
2129735	84	17	27	28
1467346	110	28	27	32
2919516	111	31	20	35
333650	97	25	21	25
1305885	86	20	18	26
1609425	66	11	16	20
1913661	71	32	28	27
1150806	92	22	31	23
1382985	108	24	25	35
1384451	49	13	19	25
1349308	52	19	27	22
1299718	80	24	20	23
2658590	45	17	22	31
508592	110	24	33	31
2219020	86	16	22	27
1469328	89	32	29	32
2674588	105	31	28	39
1782983	52	15	18	27
2017272	64	25	23	24
496704	64	12	23	19
2904646	62	18	23	27
523110	107	24	21	28
947593	88	25	32	26
2067289	67	17	23	23
1612196	92	19	17	24
130856	46	15	22	19
2282012	102	31	37	36
1221818	74	11	27	20
1851684	94	29	32	34
1614856	79	27	29	33
2731758	72	18	17	17
1739919	70	17	27	18
2237011	93	26	24	30
2033746	74	26	32	31
2734157	53	11	19	15
2582128	74	27	18	25
1925132	68	22	22	20
333825	75	21	28	13
1527991	72	19	21	33
2586850	73	19	36	23
1270360	95	23	25	22
2770207	77	23	21	26
2024282	60	20	18	26
217062	90	31	33	28
1782647	68	25	21	33
2876762	79	20	31	27
1573404	95	26	20	20
1570562	104	20	36	40
2513460	77	28	27	29
2919970	90	25	33	37
1773346	63	13	14	15
2907110	74	22	31	19
2197956	74	16	21	21
2942376	87	32	30	29
2291611	102	28	36	40
2168486	73	15	25	22
2906440	102	32	25	34
1382916	72	16	27	13
642309	68	19	19	16
1006136	75	20	21	26
2739790	95	32	23	35
1492800	74	15	29	23
1585069_1	80	26	35	28
1585069_2	80	26	35	28
753066	71	13	28	20
1405524	111	22	33	34
1061993	106	27	23	25
2703943	60	19	17	27
2512571	68	15	20	20
953313	71	23	18	31
2310287_1	87	22	33	17
2310287_2	87	22	33	17
828233	54	19	25	30
2914991	76	12	19	29
1768519	89	26	37	37
557568	65	21	31	31
2730411	88	19	29	26
2835228	63	16	14	18
2516422	80	26	16	29
729739	109	33	29	34
1539900	103	24	30	27
2175232	66	18	23	25
1573197	82	18	28	31
1586299_1	107	22	28	37
1586299_2	107	22	28	37
1385328	45	22	17	22
2929007	87	22	33	26
797996	64	19	21	25
1262097	90	23	33	34
770074	66	22	25	24
838296	90	25	27	27
2722490	114	31	24	32
1924381	68	23	21	24
1515207	104	29	29	40
2815199_1	77	23	34	37
2815199_2	77	23	34	37
2815199_3	77	23	34	37
2914379	63	13	23	25
1934527	56	22	30	23
1697982	87	18	25	28
1529411	64	15	15	18
1295768	55	11	23	20
818404	77	19	28	28
2715983	56	17	25	19
2591224_1	110	28	22	39
2591224_2	110	28	22	39
2528396	92	24	27	24
2376342	48	15	18	17
2587442	112	30	30	25
2232190	94	22	21	26
342426	105	26	30	26
1808771	81	20	22	30
1868490	63	19	19	18
1521756	67	14	13	18
2941973	74	14	25	19
2718393	70	12	28	18
1511324	68	27	24	22
1788278	46	16	15	15
1628401	80	30	32	26
1295106	67	25	18	23
2547041	64	19	25	17
1761810	70	16	18	21
2724562	109	27	31	38
2191869	74	19	23	35
1671027	65	24	23	26
2006588	67	21	20	25
2066561_1	78	27	18	23
2066561_2	78	27	18	23
98931	72	23	23	28
2668593	82	19	20	34
1792155	107	34	29	29
2589584	86	25	29	33
1246806	93	22	26	30
1861680	115	31	33	33
2488162	106	21	35	29
2076522	98	26	23	24
1775012	110	25	27	35
2824318	99	21	36	37
2237688_1	69	22	22	18
2237688_2	69	22	22	18
1199692	84	23	29	28
2431030	80	20	29	28
2738544	67	11	27	18
1169035	79	24	25	27
1469074	86	23	29	34
1479210	107	21	17	31
2150257	105	29	34	28
2005495	93	19	19	26
1933040	79	27	26	29
1301690	107	25	16	26
1654835	75	22	20	19
2519089	58	21	20	27
2928610	70	30	19	24
1742230	102	30	31	29
1617295	98	23	22	31
682554	58	14	24	27
929232	66	22	21	21
1610270	59	18	27	15
2236897	68	18	17	16
1344730	65	22	18	27
1778857	103	23	24	32
1584301	71	20	21	34
1286938	78	16	28	25
764480_1	92	33	25	32
764480_2	92	33	25	32
1697875	90	26	23	30
1265726	97	23	24	26
1538658	76	17	28	17
348705	106	25	18	28
2488305	89	28	26	28
2894421	65	25	19	25
2183699_1	67	24	14	24
2183699_2	67	24	14	24
1988917	102	31	21	34
2747056	93	20	21	28
2412766	65	22	25	23
934019	85	26	24	32
1277661	88	32	29	32
1457541	89	22	21	27
1009018	97	35	36	35
121407	99	35	33	24
589465	94	30	28	23
2042717	88	25	29	30
2789937	66	19	29	23
2156676	69	20	23	24
2661822	76	27	31	37
933478	64	22	27	22
838505	73	24	33	39
932533	94	26	23	25
2915425	75	22	25	26
1619947	75	19	33	25
1786859	79	26	27	23
2228013	99	24	36	38
267424	86	28	23	31
327188	58	17	27	24
2175158	99	33	28	30
932869	67	15	15	27
1139822	113	31	32	23
2199929	101	21	33	41
2161187	82	17	22	29
969979_1	55	17	20	29
969979_2	55	17	20	29
2516107	86	29	24	26
2207159	87	32	24	31
773017	86	22	22	20
918246_1	73	26	25	36
918246_2	73	26	25	36
263244	81	16	25	27
926231	47	17	18	16
1984373	76	29	29	30
2857140	83	19	30	39
605754	84	26	22	26
757900	67	26	18	26
374986	84	23	25	21
2810017	108	24	32	29
597943	109	23	32	37
64752	72	17	20	27
1737411	48	20	26	27
802847	91	22	30	21
866602	53	13	22	23
1036732	110	25	35	36
2519697	83	20	21	19
666552	56	20	22	23
454637	50	12	20	13
1825354_1	66	21	30	27
1825354_2	66	21	30	27
2913601	70	20	17	25
1812549	47	13	19	18
621242	88	27	25	21
2919627	97	28	34	32
1851834	61	19	25	18
2075295	84	30	28	26
446020_1	80	13	35	19
446020_2	80	13	35	19
446020_3	80	13	35	19
2589839	64	11	15	17
1404296_1	81	20	22	36
1404296_2	81	20	22	36
1174680	95	25	28	24
1426415	72	20	20	23
1613458	65	19	16	24
2180351	82	30	15	26
647391	88	15	29	25
1480107	70	26	32	36
1179607	104	24	23	33
2892994	109	27	34	36
1586687	96	32	30	35
1552487	107	23	31	28
1965638	98	32	28	29
949346	90	25	32	31
538773	109	23	34	32
2569384	90	25	25	31
784250	78	13	17	30
1378783_1	85	28	31	31
1378783_2	85	28	31	31
1619103	76	19	26	24
811080	69	18	22	16
789726_1	72	16	30	15
789726_2	72	16	30	15
2151165	98	31	27	26
1245892	70	11	16	22
1597010	102	26	19	31
1907466	84	19	27	24
403228	65	29	20	27
2234225	64	17	23	13
1941350	48	20	28	22
2922491	69	16	28	17
1884740	113	30	31	25
2807305_1	86	22	31	20
2807305_2	86	22	31	20
1520873	86	20	25	29
1742510	87	19	21	30
1168556	85	26	28	22
1907103	83	23	22	34
1336293	90	25	19	26
1906663	95	30	34	40
2195528	80	20	30	39
2336455	63	27	28	23
1307593	80	18	32	22
2874174	71	21	23	21
1821466_1	107	24	23	27
1821466_2	107	24	23	27
2781874	67	19	32	24
951178	59	24	23	22
1892355	67	22	28	23
2859738	78	25	31	30
819014	81	23	28	38
1590589	108	34	31	21
2491743	97	32	28	32
2144303	80	16	14	36
927058	106	33	21	37
321522	80	20	36	40
1695400_1	52	17	22	21
1695400_2	52	17	22	21
2942229	73	28	36	37
2834669	93	19	32	34
288024	117	31	23	36
1644843	62	23	20	28
1740253	69	23	21	35
1131742	69	16	20	27
1619619	93	19	22	23
2547562	82	26	17	22
322426	58	16	27	20
2812795	109	24	30	28
2172947_1	54	12	14	14
2172947_2	54	12	14	14
1733592	62	21	30	15
1320278	89	32	18	33
2548537	59	12	15	18
830361	85	30	28	29
2553336	103	27	32	34
245190	104	20	29	30
933258	80	22	26	24
1312402	73	25	32	23
893602	73	21	27	32
1760613	102	26	36	36
1785119	95	35	25	28
2162574	104	30	29	23
91295	63	14	25	24
2910482_1	91	28	26	31
2910482_2	91	28	26	31
1563325_1	51	22	29	19
1563325_2	51	22	29	19
2210649_1	68	31	19	24
2210649_2	68	31	19	24
2148692	74	17	28	22
2918897	103	27	29	23
2757632	80	19	23	29
229429	87	28	32	26
2313809	99	27	35	30
2175904	84	21	28	31
2725733	118	31	32	37
2882136	75	17	37	18
2636458	90	17	36	32
2544147	101	34	36	30
1614365	97	24	29	25
1708592	83	20	22	36
2018046	86	25	26	30
2192204	107	27	32	30
2147233	103	30	34	35
2575035	75	14	33	17
1266353	75	19	28	22
2806426	82	13	25	21
1710982	95	26	33	30
1053420	81	23	31	24
2022360	70	21	27	27
2103563	50	23	29	24
2737164	104	29	35	24
1704249	57	18	22	21
2089941_1	108	31	21	36
2089941_2	108	31	21	36
2343801	112	35	26	33
2438298	92	28	28	34
2182311	103	24	20	29
1477468	114	21	31	31
2736515	68	23	16	33
977670	108	29	21	33
1538276	73	16	19	16
2070936	59	16	27	15
2843314	91	27	24	32
1214490	110	33	33	34
1700811	96	22	26	28
2723169	105	32	24	29
1138159	68	19	36	23
2823638_1	67	16	27	16
2823638_2	67	16	27	16
2823638_3	67	16	27	16
2724823_1	104	29	31	23
2724823_2	104	29	31	23
2738432_1	103	20	36	40
2738432_2	103	20	36	40
2487917	89	13	21	24
921851_1	107	22	18	32
921851_2	107	22	18	32
2474375	111	27	19	32
2849111_1	61	17	30	20
2849111_2	61	17	30	20
908470	70	20	33	20
2167904	90	25	23	34
2226232	90	26	28	40
2737597	81	16	23	18
2179917	82	18	27	26
1394873	68	16	25	26
705849	82	28	31	26
1932928_1	65	25	18	20
1932928_2	65	25	18	20
1715782	89	31	29	31
2909625	105	32	31	24
2167760	90	21	22	25
2329093	74	18	32	14
2872615_1	59	14	25	22
2872615_2	59	14	25	22
1764005_1	115	29	33	34
1764005_2	115	29	33	34
2787287	91	30	26	32
1611916_1	106	35	31	33
1611916_2	106	35	31	33
1830474	89	17	32	27
2217081	76	17	20	31
1776507	112	30	27	30
2797145	89	24	36	31
2936511	65	17	29	17
1320640	65	23	20	24
2689797	89	19	33	26
2145734	96	21	27	31
2893005	99	23	19	21
944740	102	29	30	34
1022286	64	25	18	26
1820135	107	34	23	34
2323107	86	12	25	17
1604766	103	27	23	28
2193862	76	20	30	34
1751279	85	19	21	27
378768	104	21	24	23
2543832	120	27	36	34
2564727	57	26	21	26
1888382	74	14	34	32
1853582	79	20	34	26
2015971	103	22	23	34
2583150	68	14	34	22
2009055_1	85	18	24	22
2009055_2	85	18	24	22
2089047	78	33	32	26
2917461	89	35	26	28
1698744	82	22	27	19
923317	113	33	23	34
2624595_1	75	20	27	25
2624595_2	75	20	27	25
643213	105	19	21	37
2237002	100	35	24	34
818481	97	35	24	25
634736	70	17	30	32
2920332	107	25	23	27
930606	71	24	25	34
2870027	107	23	18	38
1222844	63	21	14	24
1957988	71	20	16	27
1631663	76	22	30	26
2512687	66	18	20	26
2823690	88	29	21	25
1818031_1	79	19	36	22
1818031_2	79	19	36	22
240942	67	17	15	31
1651799	56	17	21	35
2185994	81	17	17	32
1402575	65	11	14	17
2893068	86	32	24	31
1697734	106	29	37	25
1819879	65	24	23	25
2502658	47	26	28	21
924136	82	23	32	22
923782	76	33	31	28
1822686	52	12	21	19
1905116	81	23	21	29
1701171	100	27	24	32
1636964	74	17	22	24
1999483	93	23	26	29
2227642	72	18	18	24
2515846	91	24	29	31
2198444	65	20	23	23
1260587	87	30	33	29
220969	85	34	32	30
2893019	117	27	23	33
2685446	48	14	28	19
1836629	91	18	31	35
2585630	89	24	28	36
2938376	93	30	26	26
822483	88	24	30	28
1637186	96	28	27	21
2914366	65	16	18	17
2224200_1	82	28	25	35
2224200_2	82	28	25	35
2022078	74	18	28	22
1859861	53	12	23	20
865104	67	24	18	18
2836008	72	16	22	24
2840227	51	15	19	17
1676425	110	34	35	33
2182446	85	21	26	24
557557_1	85	20	27	28
557557_2	85	20	27	28
2888693	69	18	18	14
2824921	97	29	21	27
1851971	56	20	24	19
2509763	118	28	25	31
1855057	72	23	30	30
1150908	92	23	25	19
2898388	75	17	32	24
2157619	75	22	29	37
1170251	100	28	34	31
2737976	76	19	30	40
124631_1	74	16	28	27
124631_2	74	16	28	27
124631_3	74	16	28	27
924746	117	29	31	30
132593	68	17	34	22
864442	78	23	29	29
1611964_1	93	24	31	20
1611964_2	93	24	31	20
1990825_1	87	21	22	26
1990825_2	87	21	22	26
605365	69	20	22	22
1768828	71	20	20	28
1260276	79	16	22	26
651765	104	25	16	31
2090144	51	16	19	17
2014405	85	22	26	25
2768041	77	16	24	17
2811391	87	21	24	27
798591	63	14	27	15
2676429	92	23	28	21
1983183	91	25	26	22
2222003	91	26	30	31
1735512	106	28	20	29
2724037_1	117	28	35	34
2724037_2	117	28	35	34
464194_1	63	14	21	18
464194_2	63	14	21	18
2178505	76	15	27	26
2624497	60	16	15	19
2609563	93	23	20	25
1934743	76	26	21	37
2487608	65	22	30	29
1981743	89	26	24	26
1275515_1	98	25	34	36
1275515_2	98	25	34	36
2019371	77	27	23	28
1242035	81	21	21	29
1653428	117	30	20	32
1405447	72	15	16	22
1262723	109	29	33	32
935680	91	22	19	27
830348	70	25	25	32
714412	77	24	34	41
1655715	107	32	29	28
2163354	119	26	32	32
1932119	90	29	22	33
2226781	107	29	16	29
494319_1	111	32	30	35
494319_2	111	32	30	35
1494568	91	21	15	25
2015002	104	27	30	26
845034	101	34	24	31
641937	79	20	23	26
2575303	81	26	27	17
599189	67	23	21	27
2527264	47	22	30	24
748131_1	77	18	22	27
748131_2	77	18	22	27
1521062	89	19	15	21
2189049	97	20	26	27
1820447	102	35	32	32
2206849_1	114	28	30	28
2206849_2	114	28	30	28
1866333	78	18	28	28
2215594	85	30	21	30
2576894	110	26	32	34
2904037_1	120	29	30	31
2904037_2	120	29	30	31
2904037_3	120	29	30	31
656665	105	29	37	34
2006942_1	75	25	17	29
2006942_2	75	25	17	29
2207214	60	23	22	15
2924009_1	87	19	27	35
2924009_2	87	19	27	35
2587103	75	23	29	23
2916105	110	22	25	25
1150825	78	24	35	38
2158673	63	12	19	20
2013928	107	22	27	34
1536547	105	22	36	35
1173859	101	34	35	28
2063807	63	21	28	16
2809621_1	82	24	26	41
2809621_2	82	24	26	41
2186710	96	31	33	28
1699369	67	20	24	21
2508068	93	23	20	26
1955905	106	23	24	27
2574318	57	20	27	19
2091714	69	26	29	24
2845709	68	14	33	24
1761573	83	26	26	26
753195	107	26	25	35
2718663	102	34	27	28
894009	91	25	28	34
2118960	66	23	23	29
2561835_1	97	35	34	32
2561835_2	97	35	34	32
792544	103	29	31	29
1398645	94	26	28	28
1128250	112	35	34	32
769371	117	33	31	38
1342000	100	35	37	29
434698	106	25	32	26
