0.79609315386259
0.678362573099415
0.581242937853108
0.346775872384038
0.500343269499529
0.343500142116532
0.505747126436782
0.355719283918459
0.152671755725191
0.351551637010788
0.364668643665231
0.468146621205558
0.482490272373541
0.360962529495708
0.463245444715453
0.259422025802364
0.223453810539269
0.223453810539269
0.321253665395424
0.245810055865922
0.30441672861872
0.288066875653083
0.271045978810514
0.198019801980198
0.34008097165992
0.259085301828875
0.256880733944955
0.274239137024995
0.467732312548585
0.129994899637575
0.24935820838768
0.303605533371817
0.155349597394605
0.155349597394605
0.339859158191495
0.199927624397279
0.231702264061038
0.231702264061038
0.195758151313706
0.0696467368490428
0.0768101249583974
0.276893355463462
0.263610315186246
0.374531835205993
0.368981203946017
0.368981203946017
0.124223602484472
0.106537530266343
0.200335427909445
0.349514563106796
0.131868131868132
0.372990353697749
0.189121317052837
0.252144654294245
0.220828866742242
0.215873015873016
0.293618589284795
0.25
0.148502520173362
0.334293948126801
0.108108108108108
0.304667458727423
0.243191602016621
0.205486113781948
0.0778532834729782
0.332925297764618
0.108854127293602
0.311445327496318
0.144445856854626
0.347121253836496
0.242721540913185
0.122059166084324
0.126520681265207
0.0725066593429406
0.128849563657865
0.233300196848447
0.233300196848447
0.194174757281553
0.095126472685667
0.220374090674453
0.163086091280242
0.220173870803013
0.0205347650085875
0.120454518363966
0.264867725186343
0.174151148800945
0.198453207258538
0.188760520762466
0.0935655253837073
0.244088556308848
0.111765177939375
0.22182609240015
0.0981464888075145
0.180145401961668
0.125081428005792
0.125081428005792
0.132625624887968
0.109936963730764
0.0312444985907281
0.26028130808387
0.344571303584721
0.160062878542698
0.242956509352117
0.0883280757097791
0.190471023774456
0.181199458652066
0.178255672024093
0.226296456331568
0.134232019828409
0.265958487381756
0.181370674362465
0.158064718339225
0.169025746511288
0.143799898472472
0.260784523710082
0.21281829731708
0.05962573974016
0.0646392492602903
0.191652218040343
0.155073361780934
0.0285092777287396
0.212180650035885
0.124446909127244
0.143589743589744
0.128936891778081
0.128936891778081
0.128936891778081
0.216659746125447
0.116201021782348
0.272006018188162
0.269668572907138
0.142937602675339
0.208271522691259
0.208271522691259
0.199675977168917
0.0584089154873057
0.0476725263554848
0.0476725263554848
0.0647758144080618
0.0621314876289799
0.145812255865264
0.0811434561855066
0.177202129571512
0.256880733944955
0.273185349383742
0.243727598566309
0.0298258401253847
0.178106560914196
0.260185221433987
0.143417931297196
0.123072933460024
0.138115653144759
0.119719119366743
0.119719119366743
0.241601855496309
0.1452974864573
0.151999522081893
0.221609838179379
0.221609838179379
0.096583413474155
0.096583413474155
0.175016726829835
0.260164407909354
0.175660128831772
0.175953079178886
0.197599788959017
0.157099697885196
0.230091646444029
0.061704329086261
0.0484275602562516
0.176466405105859
0.156014934722234
0.139173579014421
0.139173579014421
0.125783481097126
0.0813512847293852
0.206571178554978
0.187084842449758
0.0746467252732763
0.2397476340694
0.18642310043366
0.106537530266343
0.0474999626238692
0.241095880089162
0.091324200913242
0.14985590778098
0.23763591406212
0.23763591406212
0.1255378966091
0.00593710411930845
0.150168683708679
0.123894685361706
0.198432083622207
0.10404322403371
0.103879492566955
0.142057931906582
0.0432966366833277
0.181057486820049
0.181057486820049
0.143853405657608
0.143853405657608
0.039250113382045
0.0759962819216299
0.145748987854251
0.196894037172193
0.10038153912671
0.0429467049665115
0.0870368718611136
0.105515587529976
0.134580399046119
0.069094165226515
0.11202069714184
0.106085187830731
0.106544143911114
0.100480019592289
0.134525292285071
0.0814788605916087
0.0814788605916087
0.186915887850468
0.186915887850468
0.138289849104466
0.124271699523498
0.0600814445007175
0.142551715378677
0.0707619010582295
0.0430605465703544
0.248084238381388
0.184121907940814
0.190306221277568
0.181242516936904
0.139558545659123
0.213166144200627
0.115714234432615
0.173428906709838
0.132438338126214
0.0905183321338641
0.229113368796508
0.044335521419303
0.0652062638363086
0.0972725437105022
0.127980738065472
0.13794863990265
0.132701087040843
0.0485067877687138
0.060816485308572
0.228571428571429
0.0716869083514784
0.0399212623542418
0.16277762928771
0.0389027030060082
0.193118045966964
0.0863651087574007
0.175333684032355
0.175333684032355
0.186963974172049
0.170092376997878
0.104830702463416
0.0181045387065256
0.15881789472865
0.174994720733236
0.120550932541734
0.0349272325345033
0.203753351206434
0.106363589584284
0.140690770779812
0.135223833980102
0.111254194998338
0.102726012255334
0.0655944400804519
0.185528116843244
0.0816788496854994
0.129310944101441
0.173750180421244
0.112393385516148
0.102277263388924
0.121835224345685
0.0308952475402705
0.0329422580050724
0.122005092668465
0.204020698583209
0.0564412139886116
0.104908675387939
0.138756500141088
0.0973048491222142
0.0287493340065588
0.162220974854479
0.117273817959939
0.107530573455109
0.109930715209938
0.128272153203079
0.0871706905455552
0.128946721558576
0.131094969408476
0.135926692072362
0.0865823256646301
0.0020300800664685
0.181088377324156
0.17631215640296
0.0792414587208215
0.035598066770485
0.0384946755034555
0.0557864342649873
0.207527038716445
0.00198781508226213
0.0717326796542385
0.0822294845883577
0.0697965682569272
0.0697965682569272
0.156127806843478
0.146179401993355
0.146179401993355
0.18185957258882
0.0660262149981919
0.0646461917568228
0.135225774293116
0.0551504694152963
0.0551504694152963
0.0214409771905799
0.204055126967784
0.0599180622979783
0.170951113090213
0.133337263018588
0.137393489725685
0.0491695815692925
0.142061255255199
0.0950568262749559
0.0950568262749559
0.0540518478147779
0.0440549095549752
0.0955712072731757
0.113649815599624
0.13658962354716
0.127207738226799
0.0566782415477425
0.0473956962623348
0.0882694065970603
0.12889775243217
0.160522048416872
0.108580753308123
0.0902150959392326
0.0927956650062626
0.108992782587577
0.0991402750868096
0.104260315769961
0.07629766765662
0.120089888843641
0.0537828885443421
0.136052646765872
0.0739853128869336
0.162120574595332
0.149732620320856
0.184714848645136
0.176501562116053
0.079789052159128
0.128036225383399
0.0935340491555301
0.0647846968922807
0.16326735215812
0.119218650243394
0.0893141108745382
0.0569184639835717
0.0175327895963933
0.158283823254535
0.0745702277932757
0.0667573866391379
0.0748939773110669
0.0858166122677515
0.0516365550553981
0.130395679542821
0.0557887321710245
0.0227954112554671
0.0376613371597952
0.127238450845189
0.0917972578991763
0.236725644474416
0.0571696206638511
0.120313684845088
0.189090909090909
0.0478679335712803
0.0659918290046269
0.0726631361979656
0.077733004991351
0.12011056288748
0.0899666652632409
0.0342283819125284
0.181313971662052
0.0649442061069272
0.0553146014917427
0.126843358411889
0.0726303419415864
0.16184971098266
0.102385110363649
0.0637538189837931
0.083750781709003
0.0194882292732855
0.120169218043377
0.122368134193386
0.0444995142567355
0.127971129402314
0.0780708872550713
0.152191416119788
0.131611655669652
0.124495858462454
0.0713072623184982
0.0411517968782436
0.0940425045599159
0.158096135202277
0.0376419380442021
0.0707949197677082
0.095649137354681
0.095649137354681
0.0545636733316026
0.0248725966262669
0.12009451633776
0.0882463473775823
0.12952380952381
0.135155046639045
0.0498411648370641
0.0498411648370641
0.108243977563706
0.0820178698160142
0.0339930860784421
0.0586010202521191
0.0463842209633977
0.102744531356349
0.0590418826501609
0.00982958507239086
0.0324975663099544
0.0664590412914583
0.132761330888132
0.106849296768851
0.106849296768851
0.0646298105616001
0.0707184157528251
0.0451183600162523
0.0811775244582523
0.030935210863011
0.0282230257298516
0.110545973360439
0.0635349034876248
0.111910034934628
0.031483797335716
0.031483797335716
0.031483797335716
0.124029713210536
0.0654973675461165
0.116856119620441
0.0914266471053427
0.0346084090984092
0.0495116164051641
0.112370979179205
0.0221755065529163
0.0221755065529163
0.115650384821129
0.0553770354389502
0.100322480225086
0.0687183441695413
0.13238291961322
0.0659159273743449
0.0322258748619077
0.148866925964311
0.10884834294378
0.0715250647498604
0.0229704085496386
0.0628923793645349
0.0642081701215081
0.0666695047796349
0.048532303762483
0.120529435239086
0.0783917852139041
0.0155677457557725
0.139509800892876
0.056951196764409
0.05404772217191
0.05404772217191
0.0387207147940933
0.0595633380457125
0.0958291445925035
0.0269216729918916
0.144518089750666
0.151759340839146
0.138873779623247
0.112810504712174
0.0369589557441641
0.0706065378566863
0.12431976802994
0.12431976802994
0.0836004770843505
0.0368154834365754
0.177000614239104
0.0309400968920851
0.0309029737873273
0.0570726476224957
0.131218765314156
0.0331206341211244
0.0452177222683952
0.0468789761565755
0.0917475167741498
0.112665580429866
0.0782492234710069
0.0219167157419517
0.0386547460117646
0.142764049825103
0.038269674633311
0.127449937402793
0.152671755725191
0.102556681393298
0.0483404562513855
0.13699104138927
0.0642891047358611
0.0455577876144833
0.0455577876144833
0.0871405532983224
0.00782195797123932
0.0346362253854499
0.105627728551834
0.0204788353652169
0.0703539883384762
0.0848576723912299
0.0848576723912299
0.142131979695431
0.0961317186839118
0.0139625200526833
0.0909172612717569
0.019050066692572
0.0283286247094735
0.0684108059094836
0.0617875856993481
0.143250688705234
0.043530136777454
0.0939595256527819
0.0313418806074338
0.053299533805858
0.0907994365767867
0.0686059703644721
0.0445416954593734
0.0581677875168176
0.0237983204921964
0.0567822964965795
0.0698952590490916
0.132132132132132
0.0617429680594064
0.0493664114712682
0.112693101277205
0.0742053007060452
0.0327508149777474
0.0655797321582584
0.0735729135725074
0.0735729135725074
0.0535958264031176
0.0769271114286126
0.0757809500848383
0.118528840932265
0.118528840932265
0.0254464521135559
0.0694785554338513
0.014815963745664
0.0442758347562872
0.0434353538837568
0.0766553839116314
0.0630775080700154
0.059440921290728
0.11690073879014
0.108522040470781
0.0633122323489974
0.036113567448595
0.0629826729127461
0.0330658484315228
0.0398972773475275
0.0311115973019033
0.108772542390972
0.00187444630292836
0.00187444630292836
0.0208655205110392
0.0840095831296457
0.0950084227718205
0.0664837462282282
0.0702991013051992
0.0807379293147127
0.12449629359582
0.12449629359582
0.12449629359582
0.0199749453098614
0.05432965312709
0.05432965312709
0.0626943975281341
0.00305052365391724
0.0772464604551438
0.0967534376241756
0.134915743506271
0.0376123876461559
0.0534797672559769
0.122931442080379
0.0540787115004796
0.09831135502326
0.0366298765238004
0.103141187628793
0.110704701350876
0.0177141980727588
0.104997822614474
0.0282028390632962
0.0282028390632962
0.00693227674411941
0.0770443430202275
0.118663782326533
0.118663782326533
0.100446893415166
0.0814168649220195
0.0488735968948037
0.0307467601082577
0.0162679706318944
0.098200500364252
0.0296427935252106
0.0238208681719506
0.0506442280008951
0.0356351757492398
0.0356351757492398
0.0234015283871967
0.0147752411204623
0.0319543052428736
0.00849882527388202
0.0999199080976984
0.0438236457337202
0.0227438104495369
0.0731089091020859
0.0523133503936237
0.0349572213451349
0.117457170771737
0.117457170771737
0.0141898000177485
0.108210668975643
0.0769091650187936
0.03113897396829
0.0506393596771475
0.0302239767517722
0.0615683366197064
0.02875960098099
0.0393212592500543
0.0483669693188175
0.0863158707566809
0.0863158707566809
0.0468191590047715
0.0151076370018044
0.00404092169364481
0.0531929689598414
0.0893918037950181
0.108225124382752
0.0206528897391139
0.0912810551736103
0.0130611127958386
0.0356577294583144
0.0615879904696118
0.0615879904696118
0.0310230518441643
0.109279508174939
0.0103646251078061
0.0771174771190536
0.0700629891558059
0.0189320239552137
0.0686729604268273
0.0567490054962769
0.0201857030569983
0.0514746125755869
0.0660603995307832
0.0861952394740248
0.0721092453768873
0.0340627115516566
0.0340627115516566
0.0482827332162367
0.0482827332162367
0.0583424048567433
0.0583424048567433
0.0463000283736434
0.0602053629669708
0.0983659532298546
0.0679230702974239
0.0532492450346592
0.0747859762138522
0.108382810137629
0.0643408100294936
0.097899068659302
0.0248503406830047
0.0132581137217781
0.0531045843039387
0.00338185432000662
0.0477415498638717
0.0891027950979167
0.0998382552506598
0.0315675021102099
0.0678981479891871
0.0321133743590865
0.103775976382148
0.0161623387114414
0.069891592803927
0.0863928977414357
0.0342739764338283
0.0508971227566695
0.0508971227566695
0.0519896022437749
0.0195845179415366
0.0147941735978666
0.0286861753202288
0.0780202704333705
0.0953932474370044
0.0412979742858431
0.0674750713880325
0.101408450704225
0.0257562866827392
0.117688864781321
0.0634478002595002
0.0191638237311372
0.0391716448806929
0.0391716448806929
0.0391716448806929
0.0809262840447276
0.0809262840447276
0.0422207758763028
0.0422207758763028
0.0460680166394279
0.0454015771534834
0.0454015771534834
0.0285152541886286
0.0699931088999895
0.0699931088999895
0.00928480260340256
0.0236173968102687
0.059083536883496
0.0349933917222836
0.00269552079748788
0.0515271937023598
0.0929328365534274
0.0345467111253296
0.0345467111253296
0.0500715253829531
0.0268342920929894
0.0799159472766545
0.0579096641363848
0.0714031064706868
0.0714031064706868
0.0297699585447301
0.0297699585447301
0.0145528508802728
0.036855042899413
0.036855042899413
0.0373702267148318
0.0736581688876926
0.0635399148973688
0.0290355082075429
0.0282507938950644
0.0395744788865377
0.0289273485286462
0.0392334854758847
0.0332336269859277
0.00984638041204389
0.00767453075639568
0.0723205702668271
0.0627022752172313
0.089767948792049
0.0373958886163674
0.0963855421686751
0.00618992777920999
0.010529985502385
0.0149882658859487
0.0361250210232311
0.0704440012290937
0.0316702789003839
0.02338227443872
0.0293059040210616
0.0293059040210616
0.0591263911625404
0.0169888833520776
0.0555380166736239
0.0250718678505549
0.0555410245929012
0.0555410245929012
0.0596804252175158
0.0297906537906539
0.0179129779810295
0.0778947695217301
0.0166240332497569
0.0106868330095189
0.0684704712796893
0.0697821567386785
0.0412968898616978
0.0476010481229165
0.0833644824711798
0.033837127329441
0.000879838114734465
0.000879838114734465
0.00515173636579574
0.0431908387588779
0.0343803272346132
0.0948549090470104
0.0181555704259784
0.0670587265347457
0.0433498779104019
0.0408888485799926
0.00432833461213767
0.0220728033020992
0.029244353602354
0.0334050028567717
0.0330185120730979
0.00742372386383616
0.0505787757454742
0.074074074074074
0.0169769684047591
0.0622436851526921
0.0226885801583694
0.0407053452264223
0.0383379089494878
0.0087398411799599
0.0717119382600966
0.0218800186058606
0.0652480684228829
0.0425001889218661
0.0794634700565431
0.017773500065676
0.0486644453135431
0.0486644453135431
0.00443422014236088
0.0800655107492908
0.0112635230657301
0.0235085727010603
0.0134685847257351
0.0164829832749048
0.0183529501942524
0.0712329058136687
0.0712329058136687
0.0481164269506773
0.0225319881240606
0.0365196782621112
0.043851348431162
0.035477724541323
0.052906904309876
0.0483438009735548
0.0475453279923112
0.0420867596023654
0.021383900896247
0.00311620530130953
0.00311620530130953
0.00311620530130953
0.00287369836055853
0.0159747554164905
0.0401254187554012
0.027829484272207
0.027829484272207
0.0238934435428541
0.0238934435428541
0.0229094057235223
5.84210199887016e-05
0.0472858725158668
0.00672418547589034
0.0480775981500719
0.0295402240788026
0.0627970362605479
0.0526204759230454
0.00903473134040643
0.0129319335326427
0.053032587091994
0.0551362193735117
0.0610706429598368
0.0198422363034869
0.0198422363034869
0.0120175901495162
0.0120175901495162
0.0119781959041373
0.0594176523537252
0.0259106706218946
0.0125722161846489
0.0125556064243639
0.0458542145001764
0.038599484747193
0.038599484747193
0.0242133505428445
0.0107995608302748
0.0121190721193922
0.0551661013582689
0.0171515883817773
0.0666574669500179
0.00896809470999431
0.0250209122947209
0.0197552504018118
0.032474854193751
0.00536379383924035
0.0583225772553815
0.0050238638353415
0.0050238638353415
0.0342797820472259
0.0144833335576724
0.0330176366971031
0.0135786967031107
0.0153629925317354
0.0239298818198546
0.00209968241944334
0.0249650851921309
0.0249650851921309
0.0559942274691806
0.0219391761675225
0.020931832681008
0.0253524865789631
0.0253524865789631
0.0190690895568715
0.00860413963599417
0.0287434843047067
0.0151069515982127
0.0151069515982127
0.0151069515982127
0.026829553598091
0.0370896648600897
0.0370896648600897
0.0441198599117932
0.0635340493851345
0.0635340493851345
0.0182673908715289
0.0435300783463259
0.00518518523908501
0.0014671750032342
0.0346437679585037
0.010135077531154
0.0146379824980361
0.024886723405596
0.0194777051307843
0.0194777051307843
0.0193972684518685
0.0301263952588482
0.0433397715956127
0.015957475388807
0.0112864666723579
0.0194292967570816
0.00377526114626086
0.00742359422137231
0.0399033251775071
0.0189309225874201
0.0118745253045407
0.0156782982761955
0.00279289756078203
0.00279289756078203
0.00370084138736154
0.0110380072726346
0.00985533031527635
0.0142297969837565
0.00241333715412303
0.00294503338621959
